READ TERR 1 2
NO	NO	NO	NO	NO	NO
!Time	Poserr	Negerr	Flux	PosErr	NegErr
!XRT wt mode data
115.939732	3.632204	-4.345380	1.93857496178925e-10	3.7480955094409e-11	-3.7480955094409e-11
126.702463	7.701956	-7.130528	1.10437465604171e-10	2.07451444004632e-11	-2.07451444004632e-11
140.451811	6.435042	-6.047391	1.28283516662898e-10	2.63088370971006e-11	-2.63088370971006e-11
151.342177	5.196396	-4.455324	1.8207849136238e-10	3.42025312202908e-11	-3.42025312202908e-11
163.934389	5.009966	-7.395816	1.41007618353015e-10	2.57443230970179e-11	-2.57443230970179e-11
172.618285	3.013767	-3.673930	2.52958219395225e-10	4.7516935540276e-11	-4.7516935540276e-11
182.066017	5.728083	-6.433965	1.36877271473855e-10	2.57117260368793e-11	-2.57117260368793e-11
190.701077	2.451740	-2.906977	3.12469152060249e-10	5.70488016647319e-11	-5.70488016647319e-11
201.097238	8.203888	-7.944422	1.56240580278876e-10	3.20423605711209e-11	-3.20423605711209e-11
213.779960	5.153314	-4.478834	1.67864835758083e-10	3.24554508103843e-11	-3.24554508103843e-11
221.233260	2.905706	-2.299985	3.19163508015993e-10	5.99532768954748e-11	-5.99532768954748e-11
227.306558	3.190963	-3.167592	2.69576839645427e-10	4.92177815552756e-11	-4.92177815552756e-11
244.978679	10.275962	-14.481158	1.9941497538401e-10	3.74591340571633e-11	-3.74591340571633e-11
259.714268	2.409547	-4.459626	2.34497153529857e-10	4.53383441508145e-11	-4.53383441508145e-11
265.283735	3.321403	-3.159921	2.46282728838559e-10	4.76169648434842e-11	-4.76169648434842e-11
272.098087	2.878068	-3.492949	2.690244149643e-10	5.05349256150111e-11	-5.05349256150111e-11
277.889627	3.395274	-2.913472	2.84777019204351e-10	5.34939562180911e-11	-5.34939562180911e-11
284.282509	3.462366	-2.997607	2.80584608822795e-10	5.27064095225232e-11	-5.27064095225232e-11
290.493830	2.383804	-2.748956	3.43896267265932e-10	6.27865494454223e-11	-6.27865494454223e-11
294.660604	1.917588	-1.782969	4.55290702100051e-10	8.55241225037368e-11	-8.55241225037368e-11
299.378125	1.882705	-2.799933	3.64264327045009e-10	7.04278550135462e-11	-7.04278550135462e-11
303.107029	1.808121	-1.846199	5.01689814879758e-10	9.15955954604487e-11	-9.15955954604487e-11
307.017222	2.244307	-2.102071	3.90321298492665e-10	7.54658200428339e-11	-7.54658200428339e-11
312.519130	3.997649	-3.257601	2.3502121063544e-10	4.29087872073289e-11	-4.29087872073289e-11
318.994812	2.099616	-2.478034	3.6302123028976e-10	6.81917475889995e-11	-6.81917475889995e-11
323.597816	2.079628	-2.503387	3.66341080545459e-10	6.88153440894401e-11	-6.88153440894401e-11
327.818548	1.863690	-2.141104	6.37062550167618e-10	1.02545097452453e-10	-1.02545097452453e-10
331.601516	1.959180	-1.919278	7.62303674812901e-10	1.13637530785811e-10	-1.13637530785811e-10
335.300853	1.681097	-1.740157	9.27302670207855e-10	1.38234139861367e-10	-1.38234139861367e-10
338.452221	1.315831	-1.470272	1.11104742449873e-09	1.65625179064288e-10	-1.65625179064288e-10
340.868313	1.260630	-1.100261	1.26985611737566e-09	1.92916932969132e-10	-1.92916932969132e-10
343.762544	1.124014	-1.633602	1.10147113508358e-09	1.67335842688794e-10	-1.67335842688794e-10
345.931478	0.780465	-1.044920	1.78727540253299e-09	2.6643125227687e-10	-2.6643125227687e-10
347.468095	0.791680	-0.756152	2.20263110786672e-09	3.28348893143694e-10	-3.28348893143694e-10
349.300794	0.924903	-1.041019	1.81897332139657e-09	2.71156506730208e-10	-2.71156506730208e-10
351.153907	1.051957	-0.928210	1.91060819100756e-09	2.84816645862968e-10	-2.84816645862968e-10
352.935049	0.822209	-0.729184	2.55327326007148e-09	3.87894073107034e-10	-3.87894073107034e-10
354.553050	0.680877	-0.795792	2.73652845684384e-09	4.31998516752668e-10	-4.31998516752668e-10
355.932214	0.707200	-0.698287	2.96981689368423e-09	4.42714156134567e-10	-4.42714156134567e-10
357.252620	0.639287	-0.613207	3.00909277413026e-09	4.65957795038784e-10	-4.65957795038784e-10
358.822497	0.777367	-0.930589	2.09043456506972e-09	3.11623620719149e-10	-3.11623620719149e-10
360.424057	0.773457	-0.824193	1.98499313116175e-09	3.07376036769484e-10	-3.07376036769484e-10
361.856198	0.656092	-0.658685	2.51934941079687e-09	3.75562402722545e-10	-3.75562402722545e-10
363.192455	0.591899	-0.680164	2.65519966684662e-09	3.95813795897478e-10	-3.95813795897478e-10
364.559385	0.943613	-0.775032	2.0207000305967e-09	3.01228172038642e-10	-3.01228172038642e-10
365.984081	0.445828	-0.481083	3.85453647320404e-09	5.74600368045033e-10	-5.74600368045033e-10
367.108993	0.564507	-0.679085	2.91104019286679e-09	4.42246133274559e-10	-4.42246133274559e-10
368.364448	0.609577	-0.690948	2.87599611908902e-09	4.36922176566948e-10	-4.36922176566948e-10
369.596661	0.633432	-0.622635	2.95066998112819e-09	4.56911065505356e-10	-4.56911065505356e-10
370.840712	0.405260	-0.610619	3.3086064516883e-09	4.93217944628422e-10	-4.93217944628422e-10
371.634960	0.368910	-0.388987	4.09560122106448e-09	6.10536170262717e-10	-6.10536170262717e-10
372.385348	0.379990	-0.381479	3.77920246430322e-09	5.63370251740677e-10	-5.63370251740677e-10
373.196138	0.515699	-0.430800	3.16295978745157e-09	4.8051781649059e-10	-4.8051781649059e-10
374.219330	0.390961	-0.507493	3.7057795238012e-09	5.52424965743264e-10	-5.52424965743264e-10
375.183633	0.549270	-0.573342	3.15039558247547e-09	4.78609029580367e-10	-4.78609029580367e-10
376.191522	0.438053	-0.458620	3.96110803831904e-09	5.90487122119494e-10	-5.90487122119494e-10
377.107303	0.443864	-0.477727	3.81047017455897e-09	5.68031371239978e-10	-5.68031371239978e-10
378.057953	0.448607	-0.506786	3.63630594809805e-09	5.42068516068531e-10	-5.42068516068531e-10
378.942052	0.518085	-0.435492	3.60996579992174e-09	5.38141927698212e-10	-5.38141927698212e-10
379.931302	0.521591	-0.471165	3.40441121300701e-09	5.17199156652817e-10	-5.17199156652817e-10
380.974536	0.421297	-0.521643	3.63153601858283e-09	5.41357419346974e-10	-5.41357419346974e-10
381.728714	0.531766	-0.332881	3.82379433634438e-09	5.80911989744592e-10	-5.80911989744592e-10
382.683599	0.475336	-0.423119	3.54536830619056e-09	5.38613442095139e-10	-5.38613442095139e-10
383.552425	0.437361	-0.393490	3.77183745899134e-09	5.62272325562241e-10	-5.62272325562241e-10
384.454071	0.453732	-0.464285	3.2809013667338e-09	4.89087906125675e-10	-4.89087906125675e-10
385.249847	0.460345	-0.342044	3.57707868696043e-09	5.43430900303507e-10	-5.43430900303507e-10
386.241546	0.464960	-0.531355	2.76996062930639e-09	4.20813236107701e-10	-4.20813236107701e-10
387.076568	0.464341	-0.370062	3.33267898463041e-09	5.06301582497905e-10	-5.06301582497905e-10
388.035538	0.396709	-0.494628	3.15588577506757e-09	4.79443111047054e-10	-4.79443111047054e-10
388.988067	0.534788	-0.555820	2.69599709411551e-09	4.01895522077293e-10	-4.01895522077293e-10
390.041259	0.563301	-0.518404	2.8573433341169e-09	4.2594757593071e-10	-4.2594757593071e-10
391.126259	0.645370	-0.521700	2.78271635684061e-09	4.14822835898975e-10	-4.14822835898975e-10
392.241484	0.435715	-0.469855	3.57973460252235e-09	5.33635352417046e-10	-5.33635352417046e-10
393.282212	0.471362	-0.605013	2.9601624241547e-09	4.41274931028364e-10	-4.41274931028364e-10
394.166544	0.512175	-0.412970	3.34997461857353e-09	5.08929187697472e-10	-5.08929187697472e-10
395.106325	0.369431	-0.427606	3.77616900738835e-09	5.73676720123912e-10	-5.73676720123912e-10
396.060935	0.514325	-0.585179	2.68057068904172e-09	3.99595892695687e-10	-3.99595892695687e-10
396.982641	0.478626	-0.407382	3.26708745429092e-09	4.87028611605178e-10	-4.87028611605178e-10
397.900560	0.462714	-0.439293	3.17534866075413e-09	4.73353022154638e-10	-4.73353022154638e-10
398.962033	0.577243	-0.598758	2.38659307938867e-09	3.62571947000679e-10	-3.62571947000679e-10
400.130747	0.677052	-0.591471	2.32939102255592e-09	3.4344998480545e-10	-3.4344998480545e-10
401.385523	0.662311	-0.577725	2.35482125997652e-09	3.57745161027681e-10	-3.57745161027681e-10
402.696872	0.710203	-0.649038	2.20204491597985e-09	3.34535338077644e-10	-3.34535338077644e-10
403.931931	0.405608	-0.524856	3.31505585150505e-09	4.94179321682012e-10	-4.94179321682012e-10
404.872437	0.464974	-0.534899	3.11873220565528e-09	4.64913162447235e-10	-4.64913162447235e-10
405.860893	0.625832	-0.523482	2.63763340921278e-09	4.00710044552766e-10	-4.00710044552766e-10
406.900343	0.324709	-0.413617	3.95467170163324e-09	6.00794919341392e-10	-6.00794919341392e-10
407.639855	0.465867	-0.414803	3.28741928073535e-09	4.90059533352125e-10	-4.90059533352125e-10
408.511510	0.401927	-0.405788	3.68492676400287e-09	5.49316475813656e-10	-5.49316475813656e-10
409.321735	0.527518	-0.408298	3.31196025463338e-09	4.93717901672915e-10	-4.93717901672915e-10
410.287989	0.399232	-0.438735	3.79554272871101e-09	5.65806129950922e-10	-5.65806129950922e-10
411.232344	0.561482	-0.545123	2.80321338613017e-09	4.1787837079658e-10	-4.1787837079658e-10
412.172594	0.304420	-0.378768	4.36876300041801e-09	6.63703808249666e-10	-6.63703808249666e-10
412.927275	0.487341	-0.450262	3.20270280432782e-09	4.86555594134845e-10	-4.86555594134845e-10
413.743496	0.311601	-0.328880	4.83028935796241e-09	7.47969965026148e-10	-7.47969965026148e-10
414.433002	0.419132	-0.377905	4.07045095971729e-09	6.18384110549977e-10	-6.18384110549977e-10
415.258307	0.440677	-0.406173	3.74616673634416e-09	5.80093682736418e-10	-5.80093682736418e-10
416.045263	0.276418	-0.346278	5.06817073948818e-09	7.55518256549214e-10	-7.55518256549214e-10
416.715500	0.385436	-0.393820	3.79956615040857e-09	5.88362534030115e-10	-5.88362534030115e-10
417.479526	0.302803	-0.378590	4.5845524000112e-09	6.75955400983619e-10	-6.75955400983619e-10
418.107923	0.323789	-0.325594	4.67258091456031e-09	7.09859940829387e-10	-7.09859940829387e-10
418.771617	0.348618	-0.339904	4.45303072945834e-09	6.7650580709103e-10	-6.7650580709103e-10
419.569517	0.344194	-0.449282	3.90517114590108e-09	5.82148530614594e-10	-5.82148530614594e-10
420.216342	0.284483	-0.302631	5.18351408299102e-09	7.8748104959002e-10	-7.8748104959002e-10
420.915130	0.334710	-0.414305	4.12089408988649e-09	6.14306605504812e-10	-6.14306605504812e-10
421.663633	0.450867	-0.413794	3.58804915077592e-09	5.3487478933302e-10	-5.3487478933302e-10
422.529988	0.356641	-0.415487	3.91776501596347e-09	6.06665624466704e-10	-6.06665624466704e-10
423.180794	0.323188	-0.294165	4.97944429946364e-09	7.42291748502851e-10	-7.42291748502851e-10
423.831611	0.220344	-0.327629	5.45264878582743e-09	8.28368057347387e-10	-8.28368057347387e-10
424.292121	0.313139	-0.240166	6.39507765823973e-09	8.78431456960522e-10	-8.78431456960522e-10
424.917611	0.377939	-0.312351	4.47966333904967e-09	6.9367554989862e-10	-6.9367554989862e-10
425.604715	0.269052	-0.309165	5.89876581797307e-09	8.79336059460618e-10	-8.79336059460618e-10
426.189214	0.341052	-0.315447	7.21479659281728e-09	9.21338861638333e-10	-9.21338861638333e-10
426.793448	0.300792	-0.263182	5.95361464726625e-09	8.68423933127135e-10	-8.68423933127135e-10
427.485002	0.333318	-0.390761	4.14418625279907e-09	6.17778838357697e-10	-6.17778838357697e-10
428.166051	0.349689	-0.347731	4.34840628567662e-09	6.48222128170519e-10	-6.48222128170519e-10
428.893199	0.392905	-0.377459	3.94813947006642e-09	6.23267963565221e-10	-6.23267963565221e-10
429.635582	0.299901	-0.349478	5.05670780587603e-09	7.53809484723783e-10	-7.53809484723783e-10
430.236912	0.376407	-0.301429	4.69662582597396e-09	7.00131666811107e-10	-7.00131666811107e-10
430.969921	0.294560	-0.356602	4.69867291123773e-09	7.00436820778446e-10	-7.00436820778446e-10
431.620647	0.254077	-0.356166	4.97388655756506e-09	7.41463224637471e-10	-7.41463224637471e-10
432.158187	0.316105	-0.283463	5.27303546752387e-09	8.01081170260008e-10	-8.01081170260008e-10
432.800681	0.333665	-0.326389	5.04654877398601e-09	7.81457704178713e-10	-7.81457704178713e-10
433.444984	0.379650	-0.310639	7.54111518205173e-09	9.14494565356519e-10	-9.14494565356519e-10
434.143407	0.286132	-0.318773	5.18025702901934e-09	7.72227125142858e-10	-7.72227125142858e-10
434.725613	0.339076	-0.296074	4.54928263354157e-09	6.78167021850259e-10	-6.78167021850259e-10
435.429645	0.403614	-0.364956	3.88254798899199e-09	5.8983788861375e-10	-5.8983788861375e-10
436.173479	0.371430	-0.340220	4.66227342328122e-09	6.95010658781179e-10	-6.95010658781179e-10
436.855922	0.265426	-0.311014	6.72886669662274e-09	9.78119810294057e-10	-9.78119810294057e-10
437.438408	0.286066	-0.317060	5.84230028760543e-09	8.70918697708219e-10	-8.70918697708219e-10
438.117264	0.398918	-0.392790	4.28016456201896e-09	6.38049247592747e-10	-6.38049247592747e-10
438.800265	0.263880	-0.284083	5.92805228731042e-09	9.00591537989531e-10	-9.00591537989531e-10
439.399494	0.312232	-0.335349	4.86653017794619e-09	7.25459494405561e-10	-7.25459494405561e-10
439.967547	0.290375	-0.255821	5.40733312038034e-09	8.21483684990679e-10	-8.21483684990679e-10
440.539702	0.237716	-0.281780	5.91157398442006e-09	8.445105607578e-10	-8.445105607578e-10
441.044940	0.305348	-0.267522	5.11532828210305e-09	7.77122207711906e-10	-7.77122207711906e-10
441.711505	0.316632	-0.361217	4.82889315501457e-09	7.19848906374327e-10	-7.19848906374327e-10
442.341966	0.314203	-0.313828	8.26943902373657e-09	1.05474315039179e-09	-1.05474315039179e-09
442.957479	0.337386	-0.301311	8.56030604106954e-09	1.05115767326133e-09	-1.05115767326133e-09
443.593250	0.290504	-0.298385	9.09644473817404e-09	1.10310595709188e-09	-1.10310595709188e-09
444.201424	0.317481	-0.317670	8.34558272041249e-09	1.00469010880308e-09	-1.00469010880308e-09
444.811471	0.335467	-0.292566	7.11801654326097e-09	9.32058518036832e-10	-9.32058518036832e-10
445.393400	0.260592	-0.246461	6.88243658420793e-09	1.00390657991515e-09	-1.00390657991515e-09
445.884098	0.275159	-0.230105	6.83117181327889e-09	9.96428813009556e-10	-9.96428813009556e-10
446.433652	0.271788	-0.274396	9.11585303251362e-09	1.10545956796347e-09	-1.10545956796347e-09
446.966053	0.296256	-0.260613	5.90572241668736e-09	8.80373147255988e-10	-8.80373147255988e-10
447.523729	0.284773	-0.261421	6.84321792256904e-09	9.5824216277541e-10	-9.5824216277541e-10
448.090988	0.238800	-0.282486	6.90982828670352e-09	1.03352959376843e-09	-1.03352959376843e-09
448.614691	0.350246	-0.284903	7.73116016489256e-09	9.89873605873084e-10	-9.89873605873084e-10
449.255478	0.300120	-0.290541	7.82963107732938e-09	1.04627846801455e-09	-1.04627846801455e-09
449.802764	0.291905	-0.247166	6.6350489152424e-09	9.89094681546892e-10	-9.89094681546892e-10
450.423140	0.301341	-0.328472	8.15745154875047e-09	1.00168943487309e-09	-1.00168943487309e-09
451.002163	0.257828	-0.277682	6.91499745774347e-09	1.00517611384387e-09	-1.00517611384387e-09
451.611060	0.303627	-0.351069	8.30003374247926e-09	1.0065269514655e-09	-1.0065269514655e-09
452.239337	0.298041	-0.324650	9.15714498081707e-09	1.11046697361798e-09	-1.11046697361798e-09
452.873571	0.298958	-0.336193	8.34049673871949e-09	1.03713457749733e-09	-1.03713457749733e-09
453.485567	0.327437	-0.313039	7.82413578934498e-09	9.48815813448645e-10	-9.48815813448645e-10
454.154088	0.263814	-0.341084	7.65802983568997e-09	9.52270378988654e-10	-9.52270378988654e-10
454.734364	0.331142	-0.316462	7.336809003301e-09	9.12326801935274e-10	-9.12326801935274e-10
455.303710	0.277746	-0.238203	6.36252450206312e-09	9.48469122345338e-10	-9.48469122345338e-10
455.929894	0.318739	-0.348438	7.56481334822305e-09	9.28916755693467e-10	-9.28916755693467e-10
456.465992	0.286126	-0.217359	7.1651761327436e-09	1.05271872672887e-09	-1.05271872672887e-09
457.012444	0.285856	-0.260326	7.0055879167581e-09	1.00775793806538e-09	-1.00775793806538e-09
457.612804	0.301076	-0.314504	8.63963042408936e-09	1.04770906475639e-09	-1.04770906475639e-09
458.298623	0.319791	-0.384743	4.99070143073264e-09	7.43969863461937e-10	-7.43969863461937e-10
458.933824	0.312612	-0.315410	8.49889095686383e-09	1.03064188118365e-09	-1.03064188118365e-09
459.516489	0.260123	-0.270053	6.77753845475073e-09	9.992935363973e-10	-9.992935363973e-10
460.078801	0.315170	-0.302188	8.09376654995343e-09	9.81513381439244e-10	-9.81513381439244e-10
460.697204	0.312347	-0.303233	7.41912969196621e-09	9.22563288155978e-10	-9.22563288155978e-10
461.307359	0.351577	-0.297808	6.73081213752037e-09	8.36971499869995e-10	-8.36971499869995e-10
461.983350	0.291154	-0.324414	7.14410115383971e-09	8.66349495212812e-10	-8.66349495212812e-10
462.590572	0.287047	-0.316068	7.03000121085538e-09	8.96656373765319e-10	-8.96656373765319e-10
463.165526	0.217357	-0.287907	6.10344645609983e-09	9.06560808340311e-10	-9.06560808340311e-10
463.665836	0.297037	-0.282953	7.96840709595399e-09	9.66311327518214e-10	-9.66311327518214e-10
464.247290	0.327605	-0.284417	7.81411360902192e-09	9.47600428729842e-10	-9.47600428729842e-10
464.857475	0.244039	-0.282581	9.6198052044825e-09	1.16384362025444e-09	-1.16384362025444e-09
465.408954	0.297454	-0.307440	8.34385857155877e-09	1.03755264955975e-09	-1.03755264955975e-09
466.000923	0.287257	-0.294515	9.08306193530794e-09	1.11534921001156e-09	-1.11534921001156e-09
466.499579	0.300991	-0.211399	1.14506518052449e-08	1.34947222867354e-09	-1.34947222867354e-09
467.098028	0.227381	-0.297458	1.09282696139287e-08	1.32524735609326e-09	-1.32524735609326e-09
467.597401	0.258179	-0.271992	1.03422718769008e-08	1.25418467043724e-09	-1.25418467043724e-09
468.165068	0.274064	-0.309488	8.88902135266209e-09	1.07795214020924e-09	-1.07795214020924e-09
468.709535	0.256220	-0.270403	9.42940022512861e-09	1.15787762495482e-09	-1.15787762495482e-09
469.310511	0.283270	-0.344756	7.96280666358083e-09	9.65632170794628e-10	-9.65632170794628e-10
469.854750	0.258527	-0.260969	1.05250160639806e-08	1.22918365358252e-09	-1.22918365358252e-09
470.442457	0.316644	-0.329180	7.56455067025917e-09	9.28884527858974e-10	-9.28884527858974e-10
471.051495	0.351654	-0.292393	7.46409110427017e-09	9.28154218169615e-10	-9.28154218169615e-10
471.647887	0.256977	-0.244738	9.32251741609899e-09	1.15039630403509e-09	-1.15039630403509e-09
472.152953	0.260743	-0.248089	8.92808223873873e-09	1.08268899184891e-09	-1.08268899184891e-09
472.660193	0.256987	-0.246497	9.58014129321825e-09	1.12127072059046e-09	-1.12127072059046e-09
473.178390	0.293871	-0.261209	8.61530691094296e-09	1.07130708633609e-09	-1.07130708633609e-09
473.734525	0.253684	-0.262265	1.1568358118208e-08	1.32421708416527e-09	-1.32421708416527e-09
474.223865	0.271397	-0.235656	1.04825435374536e-08	1.27119513126679e-09	-1.27119513126679e-09
476.875262	2.537464	-2.380000	1.13573778019731e-08	1.46211916706248e-09	-1.46211916706248e-09
481.755348	2.138979	-2.342621	1.32443472681258e-08	1.66148103629179e-09	-1.66148103629179e-09
485.872263	2.355992	-1.977936	1.34144726398719e-08	1.72694419252048e-09	-1.72694419252048e-09
491.225432	3.404082	-2.997177	8.71076747216082e-09	1.18248104502376e-09	-1.18248104502376e-09
497.064850	2.058714	-2.435335	1.31876529897466e-08	1.68308434302452e-09	-1.68308434302452e-09
500.811491	1.877417	-1.687928	1.66737627899926e-08	2.18439804466467e-09	-2.18439804466467e-09
503.972578	1.194648	-1.283670	2.50798053227414e-08	3.20082935885522e-09	-3.20082935885522e-09
506.936863	1.592900	-1.769638	1.80862218322848e-08	2.43328650651809e-09	-2.43328650651809e-09
510.689013	1.672962	-2.159250	1.66167114935691e-08	2.13919204196509e-09	-2.13919204196509e-09
514.114383	1.473131	-1.752407	2.05284653226678e-08	2.55336832910797e-09	-2.55336832910797e-09
516.652876	1.064241	-1.065361	2.98926548597043e-08	3.95084903658279e-09	-3.95084903658279e-09
519.008655	1.007092	-1.291538	2.89212474745481e-08	3.6910963296663e-09	-3.6910963296663e-09
521.143368	1.194128	-1.127621	2.98919231534621e-08	3.7498913101488e-09	-3.7498913101488e-09
523.468432	1.018217	-1.130936	3.25706126300088e-08	4.12114381447307e-09	-4.12114381447307e-09
525.628197	1.110816	-1.141548	3.20057368696985e-08	4.01506566278511e-09	-4.01506566278511e-09
527.920380	0.918012	-1.181367	3.42432646160876e-08	4.33278369706961e-09	-4.33278369706961e-09
529.844649	0.966779	-1.006257	3.59274669493534e-08	4.625208337271e-09	-4.625208337271e-09
531.791007	0.931190	-0.979579	3.73854191266322e-08	4.73035890274981e-09	-4.73035890274981e-09
533.718118	0.715583	-0.995921	4.1416853990436e-08	5.28585774193044e-09	-5.28585774193044e-09
535.414268	0.866137	-0.980567	3.74911107367924e-08	4.91163927390842e-09	-4.91163927390842e-09
537.113234	0.622502	-0.832829	4.88214639005958e-08	6.17735614969971e-09	-6.17735614969971e-09
538.769207	0.932451	-1.033472	3.5260885896783e-08	4.57914512588189e-09	-4.57914512588189e-09
540.885083	1.044047	-1.183425	3.22120974316085e-08	4.0436171997666e-09	-4.0436171997666e-09
542.978033	0.874324	-1.048903	3.67621086308251e-08	4.53386356570492e-09	-4.53386356570492e-09
545.091141	1.136334	-1.238785	2.71847028471417e-08	3.59294473430977e-09	-3.59294473430977e-09
547.343134	1.077976	-1.115659	2.89599870374193e-08	3.76088063826133e-09	-3.76088063826133e-09
549.320019	0.803705	-0.898908	3.70507000711222e-08	4.68800708718571e-09	-4.68800708718571e-09
551.103898	0.879005	-0.980175	3.14788229959179e-08	4.19752597520911e-09	-4.19752597520911e-09
553.131019	1.177203	-1.148116	2.362626620894e-08	3.23629045949254e-09	-3.23629045949254e-09
555.180696	0.979584	-0.872474	3.03311377067065e-08	3.87103466536586e-09	-3.87103466536586e-09
557.061643	0.678509	-0.901363	3.67452275245823e-08	4.81392253897497e-09	-4.81392253897497e-09
558.542490	0.483934	-0.802339	5.10971845725255e-08	6.46530198357109e-09	-6.46530198357109e-09
559.566264	0.552544	-0.539840	6.19795285628952e-08	8.19170331307151e-09	-8.19170331307151e-09
560.708916	0.560975	-0.590109	6.27419398135809e-08	8.36628868122581e-09	-8.36628868122581e-09
561.801114	0.714170	-0.531223	6.00393413791176e-08	7.66256695615509e-09	-7.66256695615509e-09
563.173932	0.609861	-0.658648	5.38968378178866e-08	7.25117982672993e-09	-7.25117982672993e-09
564.291022	0.433915	-0.507229	7.33020516107633e-08	9.27487301141011e-09	-9.27487301141011e-09
565.429640	0.800436	-0.704702	4.43777325158431e-08	5.61832443371781e-09	-5.61832443371781e-09
566.951981	0.642685	-0.721906	5.11062459019972e-08	6.35668910820884e-09	-6.35668910820884e-09
568.211810	0.608663	-0.617144	6.07106548111736e-08	7.81573121568238e-09	-7.81573121568238e-09
569.441370	0.531982	-0.620897	7.00245710796191e-08	9.09372136542884e-09	-9.09372136542884e-09
570.481073	0.406727	-0.507722	1.43767908561137e-07	1.51558721101282e-08	-1.51558721101282e-08
571.255296	0.417088	-0.367496	1.76037230169545e-07	1.86659494201618e-08	-1.86659494201618e-08
572.148945	0.480615	-0.476561	1.40857621723085e-07	1.46782094990382e-08	-1.46782094990382e-08
573.148135	0.495509	-0.518576	1.24907588945123e-07	1.27213738421851e-08	-1.27213738421851e-08
574.236669	0.590099	-0.593025	9.44039698419897e-08	9.95197411456548e-09	-9.95197411456548e-09
575.396827	0.570364	-0.570059	9.25551414823525e-08	9.37793744935992e-09	-9.37793744935992e-09
576.435759	0.492145	-0.468569	6.79422361629472e-08	9.05971930885959e-09	-9.05971930885959e-09
577.427938	0.590575	-0.500033	7.85017464535984e-08	8.99844455058202e-09	-8.99844455058202e-09
578.601727	0.537639	-0.583215	6.11657565919888e-08	7.73927348883624e-09	-7.73927348883624e-09
579.652341	0.449518	-0.512975	6.93268800247908e-08	9.00311595144536e-09	-9.00311595144536e-09
580.644267	0.621124	-0.542408	5.71384757986836e-08	7.29234169810697e-09	-7.29234169810697e-09
581.693692	0.479037	-0.428301	7.34808095948537e-08	9.13967856635679e-09	-9.13967856635679e-09
582.761831	0.503288	-0.589102	5.78680438044373e-08	7.51501736327052e-09	-7.51501736327052e-09
583.802084	0.589204	-0.536965	5.52866073231079e-08	6.99538758029835e-09	-6.99538758029835e-09
584.959372	0.559887	-0.568084	5.30230768271322e-08	6.65165553392174e-09	-6.65165553392174e-09
586.003668	0.447837	-0.484409	6.15040090606258e-08	7.71557417646544e-09	-7.71557417646544e-09
587.115371	0.823489	-0.663866	3.6955238733848e-08	4.67592843416251e-09	-4.67592843416251e-09
588.794712	0.981973	-0.855852	2.89076559037595e-08	3.62641661646367e-09	-3.62641661646367e-09
590.866007	1.059871	-1.089322	2.30913807490246e-08	2.97272412036359e-09	-2.97272412036359e-09
593.194160	1.240248	-1.268282	1.96620327526479e-08	2.50938196854209e-09	-2.50938196854209e-09
595.659823	1.272461	-1.225415	1.9784541090255e-08	2.50332836822626e-09	-2.50332836822626e-09
598.246836	1.403953	-1.314552	1.78712733290944e-08	2.28083492522205e-09	-2.28083492522205e-09
601.646121	1.856457	-1.995331	1.29009352124303e-08	1.57767970524591e-09	-1.57767970524591e-09
604.988319	1.335925	-1.485741	1.73152113377285e-08	2.1354815788766e-09	-2.1354815788766e-09
607.968801	1.579212	-1.644558	1.50037715721351e-08	1.88219783195279e-09	-1.88219783195279e-09
611.649075	1.948206	-2.101061	1.16784819987399e-08	1.4904752236731e-09	-1.4904752236731e-09
613.872631	0.256610	-0.275350	7.81430044371031e-09	9.59552379684404e-10	-9.59552379684404e-10
614.375203	0.262865	-0.245962	1.00559376919685e-08	1.10378256893703e-09	-1.10378256893703e-09
614.895077	0.258929	-0.257009	7.87287660612965e-09	9.83702868039155e-10	-9.83702868039155e-10
615.430168	0.284262	-0.276161	7.10363532475066e-09	8.61442311381243e-10	-8.61442311381243e-10
615.959363	0.279910	-0.244934	9.83442698888249e-09	1.04244715201875e-09	-1.04244715201875e-09
616.520172	0.263517	-0.280898	7.32509932899416e-09	8.88298775687522e-10	-8.88298775687522e-10
617.033190	0.259330	-0.249502	9.15783716622601e-09	1.04148747225224e-09	-1.04148747225224e-09
617.575105	0.249351	-0.282585	7.58601193891611e-09	9.31519825377662e-10	-9.31519825377662e-10
618.079867	0.271202	-0.255411	7.50133493983114e-09	9.3278548244635e-10	-9.3278548244635e-10
618.576642	0.279697	-0.225573	8.78656102701718e-09	1.00132156512479e-09	-1.00132156512479e-09
619.110812	0.249021	-0.254473	5.65961036167667e-09	8.16894412029852e-10	-8.16894412029852e-10
619.613163	0.269732	-0.253329	8.93217191813762e-09	1.01136928979838e-09	-1.01136928979838e-09
620.193488	0.251602	-0.310593	7.02065607690531e-09	8.51379633340135e-10	-8.51379633340135e-10
620.693654	0.262043	-0.248563	8.09544977345714e-09	9.54057887573934e-10	-9.54057887573934e-10
621.272046	0.261869	-0.316349	6.83721450194287e-09	8.29134036099622e-10	-8.29134036099622e-10
621.782941	0.254468	-0.249027	8.64129252619947e-09	9.97810527541666e-10	-9.97810527541666e-10
622.340076	0.280889	-0.302667	6.65000203418286e-09	8.16583043047624e-10	-8.16583043047624e-10
622.894117	0.308619	-0.273152	6.68055113524378e-09	8.1013581633011e-10	-8.1013581633011e-10
623.457789	0.246653	-0.255053	8.69735613677277e-09	9.91155713260024e-10	-9.91155713260024e-10
623.973483	0.309173	-0.269042	6.69296330142853e-09	8.1164103112714e-10	-8.1164103112714e-10
624.553539	0.236170	-0.270883	5.29277361960005e-09	7.86149485662759e-10	-7.86149485662759e-10
625.086072	0.296088	-0.296363	6.74495034341739e-09	8.17945356638948e-10	-8.17945356638948e-10
625.677184	0.277860	-0.295024	7.19109738311076e-09	8.72048679049608e-10	-8.72048679049608e-10
626.267301	0.296194	-0.312258	6.86160720541019e-09	8.32092118359663e-10	-8.32092118359663e-10
626.885070	0.306448	-0.321575	6.47919683973847e-09	7.85718014764061e-10	-7.85718014764061e-10
627.513697	0.277378	-0.322179	6.56332663076109e-09	8.26540804790397e-10	-8.26540804790397e-10
628.078923	0.309932	-0.287849	6.88642708705878e-09	8.35101962462126e-10	-8.35101962462126e-10
628.680798	0.241797	-0.291943	5.32999795579829e-09	7.83091519763222e-10	-7.83091519763222e-10
629.171010	0.255060	-0.248415	5.60128913030807e-09	8.08476449835391e-10	-8.08476449835391e-10
629.722709	0.237101	-0.296638	4.8648526371601e-09	7.2520940379606e-10	-7.2520940379606e-10
630.228857	0.280702	-0.269047	5.09777466044291e-09	7.28253522920415e-10	-7.28253522920415e-10
630.825902	0.297446	-0.316343	6.29140541397928e-09	7.62944967943834e-10	-7.62944967943834e-10
631.421023	0.326796	-0.297675	5.1911533803404e-09	7.05926098508892e-10	-7.05926098508892e-10
632.011209	0.249000	-0.263390	4.87139285217588e-09	7.40063470229469e-10	-7.40063470229469e-10
632.520118	0.334315	-0.259908	4.17581003057865e-09	6.34390334762873e-10	-6.34390334762873e-10
633.090142	0.319368	-0.235709	4.52458826652522e-09	6.87376811441972e-10	-6.87376811441972e-10
633.685720	0.280658	-0.276210	5.29445262775666e-09	7.48748691703031e-10	-7.48748691703031e-10
634.280521	0.296101	-0.314143	4.44263538766535e-09	6.62268999192888e-10	-6.62268999192888e-10
634.833332	0.309053	-0.256711	4.70854096432488e-09	7.01907856267505e-10	-7.01907856267505e-10
635.396202	0.375995	-0.253817	3.9837554048208e-09	6.28890444553923e-10	-6.28890444553923e-10
636.077004	0.332110	-0.304807	4.06140409398505e-09	6.05438397630307e-10	-6.05438397630307e-10
636.666057	0.260779	-0.256943	5.06235894416398e-09	7.46404109087398e-10	-7.46404109087398e-10
637.195762	0.289722	-0.268926	4.83869589596743e-09	6.98405591789326e-10	-6.98405591789326e-10
637.840395	0.335393	-0.354911	3.57889893592763e-09	5.43707425947196e-10	-5.43707425947196e-10
638.465741	0.345199	-0.289953	3.9141216960622e-09	5.94634545236295e-10	-5.94634545236295e-10
639.197268	0.250589	-0.386328	4.01976891124707e-09	5.99231781557828e-10	-5.99231781557828e-10
639.753026	0.317519	-0.305169	4.09120887677828e-09	6.21537710913956e-10	-6.21537710913956e-10
640.336701	0.283596	-0.266156	4.7493046881772e-09	7.07984548346643e-10	-7.07984548346643e-10
641.105819	0.459167	-0.485522	2.7211481514589e-09	4.13397653288798e-10	-4.13397653288798e-10
641.890277	0.297397	-0.325291	4.07896473413181e-09	6.08056145039054e-10	-6.08056145039054e-10
642.533641	0.333661	-0.345968	3.68031621949762e-09	5.48629152143299e-10	-5.48629152143299e-10
643.163080	0.246854	-0.295778	4.64737306831677e-09	6.98025347884306e-10	-6.98025347884306e-10
643.756784	0.370125	-0.346851	3.5646453522784e-09	5.25578288134431e-10	-5.25578288134431e-10
644.462248	0.353185	-0.335339	3.60525114842983e-09	5.47710854864824e-10	-5.47710854864824e-10
645.168687	0.269440	-0.353254	4.00579772522051e-09	6.08562010285554e-10	-6.08562010285554e-10
645.762903	0.308583	-0.324776	3.9591628084341e-09	6.01477211470891e-10	-6.01477211470891e-10
646.413265	0.352078	-0.341779	3.51905360996577e-09	5.55530865135462e-10	-5.55530865135462e-10
647.068974	0.272809	-0.303631	4.4957148062932e-09	6.62856969738358e-10	-6.62856969738358e-10
647.616436	0.282216	-0.274653	4.55873634127261e-09	6.79576311867074e-10	-6.79576311867074e-10
648.288189	0.350579	-0.389538	3.38201302404819e-09	5.13796426566463e-10	-5.13796426566463e-10
649.107399	0.362208	-0.468631	3.06425363389303e-09	4.56791956355736e-10	-4.56791956355736e-10
649.878804	0.348713	-0.409197	3.44520815911825e-09	5.07968205156907e-10	-5.07968205156907e-10
650.595396	0.311750	-0.367880	3.71054746502893e-09	5.63707485084665e-10	-5.63707485084665e-10
651.315696	0.381385	-0.408550	3.2316539489176e-09	4.81746513656326e-10	-4.81746513656326e-10
652.024787	0.303874	-0.327706	4.0506027936161e-09	6.27235535909354e-10	-6.27235535909354e-10
652.590256	0.268559	-0.261595	5.27643879722629e-09	7.83723200824872e-10	-7.83723200824872e-10
653.081688	0.282401	-0.222873	5.40791616513089e-09	8.27572548845206e-10	-8.27572548845206e-10
653.653180	0.244648	-0.289091	5.05803155293208e-09	7.68417703644349e-10	-7.68417703644349e-10
654.227479	0.248556	-0.329651	4.64042799948132e-09	7.04975223740041e-10	-7.04975223740041e-10
654.737524	0.268685	-0.261489	5.07076400203796e-09	7.55904870453679e-10	-7.55904870453679e-10
655.285608	0.321948	-0.279398	4.44700443059469e-09	6.6292026328034e-10	-6.6292026328034e-10
655.925655	0.363309	-0.318099	3.91839882720859e-09	6.06763791227324e-10	-6.06763791227324e-10
656.542403	0.260730	-0.253439	5.88177402827857e-09	8.54984947521117e-10	-8.54984947521117e-10
657.084518	0.239897	-0.281384	6.07096070063192e-09	8.76267695637626e-10	-8.76267695637626e-10
657.586813	0.274889	-0.262399	6.61262542086881e-09	9.25952793251025e-10	-9.25952793251025e-10
658.136531	0.266023	-0.274829	8.75787481188734e-09	1.06204832745106e-09	-1.06204832745106e-09
658.705899	0.294445	-0.303344	7.52973305689235e-09	9.13114260127506e-10	-9.13114260127506e-10
659.258054	0.254674	-0.257710	5.90689175885854e-09	8.61608733646679e-10	-8.61608733646679e-10
659.830494	0.352954	-0.317767	6.02902330241108e-09	7.63713793904368e-10	-7.63713793904368e-10
660.502594	0.319562	-0.319146	6.70713022420339e-09	8.23598106620745e-10	-8.23598106620745e-10
661.145328	0.324429	-0.323172	6.70831740806336e-09	8.23743889141788e-10	-8.23743889141788e-10
661.732545	0.272721	-0.262788	5.48119652918658e-09	8.38786657961996e-10	-8.38786657961996e-10
662.302459	0.309486	-0.297193	7.22066738480122e-09	8.97884676079089e-10	-8.97884676079089e-10
662.878809	0.249084	-0.266865	8.67534446216965e-09	1.05734390781025e-09	-1.05734390781025e-09
663.388560	0.253503	-0.260667	5.89999097548139e-09	8.76341047213433e-10	-8.76341047213433e-10
663.948964	0.319353	-0.306901	7.11331366659203e-09	8.62615992587426e-10	-8.62615992587426e-10
664.568165	0.271228	-0.299848	7.96646754845656e-09	9.59049996283647e-10	-9.59049996283647e-10
665.111700	0.291667	-0.272307	7.96226931117524e-09	9.65566981107696e-10	-9.65566981107696e-10
665.956358	0.873868	-0.552991	1.07759538036933e-08	1.30677637071431e-09	-1.30677637071431e-09
667.910198	1.079880	-1.079972	1.06015277020752e-08	1.32611689370352e-09	-1.32611689370352e-09
669.948477	0.973719	-0.958400	1.18915808329189e-08	1.47210543308545e-09	-1.47210543308545e-09
672.001637	1.062615	-1.079441	1.07242857986595e-08	1.32760140415724e-09	-1.32760140415724e-09
673.881076	0.926727	-0.816823	1.29882508237306e-08	1.67672129770768e-09	-1.67672129770768e-09
675.815199	0.944273	-1.007396	1.1948858278541e-08	1.52631673514657e-09	-1.52631673514657e-09
677.615642	0.682762	-0.856169	1.53648643497035e-08	1.96266869347484e-09	-1.96266869347484e-09
679.013331	0.608744	-0.714927	1.77727115604251e-08	2.29437244288999e-09	-2.29437244288999e-09
680.286795	0.706975	-0.664720	1.73059356045522e-08	2.21061618537898e-09	-2.21061618537898e-09
681.538399	0.560212	-0.544630	2.19217011323238e-08	2.7137733715292e-09	-2.7137733715292e-09
682.633141	0.586314	-0.534529	2.12852076974564e-08	2.66250995411132e-09	-2.66250995411132e-09
684.030862	0.624347	-0.811408	1.63940080676478e-08	2.07731136930183e-09	-2.07731136930183e-09
685.194040	0.512614	-0.538831	2.21939875327002e-08	2.83500346084745e-09	-2.83500346084745e-09
686.139529	0.538531	-0.432875	2.47658145471741e-08	3.06585729217485e-09	-3.06585729217485e-09
687.276735	0.527500	-0.598674	2.12718146955306e-08	2.68879292112024e-09	-2.68879292112024e-09
688.270661	0.544103	-0.466426	2.35953030889155e-08	2.92095506658619e-09	-2.92095506658619e-09
689.267241	0.478005	-0.452477	2.42301994733029e-08	3.12800330807008e-09	-3.12800330807008e-09
690.071063	0.328900	-0.325816	3.45617167050591e-08	4.32323306383378e-09	-4.32323306383378e-09
690.899242	0.550395	-0.499279	2.17355674648489e-08	2.83596083864872e-09	-2.83596083864872e-09
691.828322	0.386343	-0.378686	3.21785645619154e-08	4.02513096200586e-09	-4.02513096200586e-09
692.598434	0.445290	-0.383770	3.08505821980616e-08	3.81911454819313e-09	-3.81911454819313e-09
693.466332	0.399348	-0.422607	3.06606422041838e-08	3.83525803622088e-09	-3.83525803622088e-09
694.212743	0.332566	-0.347063	3.67942225471222e-08	4.60249126574858e-09	-4.60249126574858e-09
694.809492	0.267777	-0.264183	4.72556497271893e-08	5.84996221370873e-09	-5.84996221370873e-09
695.422816	0.284262	-0.345546	4.146154813538e-08	5.07990668999964e-09	-5.07990668999964e-09
695.991833	0.387742	-0.284755	3.89799109254751e-08	4.92712585664805e-09	-4.92712585664805e-09
696.618381	0.264689	-0.238805	5.51253178902998e-08	6.7540042384815e-09	-6.7540042384815e-09
697.176267	0.256555	-0.293197	4.97409661630475e-08	6.09430852957494e-09	-6.09430852957494e-09
697.690330	0.249538	-0.257509	5.62587488188309e-08	6.71221730049744e-09	-6.71221730049744e-09
698.200383	0.248307	-0.260515	5.15009057697507e-08	6.30993793591982e-09	-6.30993793591982e-09
698.794514	0.362258	-0.345824	3.51092558489572e-08	4.48476699508822e-09	-4.48476699508822e-09
699.449783	0.276302	-0.293010	4.29521605824167e-08	5.42922488573204e-09	-5.42922488573204e-09
700.120576	0.358082	-0.394491	3.17621496299326e-08	4.01478880996708e-09	-4.01478880996708e-09
700.760728	0.328167	-0.282070	4.06669246684068e-08	5.08691731943118e-09	-5.08691731943118e-09
701.364405	0.240429	-0.275510	5.8938734152933e-08	6.74976139740108e-09	-6.74976139740108e-09
701.973771	0.228847	-0.368937	4.59635653723451e-08	5.63149796223021e-09	-5.63149796223021e-09
702.478470	0.236539	-0.275851	5.15789768671422e-08	6.51966883967093e-09	-6.51966883967093e-09
702.992272	0.300948	-0.277264	4.5384530528063e-08	5.61832896481979e-09	-5.61832896481979e-09
703.639076	0.285724	-0.345856	4.01035439558892e-08	5.01644551805418e-09	-5.01644551805418e-09
704.176013	0.275409	-0.251214	4.77085123424114e-08	6.04522306999383e-09	-6.04522306999383e-09
704.799717	0.290415	-0.348294	4.03977922905291e-08	4.9495743600743e-09	-4.9495743600743e-09
705.379355	0.253412	-0.289223	4.68357302603134e-08	5.92011455206394e-09	-5.92011455206394e-09
705.936423	0.390202	-0.303656	3.68231171977376e-08	4.60610561961739e-09	-4.60610561961739e-09
706.634027	0.249457	-0.307401	4.27763341474985e-08	5.70235629623865e-09	-5.70235629623865e-09
707.216937	0.333710	-0.333453	3.63151150992995e-08	4.63880040007828e-09	-4.63880040007828e-09
707.836081	0.219830	-0.285434	5.24408564115744e-08	6.53276994425179e-09	-6.53276994425179e-09
708.354462	0.304571	-0.298552	4.06892408647369e-08	5.36605967204877e-09	-5.36605967204877e-09
708.963399	0.321890	-0.304366	4.19051031829123e-08	5.29687509414976e-09	-5.29687509414976e-09
709.538418	0.253923	-0.253130	5.69556707588076e-08	6.76406344434333e-09	-6.76406344434333e-09
710.066275	0.229565	-0.273934	5.06736706232237e-08	6.16250970385424e-09	-6.16250970385424e-09
710.649251	0.299506	-0.353411	3.54443238610071e-08	4.48022176320968e-09	-4.48022176320968e-09
711.248481	0.298045	-0.299724	3.76731315933341e-08	4.66370465600015e-09	-4.66370465600015e-09
711.910566	0.326264	-0.364039	2.9885640182459e-08	3.94129074626771e-09	-3.94129074626771e-09
712.614649	0.332055	-0.377819	2.92504594228387e-08	3.69730695210345e-09	-3.69730695210345e-09
713.214424	0.262465	-0.267719	4.3167469263937e-08	5.18733271220831e-09	-5.18733271220831e-09
713.923892	0.287765	-0.447003	3.0415783413179e-08	3.77524791735302e-09	-3.77524791735302e-09
714.547442	0.327823	-0.335786	3.19697224654696e-08	4.08373096246436e-09	-4.08373096246436e-09
715.232685	0.334663	-0.357420	2.98139871525034e-08	3.76853779844824e-09	-3.76853779844824e-09
715.931120	0.354988	-0.363772	2.7970304348658e-08	3.53549322983016e-09	-3.53549322983016e-09
716.717534	0.513284	-0.431426	2.11454442769821e-08	2.64502732206328e-09	-2.64502732206328e-09
717.688722	0.383626	-0.457905	2.34185815853439e-08	2.96014782776652e-09	-2.96014782776652e-09
718.504574	0.567644	-0.432226	2.06377845797767e-08	2.55483228940034e-09	-2.55483228940034e-09
719.561899	0.545757	-0.489681	2.04568790777101e-08	2.55889649910673e-09	-2.55889649910673e-09
720.569409	0.475851	-0.461753	2.197558245948e-08	2.72044354734062e-09	-2.72044354734062e-09
721.631946	0.576827	-0.586685	1.67457293483559e-08	2.11668816536322e-09	-2.11668816536322e-09
722.831565	0.576340	-0.622792	1.68945556733482e-08	2.07560898815942e-09	-2.07560898815942e-09
724.177701	0.457789	-0.769796	1.63282380530265e-08	2.04245583436534e-09	-2.04245583436534e-09
725.181000	0.571779	-0.545509	1.73177787509306e-08	2.25954726451995e-09	-2.25954726451995e-09
726.517454	0.797391	-0.764676	1.29021540652883e-08	1.59720823530907e-09	-1.59720823530907e-09
728.106240	0.646142	-0.791395	1.38119551935636e-08	1.72770070832574e-09	-1.72770070832574e-09
729.392365	0.712141	-0.639984	1.45308009495105e-08	1.81761920691782e-09	-1.81761920691782e-09
730.908269	0.792121	-0.803763	1.22410614569343e-08	1.51536898640017e-09	-1.51536898640017e-09
732.672588	1.004398	-0.972198	9.7455005354584e-09	1.20643373694148e-09	-1.20643373694148e-09
734.668360	1.036798	-0.991374	9.45860627240356e-09	1.17091797852786e-09	-1.17091797852786e-09
736.880469	1.174907	-1.175311	8.1603190028865e-09	1.01019788054146e-09	-1.01019788054146e-09
739.064712	1.150510	-1.009336	8.78818534719164e-09	1.09929068574813e-09	-1.09929068574813e-09
741.369258	1.327834	-1.154037	7.67939186834968e-09	9.60594648920279e-10	-9.60594648920279e-10
743.722506	0.990324	-1.025414	9.35981850505535e-09	1.18309671862401e-09	-1.18309671862401e-09
745.936870	1.263159	-1.224039	7.70978828821057e-09	9.54424941518037e-10	-9.54424941518037e-10
748.640548	1.356249	-1.440519	6.71752572501616e-09	8.67200567091643e-10	-8.67200567091643e-10
751.176132	0.991205	-1.179335	9.13505766971676e-09	1.15468657393169e-09	-1.15468657393169e-09
753.408834	1.140738	-1.241497	8.51310951200442e-09	1.06488216989461e-09	-1.06488216989461e-09
755.740251	1.074124	-1.190680	8.4748267992619e-09	1.10575799400419e-09	-1.10575799400419e-09
757.495539	0.679852	-0.681164	1.46379691075847e-08	1.79345730929052e-09	-1.79345730929052e-09
759.037033	0.871227	-0.861641	1.12018508717855e-08	1.41593268981973e-09	-1.41593268981973e-09
761.109885	1.269565	-1.201624	7.93960955428128e-09	1.00357992955639e-09	-1.00357992955639e-09
763.342994	0.557610	-0.963544	8.55251878392778e-09	1.04786237426949e-09	-1.04786237426949e-09
764.171653	0.243120	-0.271049	8.0619819145857e-09	9.75371780621443e-10	-9.75371780621443e-10
764.680839	0.283684	-0.266066	7.124260754145e-09	8.74819360538522e-10	-8.74819360538522e-10
765.275689	0.281274	-0.311166	6.40877132707889e-09	7.8696125795659e-10	-7.8696125795659e-10
765.838377	0.230970	-0.281414	7.6791129241675e-09	9.17829540367794e-10	-9.17829540367794e-10
766.377695	0.280545	-0.308348	6.53402682760713e-09	7.9236713976294e-10	-7.9236713976294e-10
766.972447	0.244437	-0.314207	6.83790884558749e-09	8.33398727182078e-10	-8.33398727182078e-10
767.468246	0.273471	-0.251363	7.19448203941012e-09	8.72459078506431e-10	-8.72459078506431e-10
768.068969	0.315004	-0.327251	5.88426990511948e-09	7.13572516573876e-10	-7.13572516573876e-10
768.649854	0.285640	-0.265881	6.79561819185971e-09	8.34463908158272e-10	-8.34463908158272e-10
769.231675	0.230439	-0.296182	6.98591207750582e-09	8.91032942332857e-10	-8.91032942332857e-10
769.718513	0.304027	-0.256399	5.27632222308914e-09	7.36494939955033e-10	-7.36494939955033e-10
770.281904	0.254800	-0.259363	4.88989806279238e-09	7.28942936779201e-10	-7.28942936779201e-10
770.867806	0.243548	-0.331102	6.52293868027298e-09	8.00980394649763e-10	-8.00980394649763e-10
771.444921	0.221512	-0.333567	6.80754227866738e-09	8.25535776533144e-10	-8.25535776533144e-10
771.952216	0.315551	-0.285784	6.30367311596713e-09	7.64432671920346e-10	-7.64432671920346e-10
772.569284	0.294493	-0.301516	6.33773674495084e-09	7.78238637693724e-10	-7.78238637693724e-10
773.176283	0.269271	-0.312506	6.54377133415518e-09	8.03538548484789e-10	-8.03538548484789e-10
773.693488	0.301818	-0.247934	4.53244592185326e-09	6.88570542467674e-10	-6.88570542467674e-10
774.258315	0.308090	-0.263010	6.66096244686918e-09	8.07760331997555e-10	-8.07760331997555e-10
774.840135	0.254663	-0.273729	5.20226214535946e-09	7.43180291298833e-10	-7.43180291298833e-10
775.407289	0.240812	-0.312491	4.59435344179414e-09	6.84885775395966e-10	-6.84885775395966e-10
775.930800	0.231470	-0.282699	5.13014899548807e-09	7.48309118869632e-10	-7.48309118869632e-10
776.508290	0.280231	-0.346020	6.24586577473704e-09	7.46523735301333e-10	-7.46523735301333e-10
777.117653	0.282878	-0.329132	4.09057765026917e-09	6.09787296427481e-10	-6.09787296427481e-10
777.714124	0.342903	-0.313592	5.69672749447478e-09	6.9952625021619e-10	-6.9952625021619e-10
778.292896	0.301430	-0.235869	4.84311059619298e-09	7.19359851293757e-10	-7.19359851293757e-10
778.909588	0.343016	-0.315262	3.83467075238042e-09	5.8256435677386e-10	-5.8256435677386e-10
779.503818	0.257600	-0.251213	4.97671945405135e-09	7.41885527333514e-10	-7.41885527333514e-10
780.093718	0.356211	-0.332300	5.4371036621203e-09	6.67645925699123e-10	-6.67645925699123e-10
780.753050	0.271531	-0.303122	4.41011192320107e-09	6.57420682878407e-10	-6.57420682878407e-10
781.354352	0.321392	-0.329770	3.93752866393589e-09	5.86972135719231e-10	-5.86972135719231e-10
781.998581	0.347896	-0.322837	5.7169609212003e-09	7.02010803778143e-10	-7.02010803778143e-10
782.633727	0.399495	-0.287250	5.3464473124762e-09	6.63145149716279e-10	-6.63145149716279e-10
783.350812	0.262396	-0.317590	4.386246063197e-09	6.53862981373115e-10	-6.53862981373115e-10
783.834174	0.314546	-0.220965	5.00052203155988e-09	7.34684394926763e-10	-7.34684394926763e-10
784.507475	0.294186	-0.358755	3.88214910901245e-09	5.78716614853593e-10	-5.78716614853593e-10
785.147796	0.354837	-0.346134	3.54730461438668e-09	5.38907614447133e-10	-5.38907614447133e-10
785.812239	0.243692	-0.309606	4.54468775220968e-09	6.77482050831942e-10	-6.77482050831942e-10
786.390917	0.319735	-0.334986	3.82881286857907e-09	5.70765724541434e-10	-5.70765724541434e-10
787.095603	0.369397	-0.384952	3.30883904175218e-09	4.93252618957939e-10	-4.93252618957939e-10
787.821676	0.344289	-0.356676	3.57886216957141e-09	5.43701819504753e-10	-5.43701819504753e-10
788.559064	0.352355	-0.393099	3.48348040441151e-09	5.19286603346475e-10	-5.19286603346475e-10
789.297958	0.330449	-0.386538	3.61852442724315e-09	5.4972731404084e-10	-5.4972731404084e-10
789.971213	0.338588	-0.342807	3.82615480292233e-09	5.70369489397228e-10	-5.70369489397228e-10
790.759497	0.377598	-0.449696	3.10045560917561e-09	4.62188619457688e-10	-4.62188619457688e-10
791.427591	0.337518	-0.290496	3.98768331058307e-09	6.05810073252896e-10	-6.05810073252896e-10
792.095825	0.375603	-0.330715	3.60285472188454e-09	5.37081850962569e-10	-5.37081850962569e-10
792.830799	0.314908	-0.359371	3.7749734991466e-09	5.62739799390895e-10	-5.62739799390895e-10
793.535132	0.249274	-0.389425	3.97915484537875e-09	5.93177385001706e-10	-5.93177385001706e-10
794.194270	0.301789	-0.409864	3.56903007179614e-09	5.32039610888286e-10	-5.32039610888286e-10
794.864806	0.358909	-0.368747	3.48081115780849e-09	5.18888680103371e-10	-5.18888680103371e-10
795.687996	0.444846	-0.464280	2.79284472885489e-09	4.16332731361896e-10	-4.16332731361896e-10
796.562936	0.372295	-0.430094	3.16784402806245e-09	4.72234303705073e-10	-4.72234303705073e-10
797.326239	0.320645	-0.391008	3.57637616575693e-09	5.33134653060085e-10	-5.33134653060085e-10
797.979897	0.287898	-0.333014	4.0734975422565e-09	6.07241148487415e-10	-6.07241148487415e-10
798.591627	0.309527	-0.323831	3.96910101277934e-09	5.91678660381985e-10	-5.91678660381985e-10
799.249781	0.282964	-0.348628	3.97373450452458e-09	5.92369393802129e-10	-5.92369393802129e-10
799.832272	0.275133	-0.299526	4.32647451628928e-09	6.57279342070726e-10	-6.57279342070726e-10
800.517696	0.383187	-0.410290	3.19906924651501e-09	4.76889103942054e-10	-4.76889103942054e-10
801.263654	0.402252	-0.362771	3.30181674308172e-09	5.01612990968278e-10	-5.01612990968278e-10
802.121597	0.519266	-0.455691	2.61017319121897e-09	3.96538290919215e-10	-3.96538290919215e-10
803.023695	0.417747	-0.382831	3.25658382746576e-09	4.8546285712175e-10	-4.8546285712175e-10
803.817547	0.337327	-0.376105	3.65765295274366e-09	5.55671725017242e-10	-5.55671725017242e-10
804.630582	0.433415	-0.475708	2.96441652247717e-09	4.41909151622751e-10	-4.41909151622751e-10
805.436967	0.431192	-0.372970	3.40968561827945e-09	5.08285906530605e-10	-5.08285906530605e-10
806.193180	0.452461	-0.325020	3.50294567585609e-09	5.22188301348582e-10	-5.22188301348582e-10
807.028464	0.307480	-0.382823	3.8562265098593e-09	5.74852305908882e-10	-5.74852305908882e-10
807.830399	0.471601	-0.494455	2.70022415737057e-09	4.02525664253633e-10	-4.02525664253633e-10
808.701644	0.422309	-0.399645	3.1330830858147e-09	4.6705244357698e-10	-4.6705244357698e-10
809.475657	0.427552	-0.351704	3.27878350641727e-09	4.88772203799306e-10	-4.88772203799306e-10
810.247787	0.331480	-0.344577	3.82705881656114e-09	5.64269019348106e-10	-5.64269019348106e-10
810.875903	0.390107	-0.296636	3.67774675902526e-09	5.48246141660827e-10	-5.48246141660827e-10
811.673492	0.428710	-0.407483	3.01637266569981e-09	4.49654285535048e-10	-4.49654285535048e-10
812.679542	0.570194	-0.577340	2.19737146233177e-09	3.27564783205842e-10	-3.27564783205842e-10
813.678107	0.439830	-0.428370	2.9619484510057e-09	4.36715484276883e-10	-4.36715484276883e-10
814.583422	0.539707	-0.465485	2.46002096386454e-09	3.73727151734436e-10	-3.73727151734436e-10
815.527914	0.449182	-0.404785	2.88775011759044e-09	4.38707848755216e-10	-4.38707848755216e-10
816.455296	0.459402	-0.478201	2.67307171067552e-09	3.98477984942229e-10	-3.98477984942229e-10
817.420786	0.499107	-0.506088	2.47381943050121e-09	3.75823375217197e-10	-3.75823375217197e-10
818.533217	0.500409	-0.613323	2.32165440716646e-09	3.4609178357443e-10	-3.4609178357443e-10
819.640008	0.450422	-0.606383	2.46965461822941e-09	3.75190676073282e-10	-3.75190676073282e-10
820.756310	0.577715	-0.665879	2.08144845959035e-09	3.22312169524638e-10	-3.22312169524638e-10
821.851518	0.503733	-0.517492	2.53678995862906e-09	3.85389895085995e-10	-3.85389895085995e-10
822.872100	0.547050	-0.516849	2.44365373129128e-09	3.6427836004035e-10	-3.6427836004035e-10
823.989250	0.630815	-0.570100	2.05066174862016e-09	3.23725104580133e-10	-3.23725104580133e-10
825.400271	0.609271	-0.780206	1.86242727737171e-09	2.77634273105349e-10	-2.77634273105349e-10
826.644671	0.636937	-0.635130	2.04249581645351e-09	3.04477290074806e-10	-3.04477290074806e-10
827.899698	0.655756	-0.618090	2.04718638376305e-09	3.05176520909158e-10	-3.05176520909158e-10
829.160412	0.658220	-0.604959	2.03867808228369e-09	3.0971658522095e-10	-3.0971658522095e-10
830.451189	0.698233	-0.632556	1.94132175164561e-09	2.94926166042275e-10	-2.94926166042275e-10
831.951189	0.774527	-0.801767	1.65847220047211e-09	2.47230443594098e-10	-2.47230443594098e-10
833.480606	0.663060	-0.754890	1.81791525395602e-09	2.70998826707844e-10	-2.70998826707844e-10
834.757646	0.736378	-0.613980	1.8875272584404e-09	2.81375973385884e-10	-2.81375973385884e-10
836.299930	0.717015	-0.805906	1.61291278474824e-09	2.49759434159402e-10	-2.49759434159402e-10
837.492712	0.524075	-0.475767	2.54266450597495e-09	3.7903802709966e-10	-3.7903802709966e-10
838.857299	0.696651	-0.840512	1.63381600677108e-09	2.48209812212182e-10	-2.48209812212182e-10
840.267412	0.729409	-0.713461	1.78241446679023e-09	2.65706642984041e-10	-2.65706642984041e-10
841.798723	0.648078	-0.801902	1.73130321832841e-09	2.68092193871047e-10	-2.68092193871047e-10
843.462271	1.039409	-1.015470	1.23107070336882e-09	1.90631203745902e-10	-1.90631203745902e-10
845.375554	0.809182	-0.873875	1.53177601344503e-09	2.28343687226959e-10	-2.28343687226959e-10
847.001580	0.860862	-0.816844	1.4931961288142e-09	2.26846837820121e-10	-2.26846837820121e-10
848.968433	0.906169	-1.105991	1.24583156314307e-09	1.85717611428349e-10	-1.85717611428349e-10
850.869313	0.933850	-0.994711	1.26104493869013e-09	1.95272726592719e-10	-1.95272726592719e-10
852.912509	1.146575	-1.109346	1.10817998899748e-09	1.65197707147586e-10	-1.65197707147586e-10
855.258143	1.131590	-1.199059	1.07277250651999e-09	1.59919488374048e-10	-1.59919488374048e-10
857.605300	1.517157	-1.215567	9.15823697254619e-10	1.36522949776254e-10	-1.36522949776254e-10
860.073866	1.188863	-0.951408	1.15250796396734e-09	1.750893627953e-10	-1.750893627953e-10
862.235292	1.253110	-0.972564	1.14805735716697e-09	1.71142277451469e-10	-1.71142277451469e-10
864.518828	0.839428	-1.030426	1.39632950275143e-09	2.08152526968635e-10	-2.08152526968635e-10
866.547891	1.318916	-1.189635	1.06122778491921e-09	1.58198517024668e-10	-1.58198517024668e-10
869.087197	1.412719	-1.220390	9.95492210880829e-10	1.483992312849e-10	-1.483992312849e-10
871.683604	1.292818	-1.183689	1.03988250697131e-09	1.55016531711989e-10	-1.55016531711989e-10
874.898985	1.979043	-1.922562	6.37643435843659e-10	9.68710106958606e-11	-9.68710106958606e-11
878.398165	1.363818	-1.520136	8.61009049579901e-10	1.30804781955395e-10	-1.30804781955395e-10
881.190201	1.528664	-1.428218	8.03333724206015e-10	1.29309048688857e-10	-1.29309048688857e-10
884.203595	1.283579	-1.484729	9.05701825132203e-10	1.37594505126842e-10	-1.37594505126842e-10
887.282195	1.610200	-1.795021	7.36447317680925e-10	1.14038796370409e-10	-1.14038796370409e-10
890.697868	2.060563	-1.805473	6.81300188546181e-10	1.0156222190402e-10	-1.0156222190402e-10
894.628873	1.549013	-1.870441	7.56396176154091e-10	1.14911928956265e-10	-1.14911928956265e-10
898.113277	2.007129	-1.935391	6.46585237436235e-10	9.8229434105846e-11	-9.8229434105846e-11
901.885599	2.061683	-1.765194	6.66397350307842e-10	9.93406429802031e-11	-9.93406429802031e-11
905.443171	1.733197	-1.495890	7.8883320803944e-10	1.17592340840105e-10	-1.17592340840105e-10
908.989474	2.029804	-1.813105	6.63978811483719e-10	9.8980101514801e-11	-9.8980101514801e-11
912.503594	1.764341	-1.484315	7.81188592521254e-10	1.16452707975092e-10	-1.16452707975092e-10
916.558980	2.135378	-2.291046	5.61369471764419e-10	8.52834263838082e-11	-8.52834263838082e-11
921.061491	2.247910	-2.367133	5.44147866323806e-10	8.11167798132434e-11	-8.11167798132434e-11
925.446295	2.579540	-2.136895	5.27864346609973e-10	8.01933019896762e-11	-8.01933019896762e-11
929.775754	1.552110	-1.749919	5.04262713977035e-10	9.47232744350738e-11	-9.47232744350738e-11
933.189007	1.768261	-1.861143	4.55093321556446e-10	8.79890175702085e-11	-8.79890175702085e-11
936.755980	1.809343	-1.798712	4.85776652681727e-10	8.86902997135598e-11	-8.86902997135598e-11
940.391870	1.612473	-1.826547	5.09657023871469e-10	9.30502433559308e-11	-9.30502433559308e-11
943.938037	2.663547	-1.933693	3.80165105535726e-10	6.94083151768112e-11	-6.94083151768112e-11
949.617189	2.876808	-3.015605	2.83520806353685e-10	5.32579835042625e-11	-5.32579835042625e-11
956.329483	3.405543	-3.835486	2.33564093399373e-10	4.26427614003132e-11	-4.26427614003132e-11
961.666654	1.848970	-1.931629	4.4533961206955e-10	8.13075293351661e-11	-8.13075293351661e-11
965.297066	1.447663	-1.781441	5.19192793051581e-10	9.47912083860835e-11	-9.47912083860835e-11
968.537441	1.407929	-1.792712	5.12275407050331e-10	9.62284123600636e-11	-9.62284123600636e-11
971.356624	1.102633	-1.411254	9.95375972669991e-10	1.48381870498512e-10	-1.48381870498512e-10
973.566180	1.236165	-1.106923	1.07825957476562e-09	1.60737432154135e-10	-1.60737432154135e-10
975.764279	1.076922	-0.961933	1.2670357329998e-09	1.88878522825839e-10	-1.88878522825839e-10
977.725543	0.839625	-0.884343	1.50710767426339e-09	2.2466634853122e-10	-2.2466634853122e-10
979.493011	0.879741	-0.927843	1.41183721489903e-09	2.10464272056553e-10	-2.10464272056553e-10
981.123420	0.606808	-0.750667	1.82985823809696e-09	2.77992636428683e-10	-2.77992636428683e-10
982.650517	0.825024	-0.920289	1.42183341495944e-09	2.16005373966071e-10	-2.16005373966071e-10
984.643712	1.189140	-1.168172	1.06929272031568e-09	1.59400750347341e-10	-1.59400750347341e-10
NO	NO	NO	NO	NO	NO
!Time	Poserr	Negerr	Flux	PosErr	NegErr
!XRT pc mode data
11441.518669	21.319323	-33.841437	5.34259319682623e-11	1.20701297212954e-11	-1.20701297212954e-11
11496.099833	49.479419	-33.261841	6.2505399449986e-11	1.0658989045611e-11	-1.0658989045611e-11
13256.537331	14.988361	-20.113887	7.42350622539866e-11	1.61994249090345e-11	-1.61994249090345e-11
13301.601287	30.099685	-30.075595	4.00274486594953e-11	9.13534699897178e-12	-9.13534699897178e-12
13356.138292	28.216039	-24.437321	4.41257553182542e-11	9.96773400693657e-12	-9.96773400693657e-12
13413.684190	15.801582	-29.329858	4.94544267711665e-11	1.10583239677568e-11	-1.10583239677568e-11
13468.644984	38.567128	-39.159212	4.51051316571519e-11	7.99883988763799e-12	-7.99883988763799e-12
17497.074801	19.886571	-30.259609	7.1620504080807e-11	1.57102546094826e-11	-1.57102546094826e-11
17547.913786	36.744986	-30.952414	4.96824644110803e-11	1.12315513724324e-11	-1.12315513724324e-11
17622.629205	34.741526	-37.970433	4.50021672534854e-11	1.01734447462282e-11	-1.01734447462282e-11
17697.223340	47.903311	-39.852609	3.59748182729432e-11	8.22305021867104e-12	-8.22305021867104e-12
17776.828189	46.025063	-31.701537	4.12031842318317e-11	9.36611645677273e-12	-9.36611645677273e-12
17866.215786	34.364086	-43.362534	4.20301336470402e-11	9.44965961137475e-12	-9.44965961137475e-12
17928.406593	19.812158	-27.826722	6.92668626376979e-11	1.5573251883297e-11	-1.5573251883297e-11
17982.686003	30.722788	-34.467252	5.03253167925561e-11	1.15032390319613e-11	-1.15032390319613e-11
18044.988914	36.117198	-31.580122	4.91017982245688e-11	1.10395729089966e-11	-1.10395729089966e-11
18115.825596	22.948655	-34.719485	3.71389405535824e-11	8.30450510195685e-12	-8.30450510195685e-12
18177.625956	33.860216	-38.851704	2.23202334338376e-11	4.94881145599566e-12	-4.94881145599566e-12
18274.881523	56.955468	-63.395352	4.58532628582027e-11	1.04754397147039e-11	-1.04754397147039e-11
18386.590043	70.612348	-54.753052	5.0911278495185e-11	1.15045822022821e-11	-1.15045822022821e-11
18529.011410	33.497881	-71.809019	5.79403704116942e-11	1.3024085073585e-11	-1.3024085073585e-11
18614.383873	58.446918	-51.874582	5.38365512011665e-11	1.21015962766072e-11	-1.21015962766072e-11
18730.979251	42.143800	-58.148460	5.62788413727486e-11	1.29224276907093e-11	-1.29224276907093e-11
18813.345414	57.562618	-40.222362	5.6777835946803e-11	1.29674288019436e-11	-1.29674288019436e-11
18943.994414	67.322677	-73.086383	4.34272287903713e-11	9.57210849650577e-12	-9.57210849650577e-12
19055.676110	43.396701	-44.359019	7.03788286393321e-11	1.58200656096827e-11	-1.58200656096827e-11
19201.590889	88.037023	-102.518077	4.28424915061734e-11	8.50485450740502e-12	-8.50485450740502e-12
23267.970838	55.180814	-47.618934	2.19088684354744e-11	4.93619538213023e-12	-4.93619538213023e-12
23363.751970	39.633642	-40.600318	2.83876570428398e-11	6.37166124545891e-12	-6.37166124545891e-12
23442.365801	31.224451	-38.980189	3.35907305400728e-11	7.5969809924602e-12	-7.5969809924602e-12
23531.294497	50.110155	-57.704245	2.38692877537622e-11	5.32329084937284e-12	-5.32329084937284e-12
23629.401003	54.803349	-47.996351	2.38720346955423e-11	5.37846124175634e-12	-5.37846124175634e-12
23712.278525	29.593927	-28.074173	4.0547182485213e-11	9.1702842927941e-12	-9.1702842927941e-12
23776.216353	23.324219	-34.343901	2.6661986592394e-11	5.96182093756505e-12	-5.96182093756505e-12
23824.732891	29.968481	-25.192319	2.25297104808571e-11	5.07694074391083e-12	-5.07694074391083e-12
23886.784612	50.657959	-32.083241	2.9850140916441e-11	6.72536984830152e-12	-6.72536984830152e-12
24000.855363	41.894129	-63.412791	2.31768791044522e-11	5.22187061440415e-12	-5.22187061440415e-12
24071.329362	26.580910	-28.579870	4.32919213725226e-11	9.71698684750287e-12	-9.71698684750287e-12
24133.883221	29.217050	-35.972950	2.45865312416439e-11	5.51895697663304e-12	-5.51895697663304e-12
24185.158963	30.594769	-22.058691	2.48648803668217e-11	5.60311134553114e-12	-5.60311134553114e-12
24234.555653	23.822259	-18.801921	3.15772487241913e-11	7.06086865144594e-12	-7.06086865144594e-12
24285.326687	30.719305	-26.948775	2.25404661044368e-11	5.0401899789807e-12	-5.0401899789807e-12
24357.026032	49.283020	-40.980040	2.08144280064779e-11	4.70748867960472e-12	-4.70748867960472e-12
24446.794404	29.719208	-40.485352	3.23192448459676e-11	7.30944107883517e-12	-7.30944107883517e-12
24514.987225	36.745567	-38.473613	3.03331592612771e-11	6.83419197753266e-12	-6.83419197753266e-12
24588.204305	43.762287	-36.471513	2.86117890652942e-11	6.4220150928685e-12	-6.4220150928685e-12
24685.486215	46.772537	-53.519623	2.27818812595067e-11	5.15242106318212e-12	-5.15242106318212e-12
24766.851586	38.119025	-34.592835	3.13420680349015e-11	7.11550501035309e-12	-7.11550501035309e-12
24841.818292	33.356840	-36.847680	3.2685197505817e-11	7.39219392812937e-12	-7.39219392812937e-12
24936.217606	54.293506	-61.042474	2.10031180289414e-11	4.61640569696728e-12	-4.61640569696728e-12
25027.858119	45.392573	-37.347007	2.75955338721468e-11	6.28897500201413e-12	-6.28897500201413e-12
28918.455476	34.452296	-28.230472	2.94352961464215e-11	6.49437403267312e-12	-6.49437403267312e-12
28998.909030	41.754641	-46.001259	2.92246035411623e-11	6.55985986583682e-12	-6.55985986583682e-12
29083.530963	37.366408	-42.867292	2.6414611324628e-11	5.40211864924725e-12	-5.40211864924725e-12
29323.942006	36.723326	-35.988683	2.17798482432315e-11	4.77030033437679e-12	-4.77030033437679e-12
29428.363526	26.400566	-67.698194	3.14063231956067e-11	7.10496655139269e-12	-7.10496655139269e-12
29491.989412	32.979340	-37.225320	2.12859267075392e-11	4.81545870931415e-12	-4.81545870931415e-12
29543.771482	21.314229	-18.802731	3.76725295965104e-11	8.42380476049357e-12	-8.42380476049357e-12
29613.727659	36.606513	-48.641947	1.83529821995847e-11	4.06474033130082e-12	-4.06474033130082e-12
29697.832430	50.286802	-47.498258	1.54184685350624e-11	3.46102802152233e-12	-3.46102802152233e-12
29808.785462	44.640710	-60.666230	1.43637404478551e-11	3.24947458365737e-12	-3.24947458365737e-12
29886.890079	44.262613	-33.463907	1.99403290802856e-11	4.45880368268848e-12	-4.45880368268848e-12
29970.755360	40.631152	-39.602668	1.98606948307808e-11	4.47554902364143e-12	-4.47554902364143e-12
30053.129773	23.446718	-41.743262	2.59503917858868e-11	5.82516539270069e-12	-5.82516539270069e-12
30116.557881	45.267011	-39.981389	2.0688949316223e-11	4.64414795192799e-12	-4.64414795192799e-12
30201.050864	48.529748	-39.225972	1.88880893161333e-11	4.23990574182155e-12	-4.23990574182155e-12
30289.391221	30.393931	-39.810609	2.31053411465264e-11	5.09822344259718e-12	-5.09822344259718e-12
30359.015354	38.496218	-39.230202	1.97720697377983e-11	4.43829968910115e-12	-4.43829968910115e-12
30450.808255	39.473637	-53.296683	1.7190263623211e-11	3.79307756791894e-12	-3.79307756791894e-12
30509.960458	32.974814	-19.678566	2.89042253976969e-11	6.53889479290824e-12	-6.53889479290824e-12
30593.820668	44.392144	-50.885396	1.57577327712477e-11	3.59284355154002e-12	-3.59284355154002e-12
30669.906769	43.525122	-31.693958	2.12078568462227e-11	4.66223926677393e-12	-4.66223926677393e-12
34435.621913	33.227418	-36.977202	1.78691834716694e-11	4.02456423711781e-12	-4.02456423711781e-12
34497.554245	28.963246	-28.704914	2.17009042944192e-11	4.88754562168865e-12	-4.88754562168865e-12
34556.852102	29.840869	-30.334611	2.08044091470396e-11	4.66877631900677e-12	-4.66877631900677e-12
34640.944763	51.055328	-54.251792	1.2451408056209e-11	2.73583293006295e-12	-2.73583293006295e-12
34723.087341	21.566270	-31.087250	2.42126160976869e-11	5.41409684809341e-12	-5.41409684809341e-12
34789.317963	40.584268	-44.664352	1.65094859497288e-11	3.54295374952964e-12	-3.54295374952964e-12
34858.230897	34.354134	-28.328666	2.05433965721379e-11	4.62686377665619e-12	-4.62686377665619e-12
34928.559314	34.230497	-35.974283	1.8671558284765e-11	4.20529680765434e-12	-4.20529680765434e-12
35003.025277	34.983875	-40.235465	1.78671943158385e-11	4.03869557609966e-12	-4.03869557609966e-12
35084.981793	55.827158	-46.972642	1.3873210541215e-11	3.10158729066082e-12	-3.10158729066082e-12
35194.703527	48.905165	-53.894575	1.35006686361403e-11	3.06281590037983e-12	-3.06281590037983e-12
35283.342323	32.978408	-39.733632	1.94828980677739e-11	4.3722126442958e-12	-4.3722126442958e-12
35367.081703	52.038768	-50.760972	1.3256322464084e-11	2.97490449608797e-12	-2.97490449608797e-12
35451.458724	37.866428	-32.338252	1.84427532511563e-11	4.12391528619185e-12	-4.12391528619185e-12
35556.708376	50.460336	-67.383224	1.10401951074038e-11	2.44253995877673e-12	-2.44253995877673e-12
35631.940318	25.374554	-24.771606	2.63585641714981e-11	5.7518861300946e-12	-5.7518861300946e-12
35691.409783	28.587849	-34.094911	1.99294796095604e-11	4.48860177122256e-12	-4.48860177122256e-12
35767.921780	44.846232	-47.924148	1.40318642310433e-11	3.08306512495068e-12	-3.08306512495068e-12
35857.113650	53.439401	-44.345639	1.32041575627528e-11	2.90119918996786e-12	-2.90119918996786e-12
35959.821243	46.009489	-49.268191	1.66977387450645e-11	3.31233505122303e-12	-3.31233505122303e-12
40259.257985	44.764847	-42.991013	1.33131451662013e-11	2.99751971186578e-12	-2.99751971186578e-12
40341.501238	32.726334	-37.478406	1.66155289037664e-11	3.75401463575701e-12	-3.75401463575701e-12
40414.839270	42.129562	-40.611698	1.39088251690705e-11	3.19790031247542e-12	-3.19790031247542e-12
40507.232810	34.984661	-50.263979	1.36698152133019e-11	3.11006150745683e-12	-3.11006150745683e-12
40587.397800	42.575692	-45.180328	1.40849487201944e-11	3.07356717709346e-12	-3.07356717709346e-12
40676.470507	38.751605	-46.497015	1.4262575391773e-11	3.14319588701357e-12	-3.14319588701357e-12
40770.485314	40.014717	-55.263203	1.33576415818889e-11	2.86576263678301e-12	-2.86576263678301e-12
40843.214732	32.475420	-32.714700	1.76911025866338e-11	3.99704433962777e-12	-3.99704433962777e-12
40933.716425	57.310107	-58.026273	1.00707197929735e-11	2.25964980288667e-12	-2.25964980288667e-12
41033.269948	32.975943	-42.243417	1.5391966381187e-11	3.47758486123763e-12	-3.47758486123763e-12
41108.107163	53.416569	-41.861271	1.21903148147529e-11	2.75418820510951e-12	-2.75418820510951e-12
41222.066263	39.749909	-60.542531	1.1584762688542e-11	2.62649929010288e-12	-2.62649929010288e-12
41299.672638	34.855534	-37.856466	1.60406240029125e-11	3.62412872235016e-12	-3.62412872235016e-12
41384.538679	50.281953	-50.010507	1.16008473614317e-11	2.630174313801e-12	-2.630174313801e-12
41471.924038	35.608574	-37.103406	1.65441450603792e-11	3.72494994108609e-12	-3.72494994108609e-12
41549.398380	53.411992	-41.865768	1.29681731204292e-11	2.90979298888227e-12	-2.90979298888227e-12
41648.307147	54.795605	-45.496775	1.26569776523401e-11	2.84974923037002e-12	-2.84974923037002e-12
41764.840027	61.113544	-61.737276	1.6016556010818e-11	2.90991029685554e-12	-2.90991029685554e-12
46017.326930	46.393542	-38.855107	1.47287643312972e-11	3.29346948806829e-12	-3.29346948806829e-12
46106.158998	35.288134	-42.438526	1.68016857134434e-11	3.70451436930271e-12	-3.70451436930271e-12
46197.842892	61.448020	-56.395760	1.0403641542415e-11	2.3864203393316e-12	-2.3864203393316e-12
46293.760572	38.242479	-34.469661	1.72483227294114e-11	3.87075246703319e-12	-3.87075246703319e-12
46384.227926	48.067705	-52.224875	1.3078490491526e-11	2.85395506057725e-12	-2.85395506057725e-12
46485.060878	60.063894	-52.765246	1.09933644981935e-11	2.45816161353087e-12	-2.45816161353087e-12
46599.149788	46.267504	-54.025016	1.24251787440965e-11	2.79850451179636e-12	-2.79850451179636e-12
46686.154460	36.989611	-40.737169	1.64229957402154e-11	3.68555212787019e-12	-3.68555212787019e-12
46773.408823	29.969289	-50.264751	1.59814608762675e-11	3.61257334752434e-12	-3.61257334752434e-12
46858.149810	45.520822	-54.771698	1.2709183492147e-11	2.84183360591803e-12	-2.84183360591803e-12
46946.159011	55.296781	-42.488379	1.26524880353871e-11	2.87048582702494e-12	-2.87048582702494e-12
47054.976736	54.293475	-53.520945	1.14502285822943e-11	2.58827185720536e-12	-2.58827185720536e-12
47147.877883	44.133629	-38.607671	1.51327723894879e-11	3.38380739107383e-12	-3.38380739107383e-12
47269.094436	55.804556	-77.082924	9.3881890338752e-12	2.11449691361488e-12	-2.11449691361488e-12
47461.802693	123.856519	-136.903701	9.45341322134422e-12	1.52877791479166e-12	-1.52877791479166e-12
51804.006577	62.447734	-67.932485	1.21865696932681e-11	2.76663695714427e-12	-2.76663695714427e-12
51976.870667	92.676024	-110.416355	7.76073530540543e-12	1.77542033924643e-12	-1.77542033924643e-12
52169.805935	102.833237	-100.259243	7.83544423536818e-12	1.77204180177702e-12	-1.77204180177702e-12
52359.726543	116.005069	-87.087371	7.83627976650723e-12	1.77227401156638e-12	-1.77227401156638e-12
52571.997592	49.158180	-96.265980	1.10618478089515e-11	2.52089783811745e-12	-2.52089783811745e-12
52712.157982	69.465770	-91.002210	1.0192829704941e-11	2.31401988705767e-12	-2.31401988705767e-12
52838.155214	53.790278	-56.531462	1.47627143188666e-11	3.35150263378501e-12	-3.35150263378501e-12
52966.519183	83.386888	-74.573692	1.02250581003172e-11	2.30372003026016e-12	-2.30372003026016e-12
53198.401420	147.359272	-148.495348	9.81664291935028e-12	1.64841739426691e-12	-1.64841739426691e-12
57682.229058	55.924614	-81.977566	9.99251313600809e-12	2.27666869522784e-12	-2.27666869522784e-12
57818.489435	82.639656	-80.335764	8.61562044133988e-12	1.94819925235668e-12	-1.94819925235668e-12
57995.629160	75.997332	-94.500068	8.63583259095524e-12	1.9382180332032e-12	-1.9382180332032e-12
58178.284768	76.375603	-106.658277	8.23220301533893e-12	1.85457661991278e-12	-1.85457661991278e-12
58317.456213	55.047918	-62.795842	1.24057515014399e-11	2.79474801979445e-12	-2.79474801979445e-12
58446.082929	69.338003	-73.578797	9.94656692304915e-12	2.24078645123791e-12	-2.24078645123791e-12
58605.664543	67.716989	-90.243611	8.83303484677206e-12	1.99740613314397e-12	-1.99740613314397e-12
58758.483847	100.438685	-85.102315	7.47112509734133e-12	1.69580840890711e-12	-1.69580840890711e-12
58921.843087	64.952245	-62.920555	1.08549027862367e-11	2.4545621150816e-12	-2.4545621150816e-12
59065.863925	98.942766	-79.068594	9.29722789605124e-12	1.93485167690943e-12	-1.93485167690943e-12
63895.792561	76.361651	-79.091749	7.56165115511177e-12	1.72669690807384e-12	-1.72669690807384e-12
64031.544259	50.931713	-59.390047	1.12881016472122e-11	2.47963782967499e-12	-2.47963782967499e-12
64154.394471	73.505621	-71.918499	8.41187589848969e-12	1.85395945425095e-12	-1.85395945425095e-12
64303.610530	67.206342	-75.710438	7.99243242264795e-12	1.81227378780736e-12	-1.81227378780736e-12
64432.399400	98.885331	-61.582529	5.3126380404894e-12	1.39748307980463e-12	-1.39748307980463e-12
64625.413476	71.353736	-94.128745	6.83063859983514e-12	1.55973598001976e-12	-1.55973598001976e-12
64750.542803	49.024089	-53.775591	1.11684003937608e-11	2.50599812117091e-12	-2.50599812117091e-12
64870.103553	54.828739	-70.536661	1.00259936332846e-11	2.15791340708319e-12	-2.15791340708319e-12
69206.436211	107.722960	-127.964380	6.28332096899674e-12	1.41180578199494e-12	-1.41180578199494e-12
69416.848840	107.924711	-102.689668	5.19615856360972e-12	1.36795700984114e-12	-1.36795700984114e-12
69619.406561	83.386251	-94.633009	8.24195978610809e-12	1.8654199616713e-12	-1.8654199616713e-12
69833.650483	92.293189	-130.857671	6.50520644220617e-12	1.48684110672965e-12	-1.48684110672965e-12
70028.723223	85.268888	-102.779552	7.82189884885488e-12	1.79214173255217e-12	-1.79214173255217e-12
70219.391713	120.258399	-105.399601	6.67987462316791e-12	1.51557703261651e-12	-1.51557703261651e-12
70512.704899	172.946233	-173.054787	7.25766454443414e-12	1.27865131580846e-12	-1.27865131580846e-12
75050.906659	95.683172	-155.048016	7.08311641465187e-12	1.60707873479972e-12	-1.60707873479972e-12
75328.475032	101.441120	-181.885200	4.65070403409068e-12	1.22840277765367e-12	-1.22840277765367e-12
75560.844331	119.803000	-130.928180	5.20794779046514e-12	1.37559147089009e-12	-1.37559147089009e-12
75805.557559	115.791592	-124.910228	5.34931713620528e-12	1.42229733228493e-12	-1.42229733228493e-12
76151.229819	93.562273	-229.880667	3.97202364746225e-12	1.04230368552159e-12	-1.04230368552159e-12
76366.560207	138.985036	-121.768116	8.56533851053357e-12	1.69913906617612e-12	-1.69913906617612e-12
80738.503188	144.961724	-108.276436	6.05944063218303e-12	1.38163918432594e-12	-1.38163918432594e-12
81029.854456	106.848735	-146.389545	6.13112496862743e-12	1.37762228312817e-12	-1.37762228312817e-12
81244.810310	112.536141	-108.107119	5.69032152563024e-12	1.45330501535283e-12	-1.45330501535283e-12
81434.805530	95.545262	-77.459078	9.43837989340633e-12	2.12073076499771e-12	-2.12073076499771e-12
81647.250960	93.713792	-116.900168	5.92351380636041e-12	1.54942693515317e-12	-1.54942693515317e-12
81882.974791	106.213381	-142.010039	6.87659462765018e-12	1.5451196916432e-12	-1.5451196916432e-12
82140.751386	124.240445	-151.563215	8.85709907235146e-12	1.66450608779813e-12	-1.66450608779813e-12
86521.759325	130.668727	-132.598573	6.20788547562433e-12	1.40166154206397e-12	-1.40166154206397e-12
86792.426681	113.239610	-139.998630	6.43883704886982e-12	1.46816018598974e-12	-1.46816018598974e-12
87047.934778	93.418613	-142.268487	7.21993553395537e-12	1.63019466318552e-12	-1.63019466318552e-12
87270.329322	94.174610	-128.975930	7.81183773476901e-12	1.77682589244348e-12	-1.77682589244348e-12
87473.148612	167.159219	-108.644681	6.42189540057296e-12	1.47518339973565e-12	-1.47518339973565e-12
87880.263167	146.164485	-239.955335	6.00127209464433e-12	1.19739768919612e-12	-1.19739768919612e-12
92292.052286	86.519006	-83.977934	5.29617632450263e-12	1.38530122522529e-12	-1.38530122522529e-12
92474.085158	87.519673	-95.513867	6.62090948888515e-12	1.49128169395661e-12	-1.49128169395661e-12
92658.241281	103.948311	-96.636449	6.0581259371733e-12	1.37452830611118e-12	-1.37452830611118e-12
92854.858487	67.798885	-92.668895	5.72587906622011e-12	1.50258025050326e-12	-1.50258025050326e-12
93051.428608	91.871964	-128.771236	4.19535978411039e-12	1.10454823394848e-12	-1.10454823394848e-12
93235.961463	97.894569	-92.660891	4.98999950887282e-12	1.2925856056067e-12	-1.2925856056067e-12
93421.218990	90.655922	-87.362958	7.07659316124295e-12	1.59390628195206e-12	-1.59390628195206e-12
93670.015864	175.330808	-158.140952	6.06032012858452e-12	1.07459001052658e-12	-1.07459001052658e-12
98306.653635	86.192097	-154.509543	3.72238789617906e-12	9.67343035543791e-13	-9.67343035543791e-13
98488.695727	104.734825	-95.849995	4.41271412014656e-12	1.1579641872804e-12	-1.1579641872804e-12
98673.495327	97.954205	-80.064775	5.41716108769768e-12	1.37503021718776e-12	-1.37503021718776e-12
98850.586166	81.331165	-79.136635	5.75266945455443e-12	1.49982887818437e-12	-1.49982887818437e-12
99061.689700	93.378072	-129.772368	4.23157640066626e-12	1.10682925229417e-12	-1.10682925229417e-12
99244.219949	86.359323	-89.152177	5.85538483974022e-12	1.48172755524919e-12	-1.48172755524919e-12
99402.190460	86.349192	-71.611188	6.11937867301092e-12	1.59543211316291e-12	-1.59543211316291e-12
99623.174546	161.221846	-134.634894	4.08158073935276e-12	9.56112711257798e-13	-9.56112711257798e-13
104231.385122	92.199269	-83.312451	5.23732073761935e-12	1.37877681257862e-12	-1.37877681257862e-12
104485.284568	79.001563	-161.700177	4.00641031236747e-12	1.03261676946827e-12	-1.03261676946827e-12
104716.945542	123.144610	-152.659410	3.34703710854233e-12	8.7540282380732e-13	-8.7540282380732e-13
104961.212528	71.940383	-121.122377	5.14363079869611e-12	1.29760168889661e-12	-1.29760168889661e-12
105134.937633	83.755979	-101.784721	6.72368026509847e-12	1.51807399846715e-12	-1.51807399846715e-12
105406.483423	57.926229	-187.789811	3.80569088643554e-12	9.95380558821625e-13	-9.95380558821625e-13
105629.338003	156.006709	-164.928351	4.65070690023041e-12	9.65120127418326e-13	-9.65120127418326e-13
110237.185968	94.047223	-136.625397	3.88270823648921e-12	1.01723095035937e-12	-1.01723095035937e-12
110498.605087	146.041845	-167.371895	2.81901455513348e-12	7.47329561550475e-13	-7.47329561550475e-13
110734.808466	95.379306	-90.161534	4.79533280395333e-12	1.26372760626588e-12	-1.26372760626588e-12
110936.237575	71.969057	-106.049803	5.00563297089544e-12	1.31141772392965e-12	-1.31141772392965e-12
111166.201681	147.896351	-157.995050	2.9075130757938e-12	7.61746774276672e-13	-7.61746774276672e-13
111465.037447	180.019925	-150.939415	5.04067371589645e-12	9.63244651377053e-13	-9.63244651377053e-13
115847.323386	104.152685	-154.355235	4.73474848517426e-12	1.22251639305468e-12	-1.22251639305468e-12
116090.254331	152.070080	-138.778260	3.3438111013891e-12	8.97814026681216e-13	-8.97814026681216e-13
116345.730400	114.730171	-103.405989	4.90027736647972e-12	1.23621360679506e-12	-1.23621360679506e-12
116660.424464	344.116868	-199.963892	3.44293779609058e-12	6.55219128952187e-13	-6.55219128952187e-13
121383.796612	190.546799	-238.203500	2.11576649943418e-12	5.63389420764333e-13	-5.63389420764333e-13
121784.003463	173.958888	-209.660052	2.39291498391874e-12	6.30196574029068e-13	-6.30196574029068e-13
122205.809360	258.623551	-247.847009	3.51604466623416e-12	6.6282246736886e-13	-6.6282246736886e-13
127149.949210	203.231701	-245.576739	2.7216774852521e-12	7.12778424723096e-13	-7.12778424723096e-13
127562.478394	151.755598	-209.297482	3.36286570520059e-12	8.87095446867225e-13	-8.87095446867225e-13
127916.848521	308.871051	-202.614529	3.34469662678823e-12	7.42204159453446e-13	-7.42204159453446e-13
132841.537287	187.992605	-178.074595	4.2164059084119e-12	1.11027040006136e-12	-1.11027040006136e-12
133210.938592	172.122420	-181.408700	4.40478455450982e-12	1.15986256153481e-12	-1.15986256153481e-12
133613.115107	371.694684	-230.054096	4.14937667771732e-12	8.5946301523759e-13	-8.5946301523759e-13
138620.513456	150.392715	-132.933473	3.53791275040395e-12	9.19996182453323e-13	-9.19996182453323e-13
139051.378894	273.643317	-280.472723	1.7619120657743e-12	4.68184046452882e-13	-4.68184046452882e-13
139506.152953	300.266830	-181.130742	2.34009265820078e-12	5.7572055816479e-13	-5.7572055816479e-13
144583.081927	267.145885	-339.623255	1.77749632751621e-12	4.71424877033249e-13	-4.71424877033249e-13
145226.858986	337.946786	-376.631174	2.1377786147468e-12	4.76231986966521e-13	-4.76231986966521e-13
150167.153896	160.261235	-160.674513	3.75928546430308e-12	9.82760220499995e-13	-9.82760220499995e-13
150474.707954	281.457598	-147.292822	2.82334980373273e-12	7.34183097920014e-13	-7.34183097920014e-13
151015.740732	309.578451	-259.575181	2.52041088653012e-12	6.03015341736076e-13	-6.03015341736076e-13
156094.291923	157.915928	-270.833892	2.8590625651813e-12	7.54206462400368e-13	-7.54206462400368e-13
156719.240647	425.564484	-467.032796	1.98290412656985e-12	4.37102717555676e-13	-4.37102717555676e-13
161787.515274	271.577358	-164.694942	2.15501898589586e-12	5.59281421796251e-13	-5.59281421796251e-13
162222.467642	160.068350	-163.375010	2.88920124821214e-12	7.57480208521876e-13	-7.57480208521876e-13
162708.788828	197.769103	-326.252837	2.01476869340233e-12	5.00656903609097e-13	-5.00656903609097e-13
167523.611018	162.586154	-140.798146	3.44889184789059e-12	9.05203349632631e-13	-9.05203349632631e-13
167831.330439	195.860933	-145.133267	3.07892592542872e-12	8.08079773479468e-13	-8.08079773479468e-13
168213.338627	272.686244	-186.147256	2.60735290219481e-12	6.41621504886592e-13	-6.41621504886592e-13
173398.184453	152.233518	-251.442902	2.81614875475324e-12	7.3098828332493e-13	-7.3098828332493e-13
173931.568613	373.545539	-381.150641	2.67304808610949e-12	5.26991339482704e-13	-5.26991339482704e-13
179138.616505	192.189866	-216.501322	2.7321540979977e-12	7.20658263076739e-13	-7.20658263076739e-13
179732.962534	332.481450	-402.156162	1.98562260615976e-12	4.5992903324782e-13	-4.5992903324782e-13
185618.211483	508.469168	-637.369112	1.75340944360935e-12	3.40155736327389e-13	-3.40155736327389e-13
191241.989269	244.678743	-269.319377	1.75532325559093e-12	4.63803638893897e-13	-4.63803638893897e-13
191772.768525	353.259367	-286.100513	1.57756798326896e-12	3.97397791212558e-13	-3.97397791212558e-13
197441.382779	491.129413	-648.640727	1.79014069783629e-12	3.55774602055348e-13	-3.55774602055348e-13
202461.192633	244.195139	-345.665501	1.73308906020097e-12	4.55747599694608e-13	-4.55747599694608e-13
203188.487965	517.310166	-483.100194	1.25968060196206e-12	2.8964091962003e-13	-2.8964091962003e-13
208064.647136	280.945555	-253.111945	1.78860600191508e-12	4.74855174175586e-13	-4.74855174175586e-13
208638.608441	343.841831	-293.015749	1.51142723325256e-12	4.00456788303739e-13	-4.00456788303739e-13
209506.134642	439.112850	-523.684371	1.45116256613153e-12	3.18438527906297e-13	-3.18438527906297e-13
213860.360313	370.785879	-288.637721	1.41724656827365e-12	3.72806871326727e-13	-3.72806871326727e-13
215066.230295	639.204596	-835.084104	1.1109102399228e-12	2.21574696881996e-13	-2.21574696881996e-13
219702.880921	216.629211	-312.414149	1.71673443947742e-12	4.48973398272388e-13	-4.48973398272388e-13
220240.634659	225.470273	-321.124527	1.66369197628414e-12	4.35084471525538e-13	-4.35084471525538e-13
221087.934431	436.244640	-621.829500	1.40555390838518e-12	2.90745840484046e-13	-2.90745840484046e-13
225452.020065	380.630467	-301.359113	1.34415732051495e-12	3.60501350111911e-13	-3.60501350111911e-13
226093.273326	260.898786	-260.622794	1.77548388751051e-12	4.72700352109384e-13	-4.72700352109384e-13
226784.385892	499.987359	-430.213781	1.47746614003106e-12	3.23342281457522e-13	-3.23342281457522e-13
231205.174002	256.894929	-294.714111	1.75320483949838e-12	4.63763522857573e-13	-4.63763522857573e-13
232989.423930	3956.674081	-1527.354999	1.66477418163573e-12	3.62848941238498e-13	-3.62848941238498e-13
245345.314147	3241.135825	-2855.031484	1.64626969158244e-12	4.35335572449713e-13	-4.35335572449713e-13
262061.773858	4343.034753	-7990.033306	1.03675409197134e-12	2.4158827735719e-13	-2.4158827735719e-13
272057.017695	504.679237	-443.080163	1.25388954690753e-12	2.9526953639394e-13	-2.9526953639394e-13
296569.189302	5116.571750	-7740.249850	6.18712726444103e-13	1.38075236210868e-13	-1.38075236210868e-13
312525.582491	5958.591701	-6408.446627	7.95942089915019e-13	1.34250576598943e-13	-1.34250576598943e-13
327339.028061	3266.280490	-3899.089110	1.37283665701801e-12	2.93439568645765e-13	-2.93439568645765e-13
342042.214109	10582.305462	-7022.275558	7.73779458935149e-13	1.43477505297135e-13	-1.43477505297135e-13
367711.032164	2364.004508	-2754.883892	1.24939683173112e-12	3.33473441293931e-13	-3.33473441293931e-13
370661.909736	804.677476	-586.873064	8.44668031528357e-13	2.30339867501162e-13	-2.30339867501162e-13
377827.505862	4259.073930	-2299.513510	8.63192936582674e-13	1.80743635441228e-13	-1.80743635441228e-13
388053.230467	812.952504	-947.172096	7.64674021919902e-13	1.98142149085055e-13	-1.98142149085055e-13
395192.145982	4233.359450	-2325.022010	6.4595223509226e-13	1.63378768420744e-13	-1.63378768420744e-13
409499.430220	7205.666011	-5053.566089	7.73213445843766e-13	1.94957380965657e-13	-1.94957380965657e-13
447328.706173	10897.274659	-25607.764161	4.74284404735037e-13	1.06079906452672e-13	-1.06079906452672e-13
481746.723722	16438.843450	-19458.726970	3.0052931826239e-13	7.12683811879381e-14	-7.12683811879381e-14
512525.695457	8459.971574	-9848.425066	3.17851381263171e-13	7.68461252751518e-14	-7.68461252751518e-14
542577.247775	2388.143517	-16640.987663	3.06294598494657e-13	7.42383376768752e-14	-7.42383376768752e-14
564659.640328	9005.084204	-15697.046516	3.00317635971851e-13	7.45382711347617e-14	-7.45382711347617e-14
581189.377587	4056.428525	-3412.118575	3.40829465023127e-13	8.79811705883355e-14	-8.79811705883355e-14
594202.194984	2622.544068	-4900.666172	2.983391575288e-13	8.17089794040118e-14	-8.17089794040118e-14
604864.152167	3540.411784	-3445.775256	5.47663864252161e-13	1.25714610505332e-13	-1.25714610505332e-13
622333.284766	9171.396325	-9604.613775	2.71069275759394e-13	7.30662173559701e-14	-7.30662173559701e-14
645026.765093	9577.985699	-9365.232061	3.70629834875273e-13	9.60588603436134e-14	-9.60588603436134e-14
662383.168615	3801.667637	-3664.841303	3.41444766654181e-13	9.23365557189093e-14	-9.23365557189093e-14
679810.393490	9534.348062	-9512.260578	3.60573495978042e-13	7.58027050553365e-14	-7.58027050553365e-14
720614.458978	14451.146554	-9767.997326	3.45209948477628e-13	9.37369955086648e-14	-9.37369955086648e-14
863314.974459	103508.196673	-123571.296707	2.29973134336651e-13	4.78582307849948e-14	-4.78582307849948e-14
1066111.813073	21258.894579	-37395.455469	1.5247203455212e-13	3.81716959741398e-14	-3.81716959741398e-14
1161287.814084	18617.647568	-27256.761532	1.95612786455481e-13	5.46344584295156e-14	-5.46344584295156e-14
1213381.341423	24705.215749	-28352.815291	1.73499206034594e-13	4.49931644388202e-14	-4.49931644388202e-14
1273397.948505	28188.710927	-30345.401273	1.43512236411799e-13	3.99654329248049e-14	-3.99654329248049e-14
1409219.913328	119045.038864	-102570.025336	8.51467595458369e-14	2.35512313637421e-14	-2.35512313637421e-14
1965642.135980	146419.111264	-241685.418388	4.98617098210408e-14	1.16913430950834e-14	-1.16913430950834e-14
