READ TERR 1 2
NO	NO	NO	NO	NO	NO
!Time	Poserr	Negerr	Flux	PosErr	NegErr
!XRT wt mode data
109.393170	0.766716	-0.588978	2.95534865558428e-09	4.40557384928946e-10	-4.40557384928946e-10
110.667081	0.667018	-0.507195	3.89354650625086e-09	5.80415689805935e-10	-5.80415689805935e-10
111.965490	0.631794	-0.631391	4.13444760977001e-09	6.16327090685775e-10	-6.16327090685775e-10
113.170997	0.468859	-0.573713	5.26365231736893e-09	7.84658938947937e-10	-7.84658938947937e-10
114.202212	0.643898	-0.562356	4.03638277538004e-09	6.11384954815253e-10	-6.11384954815253e-10
115.480366	0.555962	-0.634256	3.53989081295118e-09	5.44878087765362e-10	-5.44878087765362e-10
116.424208	0.732969	-0.387880	3.96656905178135e-09	5.91301203224545e-10	-5.91301203224545e-10
117.892303	0.734435	-0.735126	3.14463944354726e-09	4.76313936018009e-10	-4.76313936018009e-10
119.427452	0.932160	-0.800715	2.76007158068468e-09	4.11447142072261e-10	-4.11447142072261e-10
121.093564	0.603957	-0.733952	3.46927928773746e-09	5.42745281859814e-10	-5.42745281859814e-10
122.669640	1.132575	-0.972119	2.25077095185206e-09	3.35525115839495e-10	-3.35525115839495e-10
124.991653	0.990000	-1.189437	2.06856009997177e-09	3.08362730224932e-10	-3.08362730224932e-10
127.198917	1.111582	-1.217265	1.82919788555752e-09	2.81559470707982e-10	-2.81559470707982e-10
129.473576	0.877601	-1.163076	2.15265598288072e-09	3.20898983199484e-10	-3.20898983199484e-10
131.377302	1.016303	-1.026125	2.09953546415845e-09	3.23171227027211e-10	-3.23171227027211e-10
133.601868	1.421285	-1.208262	1.66389950987328e-09	2.48039456679257e-10	-2.48039456679257e-10
136.471172	1.400365	-1.448019	1.51259772357762e-09	2.25484764728892e-10	-2.25484764728892e-10
139.609874	1.545903	-1.738337	1.27809986853876e-09	1.90527857235782e-10	-1.90527857235782e-10
143.186462	1.705474	-2.030685	1.0968363357497e-09	1.63506699484767e-10	-1.63506699484767e-10
147.153891	2.424263	-2.261955	8.55881595384564e-10	1.29639144047868e-10	-1.29639144047868e-10
151.238453	2.602465	-1.660299	6.42404770512564e-10	1.1728654288282e-10	-1.1728654288282e-10
156.189898	2.041901	-2.348980	6.5126315284531e-10	1.18903814323824e-10	-1.18903814323824e-10
160.712625	2.498949	-2.480826	8.32479397441485e-10	1.29089705704589e-10	-1.29089705704589e-10
165.639666	3.482128	-2.428092	4.79674746561766e-10	9.19071128248983e-11	-9.19071128248983e-11
172.589550	3.264448	-3.467756	4.37440686839049e-10	7.98653478811182e-11	-7.98653478811182e-11
179.073337	3.870464	-3.219339	4.14215338751456e-10	7.5625010086051e-11	-7.5625010086051e-11
188.601845	5.680278	-5.658045	2.52260677925539e-10	4.71740786491387e-11	-4.71740786491387e-11
NO	NO	NO	NO	NO	NO
!Time	Poserr	Negerr	Flux	PosErr	NegErr
!XRT pc mode data
214.396950	11.327202	-13.745947	1.71955888742065e-10	3.75238809309694e-11	-3.75238809309694e-11
240.908321	19.918170	-15.184170	1.16307694757334e-10	2.61062945038067e-11	-2.61062945038067e-11
284.406204	21.551948	-23.579712	9.18560898027842e-11	2.07762069079074e-11	-2.07762069079074e-11
328.973040	37.160632	-23.014888	7.11623267792825e-11	1.59729918468522e-11	-1.59729918468522e-11
399.333236	37.005275	-33.199565	3.93713933713012e-11	8.90689537679922e-12	-8.90689537679922e-12
462.757089	31.249603	-26.418577	3.88719398284162e-11	8.72574099665813e-12	-8.72574099665813e-12
534.683441	47.079271	-40.676750	2.47976227822331e-11	5.56637925662439e-12	-5.56637925662439e-12
625.839828	53.708144	-44.077116	2.15733620151784e-11	4.84267219291862e-12	-4.84267219291862e-12
753.590859	68.874093	-74.042887	1.40736761073054e-11	3.20894450004696e-12	-3.20894450004696e-12
869.009244	56.255628	-46.544292	1.97074174357868e-11	4.42377756840704e-12	-4.42377756840704e-12
994.918413	78.273979	-69.653541	1.4877883394016e-11	3.20692516698788e-12	-3.20692516698788e-12
4351.205202	64.712690	-73.189210	1.24250957918148e-11	2.79820593475477e-12	-2.79820593475477e-12
4492.858844	53.439108	-76.940952	1.35321161549536e-11	3.05835901753203e-12	-3.05835901753203e-12
4589.104626	52.471046	-42.806674	1.98665153594977e-11	4.47402320796522e-12	-4.47402320796522e-12
4695.929627	33.401885	-54.353955	2.29455659810313e-11	5.13074299078602e-12	-5.13074299078602e-12
4795.430714	41.715097	-66.099203	1.79270990987499e-11	3.95207695628617e-12	-3.95207695628617e-12
4909.889793	45.099599	-72.743981	1.42223081834007e-11	3.22592804458194e-12	-3.22592804458194e-12
4990.677833	49.560119	-35.688441	2.04814552798368e-11	4.48458306568441e-12	-4.48458306568441e-12
5124.287134	61.374838	-84.049182	1.13893344265141e-11	2.58332085024748e-12	-2.58332085024748e-12
5229.120000	36.775891	-43.458029	2.08836593296189e-11	4.70310272590497e-12	-4.70310272590497e-12
5333.012293	38.190719	-67.116401	1.61907765795294e-11	3.68564488090468e-12	-3.68564488090468e-12
5458.451116	88.263676	-87.248104	1.00719010994297e-11	2.30944914036057e-12	-2.30944914036057e-12
5584.014147	50.456604	-37.299356	2.12711207861822e-11	4.77331917247663e-12	-4.77331917247663e-12
5704.224156	48.090255	-69.753404	1.54333149598874e-11	3.51321525589905e-12	-3.51321525589905e-12
5824.514183	58.180509	-72.199771	1.39743119503531e-11	3.13585470413962e-12	-3.13585470413962e-12
5971.605630	64.035162	-88.910938	1.16472613973029e-11	2.62299847878411e-12	-2.62299847878411e-12
6104.489956	56.516496	-68.849164	1.41193283351186e-11	3.16842251444591e-12	-3.16842251444591e-12
6232.710582	86.256610	-71.704130	1.20374538624697e-11	2.63569877671198e-12	-2.63569877671198e-12
6361.421309	40.287243	-42.454117	2.21602334795512e-11	5.02643211202588e-12	-5.02643211202588e-12
6517.881759	144.576532	-116.173208	1.2889464541997e-11	2.17015122713635e-12	-2.17015122713635e-12
10154.495002	121.170429	-89.443439	6.33604483624957e-12	1.66170874908869e-12	-1.66170874908869e-12
10377.229610	126.600862	-101.564178	7.04715737984648e-12	1.67398885824228e-12	-1.67398885824228e-12
10584.876816	114.523776	-81.046344	7.35439550598528e-12	1.86022219612724e-12	-1.86022219612724e-12
10800.362982	117.173569	-100.962391	6.26109474462599e-12	1.63178121527977e-12	-1.63178121527977e-12
11016.286382	124.400850	-98.749830	6.15701646092989e-12	1.60967750612546e-12	-1.60967750612546e-12
11229.421685	106.835826	-88.734454	8.03867289952952e-12	1.96580281154971e-12	-1.96580281154971e-12
11435.789985	83.501307	-99.532473	7.63378158203874e-12	1.98331326639884e-12	-1.98331326639884e-12
11616.187228	96.167124	-96.895936	7.25004919579258e-12	1.9014310277288e-12	-1.9014310277288e-12
11793.032670	89.818881	-80.678319	8.39875214868192e-12	2.20268059218898e-12	-2.20268059218898e-12
11966.291825	104.608247	-83.440273	8.86210395945847e-12	2.17316246972851e-12	-2.17316246972851e-12
12179.794940	79.153672	-108.894868	7.96346314387998e-12	2.08854192686468e-12	-2.08854192686468e-12
12380.131804	179.683259	-121.183192	6.65923485790605e-12	1.51058601825537e-12	-1.51058601825537e-12
16008.421422	151.962850	-148.913890	9.03872275035461e-12	2.33771215756534e-12	-2.33771215756534e-12
16617.584153	204.729419	-457.199881	4.06211219319974e-12	1.06689457677771e-12	-1.06689457677771e-12
17129.735674	384.595557	-307.422103	3.86391900062401e-12	1.02188861752149e-12	-1.02188861752149e-12
17910.167528	521.829803	-395.836297	4.21261733603553e-12	9.13079190646474e-13	-9.13079190646474e-13
21866.814579	266.983153	-224.448727	4.80452967678644e-12	1.26392149095051e-12	-1.26392149095051e-12
22659.390312	620.247380	-525.592580	2.00762120187781e-12	5.32761009930741e-13	-5.32761009930741e-13
23687.142289	530.220663	-407.504597	3.53180689859454e-12	7.86025958627158e-13	-7.86025958627158e-13
27775.088212	393.343120	-343.804729	2.17480410207153e-12	5.72456606869851e-13	-5.72456606869851e-13
28438.822787	286.230905	-270.391455	2.91334619899968e-12	7.66825087202134e-13	-7.66825087202134e-13
29465.294824	535.979807	-740.241133	2.29726214004903e-12	4.50467410599317e-13	-4.50467410599317e-13
33664.045029	283.203442	-438.900898	1.9147723131886e-12	5.09877275955185e-13	-5.09877275955185e-13
34421.806678	202.415373	-474.558207	2.20479514827806e-12	5.57559171494637e-13	-5.57559171494637e-13
35233.084948	552.012484	-608.862896	2.18111050752149e-12	4.26546133484133e-13	-4.26546133484133e-13
40224.168805	1346.376147	-1216.084453	1.08347635932933e-12	2.13457484709639e-13	-2.13457484709639e-13
46121.300276	1230.816436	-1324.122264	9.89548730881346e-13	2.13829779901364e-13	-2.13829779901364e-13
51781.469787	1358.003665	-1211.978835	8.75301669700301e-13	2.03181485936714e-13	-2.03181485936714e-13
69902.157555	6367.211637	-13547.661723	3.43876908218938e-13	7.36283711376395e-14	-7.36283711376395e-14
100559.136106	26653.497185	-21067.252255	2.28629241415597e-13	5.5538986835467e-14	-5.5538986835467e-14
364578.331533	93352.600418	-155370.496390	4.39996365301251e-14	2.42044908843758e-14	-2.42044908843758e-14
