!TIME		Err (pos)	Err(neg)	Flux		Error
     104.149	     0.825	     -1.173	3.52808e-09	3.20763e-10
     106.125	     1.055	     -1.151	7.97875e-09	5.15659e-10
     108.209	     1.224	     -1.029	6.42444e-09	4.34354e-10
     110.599	     1.216	     -1.166	4.50100e-09	3.41087e-10
     112.950	     1.156	     -1.135	4.73781e-09	3.59269e-10
     115.084	     0.988	     -0.978	3.65385e-09	3.18162e-10
     117.197	     1.004	     -1.125	3.72440e-09	3.29293e-10
     119.359	     1.264	     -1.157	3.13656e-09	2.72028e-10
     121.900	     1.417	     -1.277	2.61777e-09	2.29396e-10
     124.779	     1.367	     -1.462	2.53315e-09	2.18542e-10
     127.361	     1.314	     -1.216	3.02761e-09	2.63305e-10
     129.659	     0.693	     -0.983	2.81882e-09	3.05654e-10
     131.956	     1.624	     -1.605	2.15920e-09	1.86037e-10
     134.615	     1.036	     -1.035	2.23029e-09	2.35149e-10
     137.650	     1.705	     -1.999	1.83514e-09	1.60419e-10
     140.586	     1.284	     -1.230	1.87177e-09	1.97561e-10
     143.265	     1.424	     -1.396	2.64575e-09	2.30157e-10
     146.389	     1.563	     -1.699	2.21210e-09	1.91583e-10
     149.053	     1.026	     -1.101	2.28590e-09	2.41179e-10
     151.431	     1.599	     -1.352	1.58880e-09	1.70274e-10
     154.444	     1.331	     -1.414	1.65151e-09	1.78333e-10
     157.838	     1.839	     -2.063	1.15569e-09	1.24503e-10
     161.494	     2.092	     -1.817	1.16231e-09	1.25116e-10
     164.688	     1.103	     -1.103	1.04033e-09	1.57632e-10
     168.404	     1.742	     -2.613	1.52331e-09	1.38400e-10
     171.595	     1.468	     -1.448	5.12616e-09	3.43308e-10
     174.698	     1.854	     -1.635	4.76360e-09	2.92922e-10
     178.505	     1.754	     -1.954	3.48346e-09	2.36207e-10
     181.978	     1.732	     -1.719	3.57826e-09	2.41151e-10
     185.827	     1.878	     -2.116	4.73135e-09	2.69375e-10
     189.532	     1.868	     -1.827	5.56675e-09	3.08517e-10
     193.510	     1.989	     -2.110	4.80278e-09	2.63786e-10
     197.328	     1.777	     -1.829	6.89364e-09	3.54276e-10
     200.970	     2.135	     -1.865	6.73430e-09	3.24078e-10
     205.218	     2.301	     -2.113	5.41123e-09	2.65759e-10
     209.491	     2.075	     -1.972	4.32437e-09	2.44076e-10
     213.613	     2.241	     -2.047	3.34971e-09	2.09235e-10
     217.878	     2.211	     -2.024	3.21179e-09	1.99178e-10
     222.416	     2.201	     -2.327	3.10515e-09	1.89940e-10
     227.038	     2.436	     -2.422	3.03450e-09	1.86904e-10
     231.511	     2.232	     -2.038	2.68840e-09	1.83701e-10
     235.880	     2.129	     -2.136	2.16251e-09	1.61306e-10
     240.376	     2.210	     -2.368	2.02082e-09	1.51291e-10
     245.631	     3.413	     -3.045	1.40813e-09	1.06981e-10
     250.638	     1.889	     -1.594	1.27709e-09	1.38321e-10
     255.015	     2.506	     -2.488	1.42364e-09	1.22574e-10
     260.541	     3.078	     -3.019	1.12595e-09	9.90806e-11
     265.944	     2.228	     -2.325	1.01241e-09	1.06822e-10
     271.260	     2.661	     -3.089	8.16786e-10	8.62284e-11
     277.294	     3.700	     -3.372	6.43021e-10	6.96923e-11
     282.999	     1.930	     -2.006	5.77600e-10	8.75183e-11
     288.866	     4.090	     -3.938	5.73293e-10	6.05104e-11
     294.740	     1.294	     -1.784	4.81410e-10	9.23355e-11
     299.798	     4.689	     -3.763	3.91070e-10	4.91252e-11
     305.871	     1.786	     -1.384	5.00612e-10	9.20690e-11
     310.847	     3.715	     -3.190	5.40017e-10	6.47731e-11
     318.510	     3.877	     -3.948	6.08536e-10	6.41493e-11
     326.419	     2.862	     -4.032	5.43905e-10	6.43999e-11
     332.602	     3.578	     -3.322	6.92595e-10	7.30224e-11
     338.897	     3.354	     -2.717	8.04447e-10	8.53188e-11
     345.568	     3.377	     -3.318	7.25544e-10	7.72226e-11
     352.495	     3.347	     -3.549	7.01114e-10	7.39061e-11
     359.630	     3.011	     -3.789	1.34523e-09	1.03550e-10
     366.616	     3.679	     -3.975	2.33988e-09	1.26591e-10
     373.895	     3.547	     -3.600	2.55461e-09	1.38031e-10
     381.294	     4.264	     -3.852	2.50999e-09	1.26680e-10
     389.505	     3.965	     -3.947	1.98713e-09	1.14114e-10
     396.795	     4.016	     -3.325	1.80159e-09	1.13547e-10
     404.647	     4.614	     -3.837	1.51490e-09	9.75858e-11
     413.251	     4.487	     -3.990	1.37369e-09	9.24044e-11
     421.731	     4.117	     -3.992	1.14386e-09	8.78001e-11
     430.501	     5.703	     -4.653	9.25862e-10	7.29998e-11
     439.246	     3.361	     -3.042	7.87955e-10	8.52524e-11
     447.658	     5.452	     -5.050	6.95899e-10	6.04969e-11
     457.487	     4.305	     -4.378	8.10318e-10	7.01235e-11
     465.488	     3.856	     -3.696	6.13362e-10	6.57610e-11
     474.737	     5.865	     -5.393	5.54672e-10	5.13994e-11
     485.336	     4.866	     -4.734	7.23743e-10	6.29043e-11
     494.177	     4.203	     -3.974	5.71651e-10	6.07574e-11
     504.117	     5.876	     -5.738	5.52705e-10	5.09460e-11
     514.949	     6.438	     -4.956	5.14700e-10	4.92177e-11
     526.219	     4.800	     -4.832	4.75599e-10	5.09611e-11
     536.235	     5.172	     -5.216	4.42447e-10	4.75374e-11
     547.207	     5.630	     -5.799	4.24021e-10	4.42460e-11
     559.190	     6.252	     -6.353	3.69941e-10	3.99580e-11
     569.459	     3.783	     -4.017	3.98057e-10	5.16972e-11
     580.742	     6.021	     -7.501	3.32681e-10	3.61014e-11
     593.272	     6.169	     -6.509	3.64165e-10	3.87012e-11
     604.832	     5.634	     -5.391	2.75587e-10	3.64450e-11
    3868.363	    90.189	   -107.904	7.20350e-11	9.31902e-12
    4079.288	   104.922	   -120.736	5.81609e-11	6.60411e-12
    4314.250	   100.632	   -130.041	5.21794e-11	6.03124e-12
    4520.965	    94.503	   -106.083	6.18499e-11	7.01573e-12
    4764.445	   126.828	   -148.977	5.53537e-11	5.66587e-12
    5027.678	   126.863	   -136.405	6.56725e-11	6.68526e-12
    5305.128	   170.350	   -150.587	4.70226e-11	4.89434e-12
    5625.446	   138.374	   -149.968	5.07532e-11	5.41405e-12
    5915.097	   174.674	   -151.278	4.77750e-11	4.90305e-12
    6247.621	   148.043	   -157.850	4.31708e-11	4.85594e-12
    9717.921	   213.078	   -205.326	2.93110e-11	2.73799e-12
   10121.487	   180.595	   -190.488	3.23261e-11	2.96010e-12
   10534.062	   246.916	   -231.980	2.86496e-11	2.48354e-12
   11004.005	   208.232	   -223.026	3.28029e-11	2.85415e-12
   11486.648	   227.053	   -274.410	2.37194e-11	1.94074e-12
   11943.722	   238.849	   -230.021	2.91327e-11	2.47019e-12
   15576.194	   240.968	   -227.900	2.16936e-11	2.03855e-12
   16084.966	   276.283	   -267.804	1.75946e-11	1.33031e-12
   16619.262	   291.088	   -258.013	1.74463e-11	1.31655e-12
   17166.777	   204.920	   -256.426	1.63425e-11	1.52156e-12
   17689.979	   275.953	   -318.281	1.40929e-11	1.14919e-12
   21364.756	   318.289	   -280.539	1.36878e-11	1.28386e-12
   22044.330	   360.822	   -361.283	1.31206e-11	9.97638e-13
   22748.951	   333.176	   -343.799	1.25606e-11	1.01107e-12
   23421.295	   330.285	   -339.168	1.32230e-11	1.07647e-12
   27317.133	   451.580	   -411.668	1.19906e-11	9.14503e-13
   28190.621	   400.492	   -421.908	1.03089e-11	8.30030e-13
   29061.156	   475.201	   -470.045	9.90758e-12	7.52906e-13
   33198.496	   369.621	   -391.438	9.73077e-12	9.04824e-13
   34003.398	   419.715	   -435.281	8.41261e-12	7.36764e-13
   34879.113	   441.605	   -456.000	8.05780e-12	7.11654e-13
   39036.566	   608.238	   -600.289	6.69902e-12	5.70140e-13
   40377.023	   727.039	   -732.223	7.60972e-12	5.48867e-13
   44645.973	   420.066	   -392.305	6.01716e-12	7.01486e-13
   45852.082	   625.223	   -786.043	5.17266e-12	5.72928e-13
   46708.914	   180.723	   -231.609	8.83928e-12	1.67326e-12
   50617.957	   713.316	   -604.609	5.34632e-12	5.00112e-13
   52016.555	   658.230	   -685.281	6.32259e-12	8.34810e-13
   56062.805	   218.414	   -228.270	5.45672e-12	9.63208e-13
   57041.277	  1151.266	   -760.062	3.44485e-12	4.63705e-13
   71652.906	  2875.117	  -2101.766	3.05224e-12	5.18594e-13
   80010.266	   277.930	   -248.609	3.45845e-12	6.11040e-13
   85852.586	   255.781	   -280.789	3.57192e-12	6.15392e-13
   91599.383	   269.055	   -262.500	2.19527e-12	4.96361e-13
   99481.383	  3874.164	  -2388.102	1.88901e-12	3.37334e-13
  288126.156	  6301.219	  -4833.469	7.73406e-13	1.77475e-13
  322039.938	  7727.344	  -4987.312	5.19854e-13	1.33650e-13
  343899.406	  9507.062	  -9326.375	3.54980e-13	6.38414e-14
  371974.531	 16112.219	 -14300.469	3.08065e-13	5.22907e-14
  398523.844	 12114.719	  -6110.375	3.66876e-13	7.08361e-14
  517704.312	 14382.938	 -15373.688	2.01415e-13	5.07252e-14
  562224.125	 21802.938	 -25210.875	2.35661e-13	4.61365e-14
  857009.250	 39311.250	 -35977.000	1.15667e-13	2.75471e-14
 1581351.500	298133.500	-125493.500	2.26769e-14	1.57774e-14
