READ TERR 1 2
NO	NO	NO	NO	NO	NO
!Time	Poserr	Negerr	Flux	PosErr	NegErr
!XRT wt mode data
59.417438	0.773631	-0.861381	1.60870839320932e-09	2.39812106441179e-10	-2.39812106441179e-10
61.132157	1.225887	-0.941088	1.23064802901652e-09	1.8345418571997e-10	-1.8345418571997e-10
63.542206	1.411574	-1.184162	1.03370118239493e-09	1.56519916615442e-10	-1.56519916615442e-10
66.739683	1.420076	-1.785903	8.30688210823255e-10	1.27776236740953e-10	-1.27776236740953e-10
69.630533	1.407843	-1.470774	9.39640408537698e-10	1.40073319281841e-10	-1.40073319281841e-10
72.105752	1.233006	-1.067376	1.16665304266067e-09	1.73914358754507e-10	-1.73914358754507e-10
74.367850	0.945743	-1.029093	1.34901224632918e-09	2.0109884245775e-10	-2.0109884245775e-10
76.671823	0.956404	-1.358230	1.1043713426448e-09	1.7259295483269e-10	-1.7259295483269e-10
78.430261	0.838318	-0.802034	1.62939893780555e-09	2.42896442690166e-10	-2.42896442690166e-10
79.991961	0.838670	-0.723382	1.72198649083324e-09	2.56698566864295e-10	-2.56698566864295e-10
81.774595	0.781795	-0.943964	1.52957165515386e-09	2.31603126117313e-10	-2.31603126117313e-10
83.588334	1.097659	-1.031944	1.21768706674277e-09	1.87304292968572e-10	-1.87304292968572e-10
85.532909	0.764959	-0.846916	1.64420169054619e-09	2.4510309693328e-10	-2.4510309693328e-10
87.330585	0.712612	-1.032717	1.49907981402255e-09	2.26986125462159e-10	-2.26986125462159e-10
88.889189	0.849483	-0.845992	1.5653336728158e-09	2.33346148056187e-10	-2.33346148056187e-10
90.420200	0.604784	-0.681529	2.07533418865989e-09	3.09372561348527e-10	-3.09372561348527e-10
91.757820	0.653095	-0.732835	1.91376543396615e-09	2.94374898100806e-10	-2.94374898100806e-10
93.170101	0.600066	-0.759186	2.01144215312709e-09	3.04566511995856e-10	-3.04566511995856e-10
94.436288	0.438722	-0.666120	2.54252075766619e-09	3.7901662562964e-10	-3.7901662562964e-10
95.309947	0.401254	-0.434938	3.40125404513357e-09	5.07029041677494e-10	-5.07029041677494e-10
96.056663	0.367962	-0.345461	4.09398258938348e-09	6.10294860868653e-10	-6.10294860868653e-10
96.773904	0.408621	-0.349279	3.80819192393718e-09	5.95150486415863e-10	-5.95150486415863e-10
97.609812	0.375102	-0.427287	3.62137481325397e-09	5.48337649691115e-10	-5.48337649691115e-10
98.276732	0.370019	-0.291818	4.29785245390094e-09	6.40685984898266e-10	-6.40685984898266e-10
99.123176	0.350866	-0.476425	3.34903163869889e-09	5.07100260069362e-10	-5.07100260069362e-10
99.870481	0.366796	-0.396439	3.751235392332e-09	5.59201171204267e-10	-5.59201171204267e-10
100.615460	0.420648	-0.378182	3.63033656850043e-09	5.41178633765593e-10	-5.41178633765593e-10
101.386709	0.414416	-0.350602	3.75735534452977e-09	5.60113489201049e-10	-5.60113489201049e-10
102.360213	0.559977	-0.559088	2.50919538524771e-09	3.7993479963424e-10	-3.7993479963424e-10
103.565132	0.652046	-0.644942	2.10588423357801e-09	3.18866639810644e-10	-3.18866639810644e-10
104.717428	0.663264	-0.500250	2.27683588397108e-09	3.44751584204361e-10	-3.44751584204361e-10
105.917565	0.544840	-0.536873	2.55909564579988e-09	3.81487480218839e-10	-3.81487480218839e-10
107.006998	0.515755	-0.544593	2.72634401168226e-09	4.19365509863219e-10	-4.19365509863219e-10
107.901895	0.357419	-0.379141	4.14320660312857e-09	6.37306921348778e-10	-6.37306921348778e-10
108.519620	0.264538	-0.260306	6.1489228261018e-09	9.16627290402995e-10	-9.16627290402995e-10
109.117075	0.339582	-0.332917	7.02129220409434e-09	8.89947089743922e-10	-8.89947089743922e-10
109.761761	0.285563	-0.305103	8.81178116422492e-09	1.06081378795217e-09	-1.06081378795217e-09
110.357728	0.356771	-0.310404	7.14503830929085e-09	8.84579280101499e-10	-8.84579280101499e-10
111.038120	0.252818	-0.323621	5.21316258514463e-09	7.77132370253485e-10	-7.77132370253485e-10
111.527270	0.300969	-0.236332	5.40072983329369e-09	8.05093268914409e-10	-8.05093268914409e-10
112.099346	0.246609	-0.271108	5.3748356433745e-09	8.13841397502442e-10	-8.13841397502442e-10
112.638899	0.322625	-0.292943	6.77580376636757e-09	8.21686910029211e-10	-8.21686910029211e-10
113.244101	0.308095	-0.282577	4.58342186004123e-09	6.940079155733e-10	-6.940079155733e-10
113.852163	0.280031	-0.299967	4.68696786937516e-09	6.98691911970564e-10	-6.98691911970564e-10
114.498202	0.295829	-0.366008	4.06709215454751e-09	6.06286326413964e-10	-6.06286326413964e-10
115.185025	0.395375	-0.390994	3.42469985392305e-09	5.10524099461506e-10	-5.10524099461506e-10
115.972086	0.378667	-0.391686	3.557920015577e-09	5.30383391941619e-10	-5.30383391941619e-10
116.780644	0.434769	-0.429891	3.17349969688546e-09	4.73077390878671e-10	-4.73077390878671e-10
117.863151	0.469537	-0.647738	2.41071409615599e-09	3.59368021337708e-10	-3.59368021337708e-10
118.871663	0.446664	-0.538976	2.6983830840779e-09	4.02251223656236e-10	-4.02251223656236e-10
119.832216	0.500217	-0.513889	2.6181418728063e-09	3.90289565579391e-10	-3.90289565579391e-10
120.964570	0.654174	-0.632136	2.06473939527226e-09	3.07793150732815e-10	-3.07793150732815e-10
122.243596	0.700565	-0.624852	2.04688488063061e-09	3.05131605771478e-10	-3.05131605771478e-10
123.681223	0.723606	-0.737062	1.87845668840192e-09	2.84430220510101e-10	-2.84430220510101e-10
124.977477	0.898676	-0.572648	1.91291321615938e-09	2.85160289606997e-10	-2.85160289606997e-10
126.906185	0.882539	-1.030032	1.46964837954838e-09	2.1908226011247e-10	-2.1908226011247e-10
128.871869	1.405840	-1.083145	1.11422770981718e-09	1.68713001583453e-10	-1.68713001583453e-10
131.626844	1.444083	-1.349135	1.00352459055249e-09	1.49596632303115e-10	-1.49596632303115e-10
134.548472	2.061133	-1.477544	7.84594436322618e-10	1.18800936278789e-10	-1.18800936278789e-10
138.323880	1.868858	-1.714276	7.87055146923868e-10	1.17327278021133e-10	-1.17327278021133e-10
141.962526	1.498461	-1.769787	5.78313437954271e-10	1.05585118262976e-10	-1.05585118262976e-10
145.582992	1.699551	-2.122005	7.41845482103932e-10	1.1232802392589e-10	-1.1232802392589e-10
148.853301	1.816688	-1.570758	5.70899342683652e-10	1.04231509578542e-10	-1.04231509578542e-10
152.294876	2.194902	-1.624886	5.10618772391708e-10	9.32258004364544e-11	-9.32258004364544e-11
157.361366	2.634766	-2.871589	3.45031716285489e-10	6.44897514107864e-11	-6.44897514107864e-11
164.966769	4.142023	-4.970637	2.02293429628251e-10	3.87200197672705e-11	-3.87200197672705e-11
173.338733	4.587384	-4.229941	2.10521107757201e-10	3.93484282991557e-11	-3.93484282991557e-11
180.815024	4.616268	-2.888907	2.44849934668639e-10	4.57648498728491e-11	-4.57648498728491e-11
NO	NO	NO	NO	NO	NO
!Time	Poserr	Negerr	Flux	PosErr	NegErr
!XRT pc mode data
201.329553	12.942559	-14.637821	9.14542486800335e-11	2.05996389991649e-11	-2.05996389991649e-11
245.109065	39.367807	-30.836953	3.314657401973e-11	7.43886762286202e-12	-7.43886762286202e-12
332.189613	67.623618	-47.712742	1.26864812065634e-11	2.84714392577254e-12	-2.84714392577254e-12
462.798527	54.858365	-62.985295	2.04803581552532e-11	4.66436222497353e-12	-4.66436222497353e-12
542.172060	33.153072	-24.515168	4.45751685089714e-11	9.76091301897049e-12	-9.76091301897049e-12
616.022285	29.507607	-40.697153	3.67317361023287e-11	8.01554065772432e-12	-8.01554065772432e-12
703.542931	62.338000	-58.013040	2.04020638336527e-11	4.56204556092203e-12	-4.56204556092203e-12
850.483662	73.358009	-84.602731	1.04964340177792e-11	2.03121691344217e-12	-2.03121691344217e-12
4512.991165	108.237366	-351.345782	6.00497498667033e-12	1.63097218523931e-12	-1.63097218523931e-12
4721.972817	142.464615	-100.744285	4.46394618761638e-12	1.16274965295214e-12	-1.16274965295214e-12
5011.377074	118.835057	-146.939643	4.02088177007845e-12	1.0412197271469e-12	-1.0412197271469e-12
5337.605310	116.049682	-207.393178	3.16381725604451e-12	8.2646555956178e-13	-8.2646555956178e-13
5601.562251	127.896821	-147.907259	3.63441522894256e-12	9.43905139874189e-13	-9.43905139874189e-13
5941.920041	228.825710	-212.460970	2.13869723437432e-12	5.72157749630654e-13	-5.72157749630654e-13
6271.326608	77.438284	-100.580856	5.43198492189375e-12	1.41486541760694e-12	-1.41486541760694e-12
6530.395244	179.413920	-181.630352	2.66309662034809e-12	6.97761803427611e-13	-6.97761803427611e-13
10273.007464	153.133247	-324.447821	2.44929322001109e-12	6.17116358421843e-13	-6.17116358421843e-13
10683.407525	256.731507	-257.266813	1.9714783118911e-12	5.15866628343037e-13	-5.15866628343037e-13
11196.780063	224.762349	-256.641031	2.12231616874871e-12	5.51663643831272e-13	-5.51663643831272e-13
11955.614197	541.555075	-534.071785	1.78434302268941e-12	3.44646756252305e-13	-3.44646756252305e-13
16139.439029	255.124563	-314.103186	2.21590868393007e-12	5.79916009700996e-13	-5.79916009700996e-13
16677.695089	255.939963	-283.131498	2.13492732590838e-12	5.57814513729258e-13	-5.57814513729258e-13
17239.260180	306.158431	-305.625128	1.87562261882094e-12	4.92556525679145e-13	-4.92556525679145e-13
18000.762273	281.796519	-455.343661	1.54822630060009e-12	4.05191450676942e-13	-4.05191450676942e-13
25275.490558	4579.824433	-3691.173455	6.15753977862364e-13	1.35818288164547e-13	-1.35818288164547e-13
34644.170725	998.214586	-869.723914	6.40074165126662e-13	1.55648499099751e-13	-1.55648499099751e-13
41863.236046	5351.343846	-1941.856934	3.67230421603885e-13	9.73507061044262e-14	-9.73507061044262e-14
59794.641077	10564.540815	-7868.194225	2.88657001795047e-13	7.06749862138945e-14	-7.06749862138945e-14
81730.205030	90934.246841	-8060.550647	2.39204624415128e-13	6.63170205702957e-14	-6.63170205702957e-14
