READ TERR 1 2
NO	NO	NO	NO	NO	NO
!Time	Poserr	Negerr	Flux	PosErr	NegErr
!XRT wt mode data
96.838136	1.434670	-1.337200	1.35475236057141e-09	2.05132511011293e-10	-2.05132511011293e-10
99.910537	1.554000	-1.637731	1.122593289054e-09	1.72677035769219e-10	-1.72677035769219e-10
103.301548	1.819033	-1.837012	9.68049260821768e-10	1.44308265067277e-10	-1.44308265067277e-10
106.923252	1.855197	-1.802672	9.45778633505697e-10	1.40988324836956e-10	-1.40988324836956e-10
110.719856	1.453141	-1.941406	6.67495740898132e-10	1.24761427759756e-10	-1.24761427759756e-10
113.778614	1.495375	-1.605617	7.19183107449242e-10	1.37655344740982e-10	-1.37655344740982e-10
116.954220	1.888684	-1.680231	6.45140845726939e-10	1.2058304906373e-10	-1.2058304906373e-10
120.689229	2.558751	-1.846325	5.40328674990332e-10	9.86500701251692e-11	-9.86500701251692e-11
127.167895	3.514989	-3.919914	3.19183259646824e-10	5.82746368525192e-11	-5.82746368525192e-11
133.910083	3.576159	-3.227200	3.43199151524332e-10	6.26593008415179e-11	-6.26593008415179e-11
140.748174	5.347202	-3.261931	2.73003881985539e-10	5.10270326971815e-11	-5.10270326971815e-11
151.053823	4.938777	-4.958448	2.60925016456454e-10	4.76382047183538e-11	-4.76382047183538e-11
161.637901	4.935127	-5.645301	2.48067913782458e-10	4.86386676111086e-11	-4.86386676111086e-11
NO	NO	NO	NO	NO	NO
!Time	Poserr	Negerr	Flux	PosErr	NegErr
!XRT pc mode data
183.781379	8.321133	-9.230015	2.36433760711695e-10	5.31611877345282e-11	-5.31611877345282e-11
199.949558	7.196794	-7.847046	2.68915216846457e-10	6.1141701857118e-11	-6.1141701857118e-11
222.985883	11.740829	-15.839531	1.59646841480387e-10	3.2070755385878e-11	-3.2070755385878e-11
251.686704	20.649588	-16.959992	8.00481141964621e-11	1.82000883710775e-11	-1.82000883710775e-11
289.917370	22.535842	-17.581078	7.59495313572959e-11	1.71720431215069e-11	-1.71720431215069e-11
339.874178	27.739793	-27.420967	5.87932388948388e-11	1.28974361489841e-11	-1.28974361489841e-11
387.394039	15.322232	-19.780068	8.9970553590534e-11	2.0229545849995e-11	-2.0229545849995e-11
436.918512	25.973140	-34.202240	5.57209269806304e-11	1.23537539167552e-11	-1.23537539167552e-11
489.584884	25.960167	-26.693233	5.98872151982956e-11	1.35403734512742e-11	-1.35403734512742e-11
543.493108	22.198144	-27.948056	6.05411689843032e-11	1.37649052115733e-11	-1.37649052115733e-11
593.734095	24.610597	-28.042843	5.69366636609957e-11	1.28019681584699e-11	-1.28019681584699e-11
651.144117	42.419815	-32.799425	3.9440170251457e-11	8.96727906205456e-12	-8.96727906205456e-12
716.148929	27.561163	-22.584997	5.88449238515287e-11	1.34544863555397e-11	-1.34544863555397e-11
773.753668	25.117204	-30.043576	5.37922388626905e-11	1.22304242618125e-11	-1.22304242618125e-11
824.841046	19.161385	-25.970175	6.47056376132733e-11	1.49627850702924e-11	-1.49627850702924e-11
879.555899	44.680413	-35.553467	3.58097971341908e-11	8.42428058726011e-12	-8.42428058726011e-12
4776.977105	133.369687	-172.184982	1.68901850864747e-11	3.80881912742526e-12	-3.80881912742526e-12
4957.396360	45.720611	-47.049569	1.69561315010643e-11	3.82369452697501e-12	-3.82369452697501e-12
5081.261016	49.728336	-78.144044	1.37440295569175e-11	2.93023033324147e-12	-2.93023033324147e-12
5192.395462	68.973550	-61.406110	1.2353092876936e-11	2.76226276312896e-12	-2.76226276312896e-12
5324.899797	31.746675	-63.530785	1.74810246485368e-11	3.84555455101319e-12	-3.84555455101319e-12
5423.977911	48.004521	-67.331439	1.37402974772204e-11	3.07239414818095e-12	-3.07239414818095e-12
5520.171640	54.610152	-48.189208	1.53214047755391e-11	3.49959286080674e-12	-3.49959286080674e-12
5615.993886	31.499686	-41.212094	2.41129215893038e-11	5.2618340227978e-12	-5.2618340227978e-12
5683.068755	19.585497	-35.575183	3.1089393127966e-11	6.95181858867434e-12	-6.95181858867434e-12
5754.866010	48.080382	-52.211758	1.68787404911925e-11	3.83884566120405e-12	-3.83884566120405e-12
5882.262868	73.629004	-79.316476	1.15745424942078e-11	2.58801967576451e-12	-2.58801967576451e-12
6005.085603	61.127629	-49.193731	1.69419827112465e-11	3.85320601714118e-12	-3.85320601714118e-12
6133.776601	50.279911	-67.563369	1.83446178410016e-11	4.17221559773354e-12	-4.17221559773354e-12
6236.756671	47.592021	-52.700159	2.18327117566343e-11	4.94437154203213e-12	-4.94437154203213e-12
6335.657721	53.997771	-51.309029	1.85013281333997e-11	4.1899243652626e-12	-4.1899243652626e-12
6455.898744	66.643907	-66.243253	1.28922800887093e-11	2.89496994324571e-12	-2.89496994324571e-12
6566.986005	50.834306	-44.443354	1.86742853429586e-11	4.21119503710188e-12	-4.21119503710188e-12
6670.427318	37.656014	-52.607006	2.03303029117498e-11	4.56523427062563e-12	-4.56523427062563e-12
6761.662729	64.264003	-53.579397	1.52333831871961e-11	3.43518539621498e-12	-3.43518539621498e-12
6959.704815	149.544077	-133.778083	1.08367873688512e-11	1.86479241606432e-12	-1.86479241606432e-12
10619.024655	109.221357	-226.971232	8.23651244193832e-12	1.85568526518241e-12	-1.85568526518241e-12
10818.453606	160.522746	-90.207594	7.02283819937983e-12	1.59834832276902e-12	-1.59834832276902e-12
11067.578003	66.851168	-88.601652	8.36238817019554e-12	2.17366528384086e-12	-2.17366528384086e-12
11239.703571	87.787981	-105.274399	6.59851642285043e-12	1.72679580720447e-12	-1.72679580720447e-12
11403.483934	102.026238	-75.992382	9.65828719728257e-12	2.17053233678451e-12	-2.17053233678451e-12
11585.885738	80.091934	-80.375566	8.11197357074817e-12	2.0945050392736e-12	-2.0945050392736e-12
11720.992319	97.930993	-55.014647	8.41655960122459e-12	2.20997899265717e-12	-2.20997899265717e-12
11909.184168	87.757823	-90.260857	7.32907633337424e-12	1.92448376274276e-12	-1.92448376274276e-12
12085.376973	87.076399	-88.434981	7.5755361967064e-12	1.97580209009795e-12	-1.97580209009795e-12
12281.046374	86.976937	-108.593003	6.95293126217347e-12	1.79519362797403e-12	-1.79519362797403e-12
12537.748377	91.034955	-169.725065	5.11543791678281e-12	1.3477568349966e-12	-1.3477568349966e-12
12754.129758	140.423234	-125.346426	7.7086454351501e-12	1.62501132715854e-12	-1.62501132715854e-12
16358.151235	158.015637	-177.963163	5.06306014530076e-12	1.33229841183264e-12	-1.33229841183264e-12
16670.270705	161.816606	-154.103834	5.34628974378965e-12	1.40683316564025e-12	-1.40683316564025e-12
17015.852645	174.779266	-183.765334	4.78863503257096e-12	1.24423803514835e-12	-1.24423803514835e-12
17308.101060	113.202952	-117.469148	7.5130013097209e-12	1.9459700248088e-12	-1.9459700248088e-12
17537.071530	114.904642	-115.767518	7.52296024121976e-12	1.95469671186602e-12	-1.95469671186602e-12
17814.188465	138.664527	-162.212293	5.7821101245582e-12	1.50707010846795e-12	-1.50707010846795e-12
18216.756853	119.714278	-263.903862	4.47822194413653e-12	1.18983470317971e-12	-1.18983470317971e-12
18497.510850	182.455322	-161.039718	7.15311828885364e-12	1.57506591973752e-12	-1.57506591973752e-12
22106.463940	201.281612	-142.219228	4.36552888374743e-12	1.1310670812621e-12	-1.1310670812621e-12
22477.585697	178.675374	-169.840146	4.29560842279175e-12	1.12442069313068e-12	-1.12442069313068e-12
22795.624840	103.844912	-139.363768	6.45923270356535e-12	1.68502079119966e-12	-1.68502079119966e-12
23114.290007	183.841465	-214.820255	4.13251492539271e-12	1.07434420118134e-12	-1.07434420118134e-12
23510.417543	249.058469	-212.286071	3.7384759987345e-12	9.80300629071955e-13	-9.80300629071955e-13
24016.931560	449.598551	-257.455549	3.77206331617594e-12	7.9724681691002e-13	-7.9724681691002e-13
27939.886675	165.905717	-191.025671	4.67863490538008e-12	1.21630179277645e-12	-1.21630179277645e-12
28223.465686	148.101186	-117.673294	5.38308673478407e-12	1.39463317711579e-12	-1.39463317711579e-12
28683.394014	284.911878	-311.827142	2.34037805865057e-12	6.09463445315331e-13	-6.09463445315331e-13
29210.285479	176.740772	-241.979588	3.31013497741045e-12	8.63475144243822e-13	-8.63475144243822e-13
29575.512390	152.507881	-188.486139	4.06452222970747e-12	1.06030375827663e-12	-1.06030375827663e-12
29939.699279	312.341252	-211.679008	3.31675952873767e-12	7.76783450473286e-13	-7.76783450473286e-13
34985.900354	1052.185198	-1451.579110	1.73703708652165e-12	3.45141780721589e-13	-3.45141780721589e-13
40545.049190	1277.421821	-1224.863579	1.40516672630738e-12	2.92761485286019e-13	-2.92761485286019e-13
47202.705612	405.720159	-1063.976169	1.35179587159245e-12	3.63291446251645e-13	-3.63291446251645e-13
55269.542717	3909.763334	-4386.664414	1.61594951746009e-12	4.21680933471586e-13	-4.21680933471586e-13
66787.583561	3963.516291	-4343.930097	1.33678599841316e-12	2.53999008767649e-13	-2.53999008767649e-13
74967.482396	4986.065896	-941.620212	8.27091580152013e-13	2.2742597443971e-13	-2.2742597443971e-13
80705.430421	822.702270	-751.882130	9.64066787917924e-13	2.35331021940519e-13	-2.35331021940519e-13
86350.658248	762.861604	-750.276965	8.59350359181794e-13	2.3528497448263e-13	-2.3528497448263e-13
87532.243397	255.739935	-418.723545	1.78687256460678e-12	4.92419879932226e-13	-4.92419879932226e-13
96854.849804	2824.049608	-5467.391880	5.54590338382009e-13	1.36406777510501e-13	-1.36406777510501e-13
104142.616268	1321.541344	-1177.890476	7.37972843785917e-13	1.66055247939926e-13	-1.66055247939926e-13
109547.876019	479.728073	-804.010487	1.02411899789177e-12	2.75224423725046e-13	-2.75224423725046e-13
110776.909761	474.259190	-749.305670	1.19182074813233e-12	3.04766777338887e-13	-3.04766777338887e-13
118332.679688	4488.527344	-3800.218484	6.06518931468102e-13	1.30952951112431e-13	-1.30952951112431e-13
132663.793910	7514.991901	-6395.332119	5.17880406544279e-13	1.31541623262247e-13	-1.31541623262247e-13
163538.308111	15308.913821	-20093.596367	4.85027430051291e-13	9.85558019967234e-14	-9.85558019967234e-14
206832.799273	59193.298959	-16997.977961	1.93692215036541e-13	5.24368277969647e-14	-5.24368277969647e-14
305839.340276	41546.545735	-34914.551305	2.07148380949009e-13	5.12002726283315e-14	-5.12002726283315e-14
364845.118169	17504.998383	-12993.926405	1.64672751040447e-13	6.37017756359222e-14	-6.37017756359222e-14
