READ TERR 1 2
NO	NO	NO	NO	NO	NO
!Time	Poserr	Negerr	Flux	PosErr	NegErr
!XRT wt mode data
127.041683	0.281514	-0.261955	1.11723728014171e-08	1.69226292466675e-09	-1.69226292466675e-09
127.596739	0.247744	-0.273542	1.18858737142038e-08	1.77184139684962e-09	-1.77184139684962e-09
128.204227	0.282523	-0.359744	1.44585913685581e-08	1.79082950005472e-09	-1.79082950005472e-09
128.839880	0.338948	-0.353130	1.37625981711747e-08	1.66896020743605e-09	-1.66896020743605e-09
129.521660	0.308312	-0.342831	1.47668424777921e-08	1.79074263636035e-09	-1.79074263636035e-09
130.067162	0.323236	-0.237191	1.738159135536e-08	2.1078275920974e-09	-2.1078275920974e-09
130.646530	0.282946	-0.256132	1.21258198005629e-08	1.80761052060258e-09	-1.80761052060258e-09
131.250534	0.255381	-0.321058	1.71028098573022e-08	2.11834030169954e-09	-2.11834030169954e-09
131.797922	0.360934	-0.292007	1.49364615415778e-08	1.81131207071339e-09	-1.81131207071339e-09
132.413756	0.275271	-0.254900	1.20257259815251e-08	1.73576407570146e-09	-1.73576407570146e-09
132.941023	0.329757	-0.251995	9.83816609147714e-09	1.45055840345285e-09	-1.45055840345285e-09
133.579588	0.272968	-0.308808	1.47239644967691e-08	1.78554293215007e-09	-1.78554293215007e-09
134.159109	0.257448	-0.306553	1.65149519443505e-08	2.04552865727098e-09	-2.04552865727098e-09
134.716450	0.392189	-0.299893	1.50637824999547e-08	1.82675190705781e-09	-1.82675190705781e-09
135.425327	0.241945	-0.316688	1.88328424384385e-08	2.28381756494975e-09	-2.28381756494975e-09
136.017542	0.332919	-0.350270	1.51978843996302e-08	1.84301413669688e-09	-1.84301413669688e-09
136.620116	0.235608	-0.269656	2.32592278147354e-08	2.63358893976502e-09	-2.63358893976502e-09
137.194727	0.381536	-0.339002	1.35681122328974e-08	1.64537531720855e-09	-1.64537531720855e-09
137.923918	0.308844	-0.347655	1.34886869315108e-08	1.68860378820597e-09	-1.68860378820597e-09
138.503325	0.275631	-0.270563	1.56819277943161e-08	1.90171308949618e-09	-1.90171308949618e-09
138.988302	0.319057	-0.209345	1.05732406280499e-08	1.57616567612825e-09	-1.57616567612825e-09
139.640626	0.337467	-0.333267	1.23377514871341e-08	1.49617212225618e-09	-1.49617212225618e-09
140.301047	0.349558	-0.322955	1.19479612745179e-08	1.47986494910896e-09	-1.47986494910896e-09
140.941069	0.305534	-0.290464	1.35368736805681e-08	1.65898565606534e-09	-1.65898565606534e-09
141.511651	0.282917	-0.265048	9.97874064172394e-09	1.49442545829078e-09	-1.49442545829078e-09
142.097732	0.264379	-0.303164	9.75409715352932e-09	1.4540549607334e-09	-1.4540549607334e-09
142.687960	0.312861	-0.325849	1.14175423316693e-08	1.49919679196629e-09	-1.49919679196629e-09
143.355181	0.268335	-0.354361	1.38132865764004e-08	1.69286098016958e-09	-1.69286098016958e-09
143.922517	0.270323	-0.299000	1.49152008121895e-08	1.82790391314512e-09	-1.82790391314512e-09
144.442305	0.257587	-0.249465	1.12918766106591e-08	1.66489640468226e-09	-1.66489640468226e-09
144.971678	0.263728	-0.271786	1.49757276758454e-08	1.91551422721055e-09	-1.91551422721055e-09
145.572037	0.346542	-0.336631	1.19322367710472e-08	1.47791724021694e-09	-1.47791724021694e-09
146.244084	0.350565	-0.325505	1.21448484349047e-08	1.47277920633736e-09	-1.47277920633736e-09
146.928893	0.258208	-0.334244	1.38364342867225e-08	1.69569775770045e-09	-1.69569775770045e-09
147.452524	0.268316	-0.265423	1.11326735522754e-08	1.60686301017993e-09	-1.60686301017993e-09
147.994768	0.270485	-0.273928	1.56220326359135e-08	1.91452839344624e-09	-1.91452839344624e-09
148.575449	0.239545	-0.310196	1.5550130605213e-08	1.9057165174052e-09	-1.9057165174052e-09
149.046172	0.336360	-0.231177	1.52185922124614e-08	1.84552534245534e-09	-1.84552534245534e-09
149.635368	0.284462	-0.252836	1.72275655057172e-08	2.03028811622333e-09	-2.03028811622333e-09
150.162818	0.264065	-0.242988	1.1690106203379e-08	1.74265817566104e-09	-1.74265817566104e-09
150.685117	0.266610	-0.258234	1.23425540652501e-08	1.78149417055953e-09	-1.78149417055953e-09
151.221469	0.262199	-0.269742	1.14421891604941e-08	1.70570090796128e-09	-1.70570090796128e-09
151.808111	0.346290	-0.324443	1.11473949084222e-08	1.4564275228604e-09	-1.4564275228604e-09
152.506452	0.313337	-0.352051	1.17919628042985e-08	1.42998551771538e-09	-1.42998551771538e-09
153.136771	0.305703	-0.316982	1.23417787733498e-08	1.51252312282858e-09	-1.51252312282858e-09
153.710625	0.265588	-0.268151	1.04092442183035e-08	1.53475934329543e-09	-1.53475934329543e-09
154.334888	0.301385	-0.358674	1.31421120369876e-08	1.61060649360167e-09	-1.61060649360167e-09
154.945510	0.373949	-0.309237	1.13492437197548e-08	1.44135536375176e-09	-1.44135536375176e-09
155.566280	0.308269	-0.246821	1.08544771523493e-08	1.53505492470064e-09	-1.53505492470064e-09
156.173059	0.293941	-0.298510	1.32283327505675e-08	1.62117307900643e-09	-1.62117307900643e-09
156.722067	0.317807	-0.255067	1.43126892435154e-08	1.7356684792276e-09	-1.7356684792276e-09
157.390660	0.271899	-0.350785	1.38462492120786e-08	1.67910440333871e-09	-1.67910440333871e-09
158.020680	0.348194	-0.358122	1.21208493737554e-08	1.46986884252462e-09	-1.46986884252462e-09
158.711605	0.329781	-0.342732	1.14123020976608e-08	1.38394486661432e-09	-1.38394486661432e-09
159.382598	0.324183	-0.341212	1.10892411085779e-08	1.35902072960409e-09	-1.35902072960409e-09
160.006742	0.235559	-0.299960	1.0890260491442e-08	1.55575151405196e-09	-1.55575151405196e-09
160.569792	0.369930	-0.327491	1.25115767809448e-08	1.51725152258169e-09	-1.51725152258169e-09
161.224603	0.273756	-0.284881	1.58137666811383e-08	1.97967279464443e-09	-1.97967279464443e-09
161.726508	0.282453	-0.228149	1.16195012969556e-08	1.75998885108267e-09	-1.75998885108267e-09
162.310774	0.388490	-0.301814	1.18325778662871e-08	1.51500635636288e-09	-1.51500635636288e-09
162.975145	0.232952	-0.275881	1.73088857188552e-08	2.12125738101037e-09	-2.12125738101037e-09
163.514072	0.279359	-0.305975	1.40631405766541e-08	1.74184935155736e-09	-1.74184935155736e-09
164.127393	0.334986	-0.333962	1.16968538423951e-08	1.41845189425252e-09	-1.41845189425252e-09
164.745442	0.277354	-0.283062	1.31085767207322e-08	1.58964842271982e-09	-1.58964842271982e-09
165.386888	0.315533	-0.364092	1.01348634013605e-08	1.22903275604039e-09	-1.22903275604039e-09
165.993620	0.329719	-0.291199	1.08449976435647e-08	1.32908793832705e-09	-1.32908793832705e-09
166.648227	0.299587	-0.324888	1.15033447215546e-08	1.4097703983873e-09	-1.4097703983873e-09
167.254899	0.246226	-0.307085	9.19715617332268e-09	1.37103105809696e-09	-1.37103105809696e-09
167.788397	0.290947	-0.287271	1.38942632595281e-08	1.6849268695414e-09	-1.6849268695414e-09
168.380985	0.338841	-0.301642	1.3044077543222e-08	1.58182672707027e-09	-1.58182672707027e-09
169.027700	0.264996	-0.307874	9.82130945954122e-09	1.51174612666563e-09	-1.51174612666563e-09
169.633990	0.352565	-0.341294	1.25907031861498e-08	1.52684705804404e-09	-1.52684705804404e-09
170.293933	0.279736	-0.307379	1.41377762670037e-08	1.71445716426896e-09	-1.71445716426896e-09
170.901157	0.248950	-0.327488	9.09439362840281e-09	1.35571210272959e-09	-1.35571210272959e-09
171.497275	0.360908	-0.347167	1.12226337226618e-08	1.36094427499781e-09	-1.36094427499781e-09
172.144992	0.259384	-0.286809	1.50119826882435e-08	1.82047034483143e-09	-1.82047034483143e-09
172.715886	0.405473	-0.311510	1.11425152825993e-08	1.39738870500084e-09	-1.39738870500084e-09
173.471798	0.341632	-0.350439	1.21202904096786e-08	1.46980106119364e-09	-1.46980106119364e-09
174.188430	0.318861	-0.375000	1.1781298103858e-08	1.44383443242839e-09	-1.44383443242839e-09
174.871032	0.301656	-0.363741	1.21456298831175e-08	1.48848449808051e-09	-1.48848449808051e-09
175.485189	0.249705	-0.312501	9.53528701715038e-09	1.42143670668954e-09	-1.42143670668954e-09
176.003703	0.293398	-0.268808	9.48817577375876e-09	1.41441373269541e-09	-1.41441373269541e-09
176.615527	0.411002	-0.318426	1.03618910451861e-08	1.26988179128574e-09	-1.26988179128574e-09
177.329781	0.271397	-0.303252	1.19388657510933e-08	1.47873833572007e-09	-1.47873833572007e-09
177.943105	0.325240	-0.341927	1.02131499230005e-08	1.23852638811423e-09	-1.23852638811423e-09
178.616959	0.288315	-0.348614	1.13874576281614e-08	1.38093205357549e-09	-1.38093205357549e-09
179.156277	0.264947	-0.251003	9.58691528509144e-09	1.42913299171314e-09	-1.42913299171314e-09
179.789918	0.312730	-0.368694	1.0816786959995e-08	1.35411751853411e-09	-1.35411751853411e-09
180.424515	0.320387	-0.321868	1.16518436594056e-08	1.45865548877084e-09	-1.45865548877084e-09
181.013088	0.247755	-0.268186	1.04912017324129e-08	1.53029906617428e-09	-1.53029906617428e-09
181.570631	0.375178	-0.309788	1.16611805147968e-08	1.41412588617811e-09	-1.41412588617811e-09
182.266766	0.259040	-0.320958	1.43654683048507e-08	1.76053252016773e-09	-1.76053252016773e-09
182.837276	0.236503	-0.311470	1.65525501462722e-08	1.97840816666772e-09	-1.97840816666772e-09
183.427131	0.315602	-0.353352	1.38261374567074e-08	1.67666538881087e-09	-1.67666538881087e-09
183.992576	0.273222	-0.249842	1.74070390623116e-08	2.11091355209413e-09	-2.11091355209413e-09
184.582539	0.302389	-0.316741	1.38326407722286e-08	1.71329976031273e-09	-1.71329976031273e-09
185.150490	0.250376	-0.265561	1.6035717678925e-08	1.96522678968177e-09	-1.96522678968177e-09
185.781870	0.289729	-0.381004	1.21510818171582e-08	1.47353510558115e-09	-1.47353510558115e-09
186.420202	0.350597	-0.348603	1.14304079344419e-08	1.40083182379941e-09	-1.40083182379941e-09
187.067189	0.306735	-0.296391	1.30562818424155e-08	1.60008767990608e-09	-1.60008767990608e-09
187.638996	0.290018	-0.265072	1.36936426895419e-08	1.66059807430012e-09	-1.66059807430012e-09
188.248304	0.299837	-0.319290	1.17227265583343e-08	1.42158939113506e-09	-1.42158939113506e-09
188.823596	0.283181	-0.275456	1.25429772011453e-08	1.52105941665874e-09	-1.52105941665874e-09
189.384183	0.247442	-0.277406	1.41476290648031e-08	1.6446284263296e-09	-1.6446284263296e-09
189.868319	0.279255	-0.236694	1.36847859327716e-08	1.65952409813153e-09	-1.65952409813153e-09
190.418241	0.248839	-0.270668	1.48403247069649e-08	1.79965370439788e-09	-1.79965370439788e-09
190.943277	0.266432	-0.276197	1.53219855469184e-08	1.87775668488388e-09	-1.87775668488388e-09
191.453017	0.258398	-0.243308	1.72305601263345e-08	2.01668447351897e-09	-2.01668447351897e-09
192.033319	0.316802	-0.321904	1.20011666569905e-08	1.45535522429724e-09	-1.45535522429724e-09
192.664887	0.231430	-0.314766	1.36169623353356e-08	1.65129918774417e-09	-1.65129918774417e-09
193.179131	0.313183	-0.282815	1.34690240594012e-08	1.62147997036783e-09	-1.62147997036783e-09
193.763601	0.260664	-0.271287	1.64142679077753e-08	1.96188022831406e-09	-1.96188022831406e-09
194.289072	0.340098	-0.264807	1.44536077748631e-08	1.77133429980149e-09	-1.77133429980149e-09
194.888518	0.365128	-0.259348	1.30820938240862e-08	1.58643686246056e-09	-1.58643686246056e-09
195.526468	0.257359	-0.272822	1.42128115632369e-08	1.72355657477659e-09	-1.72355657477659e-09
196.073569	0.238659	-0.289742	1.5132126365172e-08	1.76408554664515e-09	-1.76408554664515e-09
196.581754	0.287331	-0.269526	1.32072785764362e-08	1.61859279040451e-09	-1.61859279040451e-09
197.123870	0.254041	-0.254784	1.47585111746719e-08	1.78973239025359e-09	-1.78973239025359e-09
197.644215	0.249645	-0.266304	1.57323164452448e-08	1.82884466071357e-09	-1.82884466071357e-09
198.159293	0.325239	-0.265433	1.25458774192015e-08	1.52141107425187e-09	-1.52141107425187e-09
198.804437	0.272546	-0.319905	1.25681838139361e-08	1.55668515807081e-09	-1.55668515807081e-09
199.357828	0.224430	-0.280845	1.02698190926785e-08	1.53093423151278e-09	-1.53093423151278e-09
199.896179	0.298100	-0.313921	1.31490563249692e-08	1.61145751661427e-09	-1.61145751661427e-09
200.459917	0.294784	-0.265638	1.43932712776609e-08	1.74544047555828e-09	-1.74544047555828e-09
201.099525	0.320558	-0.344825	1.18154875923998e-08	1.44802453781646e-09	-1.44802453781646e-09
201.700592	0.262126	-0.280509	1.4451483768245e-08	1.75249981398014e-09	-1.75249981398014e-09
202.298278	0.331615	-0.335560	1.20498595150618e-08	1.47674747295713e-09	-1.47674747295713e-09
202.942777	0.311591	-0.312884	1.32285572400223e-08	1.63847850462163e-09	-1.63847850462163e-09
203.540597	0.231500	-0.286229	1.66045968303337e-08	2.0136031458869e-09	-2.0136031458869e-09
204.005169	0.282876	-0.233072	1.55432308035703e-08	1.88489362767254e-09	-1.88489362767254e-09
204.568936	0.261742	-0.280892	1.35808864451206e-08	1.64692439901704e-09	-1.64692439901704e-09
205.164041	0.353370	-0.333362	1.04301575613406e-08	1.26484235779948e-09	-1.26484235779948e-09
205.781503	0.242956	-0.264092	1.53925937382074e-08	1.86662617314e-09	-1.86662617314e-09
206.274953	0.293921	-0.250494	1.63516787382618e-08	1.93270351751968e-09	-1.93270351751968e-09
206.813864	0.299424	-0.244991	1.47076952376374e-08	1.80247347479024e-09	-1.80247347479024e-09
207.422889	0.281072	-0.309600	1.25169515296547e-08	1.53399107630708e-09	-1.53399107630708e-09
207.949554	0.265018	-0.245593	1.40425923903649e-08	1.70291442765093e-09	-1.70291442765093e-09
208.521286	0.259050	-0.306714	1.28469932384864e-08	1.55792674763808e-09	-1.55792674763808e-09
209.078030	0.241377	-0.297694	9.0414077737526e-09	1.34781350489122e-09	-1.34781350489122e-09
209.582970	0.293295	-0.263563	1.24929961293415e-08	1.53105525733371e-09	-1.53105525733371e-09
210.179932	0.381297	-0.303667	9.56666345802268e-09	1.17242414677684e-09	-1.17242414677684e-09
210.812851	0.273202	-0.251622	1.25939236596794e-08	1.53196444883232e-09	-1.53196444883232e-09
211.334707	0.290424	-0.248653	1.31586796991981e-08	1.59572426119255e-09	-1.59572426119255e-09
211.903247	0.321451	-0.278116	1.28644596376567e-08	1.56004483763591e-09	-1.56004483763591e-09
212.545379	0.294887	-0.320681	1.19358170917588e-08	1.46277127725954e-09	-1.46277127725954e-09
213.159443	0.253697	-0.319176	1.18864571055932e-08	1.44144463897037e-09	-1.44144463897037e-09
213.709709	0.263857	-0.296569	7.80943540170351e-09	1.16416186594381e-09	-1.16416186594381e-09
214.277750	0.250906	-0.304184	8.29290929555793e-09	1.236233928663e-09	-1.236233928663e-09
214.857696	0.387952	-0.329039	9.57597402297443e-09	1.18775342500087e-09	-1.18775342500087e-09
215.515137	0.251797	-0.269489	9.35326622246555e-09	1.36431409202068e-09	-1.36431409202068e-09
216.062771	0.261034	-0.295838	8.16186863970686e-09	1.23626633117683e-09	-1.23626633117683e-09
216.604885	0.252649	-0.281080	9.18498706323075e-09	1.35425248308473e-09	-1.35425248308473e-09
217.159088	0.353155	-0.301554	1.17162141960371e-08	1.41046643815008e-09	-1.41046643815008e-09
217.797925	0.256954	-0.285681	8.86607817002723e-09	1.27970815438877e-09	-1.27970815438877e-09
218.300931	0.293025	-0.246052	7.681100385595e-09	1.12040365476328e-09	-1.12040365476328e-09
218.907692	0.287611	-0.313735	6.15907150181524e-09	9.480357918209e-10	-9.480357918209e-10
219.484051	0.301925	-0.288748	8.10141058387091e-09	1.12346351460505e-09	-1.12346351460505e-09
220.118675	0.307788	-0.332700	6.95665691774536e-09	1.03703721815458e-09	-1.03703721815458e-09
220.738891	0.304926	-0.312428	7.23845618709129e-09	1.13240747869636e-09	-1.13240747869636e-09
221.309362	0.255730	-0.265546	9.42643179205439e-09	1.41780719336533e-09	-1.41780719336533e-09
221.856825	0.215317	-0.291732	9.46571493429568e-09	1.39564348161841e-09	-1.39564348161841e-09
222.343364	0.255401	-0.271222	9.08190892640848e-09	1.33060908843147e-09	-1.33060908843147e-09
222.897954	0.323508	-0.299189	1.05383001408836e-08	1.29150123094778e-09	-1.29150123094778e-09
223.478021	0.275402	-0.256559	7.97968675271725e-09	1.18954150672153e-09	-1.18954150672153e-09
224.052204	0.258087	-0.298782	7.46418438702412e-09	1.11269492911834e-09	-1.11269492911834e-09
224.682492	0.341232	-0.372200	8.70736203478928e-09	1.06711409919836e-09	-1.06711409919836e-09
225.284809	0.254854	-0.261085	8.28894869819863e-09	1.22213881104303e-09	-1.22213881104303e-09
225.836849	0.257894	-0.297187	7.57882934430796e-09	1.14795419125649e-09	-1.14795419125649e-09
226.404096	0.332913	-0.309353	1.02429367247786e-08	1.24213850509894e-09	-1.24213850509894e-09
226.994091	0.296229	-0.257082	8.10394203417561e-09	1.20806436010549e-09	-1.20806436010549e-09
227.606809	0.306207	-0.316489	7.34686060543297e-09	1.0952052769503e-09	-1.0952052769503e-09
228.192025	0.238715	-0.279009	8.3254743856175e-09	1.26104745340272e-09	-1.26104745340272e-09
228.719790	0.260691	-0.289050	7.60959161199172e-09	1.13437098508189e-09	-1.13437098508189e-09
229.295044	0.247639	-0.314562	7.95589484221991e-09	1.22461194703222e-09	-1.22461194703222e-09
229.925616	0.268230	-0.382933	8.09801061320415e-09	1.20718020416955e-09	-1.20718020416955e-09
230.476098	0.294186	-0.282252	1.03226437076026e-08	1.53880889329268e-09	-1.53880889329268e-09
231.072735	0.234829	-0.302450	1.00238857171492e-08	1.51830324737281e-09	-1.51830324737281e-09
231.587707	0.290958	-0.280143	8.51949041653758e-09	1.3113635518354e-09	-1.3113635518354e-09
232.221828	0.315115	-0.343164	6.80809242248634e-09	1.01489049077571e-09	-1.01489049077571e-09
232.794165	0.287182	-0.257222	7.62977666767333e-09	1.15567108225843e-09	-1.15567108225843e-09
233.354536	0.299684	-0.273189	6.81042395194277e-09	1.03156496420154e-09	-1.03156496420154e-09
233.940066	0.279918	-0.285846	8.05441740440985e-09	1.12784406672562e-09	-1.12784406672562e-09
234.574305	0.401811	-0.354321	5.52849173804871e-09	8.50973733483131e-10	-8.50973733483131e-10
235.287797	0.389297	-0.311682	6.48988756515505e-09	9.83013750519276e-10	-9.83013750519276e-10
236.003505	0.298065	-0.326411	1.07443424165665e-08	1.30294294033305e-09	-1.30294294033305e-09
236.553614	0.313719	-0.252044	7.6079670270528e-09	1.13412878114612e-09	-1.13412878114612e-09
237.133505	0.249766	-0.266173	8.08757726116764e-09	1.22501351541512e-09	-1.22501351541512e-09
237.691658	0.365897	-0.308387	6.28790705023506e-09	9.37345871351925e-10	-9.37345871351925e-10
238.314139	0.257585	-0.256584	8.31945771143259e-09	1.2708843867455e-09	-1.2708843867455e-09
238.881874	0.308989	-0.310150	6.64276630876608e-09	1.00617005880539e-09	-1.00617005880539e-09
239.498938	0.373335	-0.308075	5.98160649988027e-09	8.91685255236726e-10	-8.91685255236726e-10
240.199239	0.302834	-0.326967	6.79588044851429e-09	1.01307000121186e-09	-1.01307000121186e-09
240.827683	0.236588	-0.325610	8.08127231268761e-09	1.20468495772746e-09	-1.20468495772746e-09
241.390682	0.282051	-0.326412	7.60966056681434e-09	1.13438125979397e-09	-1.13438125979397e-09
241.976374	0.246112	-0.303641	8.25170845172869e-09	1.23009209310183e-09	-1.23009209310183e-09
242.549636	0.249289	-0.327150	7.52383057553074e-09	1.15810642168895e-09	-1.15810642168895e-09
243.087637	0.239691	-0.288712	9.06086921374353e-09	1.35071460106306e-09	-1.35071460106306e-09
243.593161	0.340851	-0.265833	8.38892442698435e-09	1.27065808140189e-09	-1.27065808140189e-09
244.268921	0.369619	-0.334910	7.72646016541466e-09	1.15179264961662e-09	-1.15179264961662e-09
244.933457	0.302861	-0.294916	8.68838733055796e-09	1.29518827136437e-09	-1.29518827136437e-09
245.502327	0.285522	-0.266009	9.44935626660246e-09	1.37833029886385e-09	-1.37833029886385e-09
246.154358	0.284654	-0.366509	7.41861467355661e-09	1.10590173406735e-09	-1.10590173406735e-09
246.765568	0.306815	-0.326556	7.58312395113473e-09	1.1304253511369e-09	-1.1304253511369e-09
247.373894	0.232230	-0.301511	8.83588326351303e-09	1.33835832718903e-09	-1.33835832718903e-09
247.869709	0.305737	-0.263585	8.19668253210507e-09	1.2218893134885e-09	-1.2218893134885e-09
248.564710	0.379313	-0.389264	5.77873524531982e-09	8.75296531330542e-10	-8.75296531330542e-10
249.257665	0.225424	-0.313643	8.19185947905415e-09	1.22117027400702e-09	-1.22117027400702e-09
249.748485	0.346626	-0.265395	7.27460210919406e-09	1.11974396295713e-09	-1.11974396295713e-09
250.390381	0.234912	-0.295270	8.99153779829195e-09	1.34037929422798e-09	-1.34037929422798e-09
250.955215	0.333694	-0.329922	7.36523859537905e-09	1.09794489883022e-09	-1.09794489883022e-09
251.608783	0.322373	-0.319874	9.835729868839e-09	1.30277428522681e-09	-1.30277428522681e-09
252.210495	0.284646	-0.279339	9.0055379755227e-09	1.34246636891246e-09	-1.34246636891246e-09
252.841808	0.324060	-0.346666	1.08979753365006e-08	1.32157367476078e-09	-1.32157367476078e-09
253.462618	0.306364	-0.296750	7.43432088547498e-09	1.12606572515318e-09	-1.12606572515318e-09
254.136318	0.230452	-0.367336	7.16012206222972e-09	1.07230654403356e-09	-1.07230654403356e-09
254.686413	0.343974	-0.319643	9.68364298551279e-09	1.17431415958479e-09	-1.17431415958479e-09
255.305572	0.285242	-0.275184	7.65433407623319e-09	1.14104074307496e-09	-1.14104074307496e-09
255.868845	0.255706	-0.278031	8.24604726143502e-09	1.22924818850092e-09	-1.22924818850092e-09
256.358184	0.296538	-0.233633	9.18739979379814e-09	1.39160197117192e-09	-1.39160197117192e-09
256.952472	0.360523	-0.297750	1.28919023963921e-08	1.57994244583845e-09	-1.57994244583845e-09
257.541128	0.291373	-0.228133	1.20565820360153e-08	1.82619282492566e-09	-1.82619282492566e-09
258.128931	0.223078	-0.296429	1.13303873660057e-08	1.68903436288955e-09	-1.68903436288955e-09
258.641298	0.258684	-0.289289	1.00693164428723e-08	1.50104501825797e-09	-1.50104501825797e-09
259.155969	0.327569	-0.255988	8.74993670348528e-09	1.3253401526892e-09	-1.3253401526892e-09
259.768850	0.228856	-0.285313	9.14101202081247e-09	1.3626616115413e-09	-1.3626616115413e-09
260.267238	0.303344	-0.269531	8.40707915491376e-09	1.18894052071399e-09	-1.18894052071399e-09
260.850557	0.251975	-0.279976	8.26772508557859e-09	1.1933432933859e-09	-1.1933432933859e-09
261.437833	0.280276	-0.335301	1.03304243963121e-08	1.252747995416e-09	-1.252747995416e-09
261.994579	0.294632	-0.276470	8.9205812594284e-09	1.24913123946268e-09	-1.24913123946268e-09
262.604959	0.276703	-0.315747	8.47902710164621e-09	1.26397875973082e-09	-1.26397875973082e-09
263.204693	0.356598	-0.323031	1.14076112842184e-08	1.39803802648952e-09	-1.39803802648952e-09
263.822637	0.281290	-0.261345	8.59039025362765e-09	1.28057980501185e-09	-1.28057980501185e-09
264.384656	0.318835	-0.280729	6.9003219943103e-09	1.06213280147003e-09	-1.06213280147003e-09
265.023513	0.343582	-0.320022	6.8090941142443e-09	1.01503982755876e-09	-1.01503982755876e-09
265.651444	0.297424	-0.284349	8.30520414769215e-09	1.25797708855724e-09	-1.25797708855724e-09
266.336007	0.324514	-0.387139	7.01533890321805e-09	1.04578493483945e-09	-1.04578493483945e-09
266.944836	0.277892	-0.284314	8.55861813078932e-09	1.29636135525852e-09	-1.29636135525852e-09
267.517132	0.262464	-0.294405	8.73961231195914e-09	1.28858553123104e-09	-1.28858553123104e-09
268.067876	0.250798	-0.288279	8.86929192952052e-09	1.32215598849754e-09	-1.32215598849754e-09
268.612878	0.243092	-0.294205	8.9898097250405e-09	1.34012174038514e-09	-1.34012174038514e-09
269.166421	0.363828	-0.310451	7.23792434370808e-09	1.07896600189272e-09	-1.07896600189272e-09
269.842094	0.380233	-0.311845	1.02849078752269e-08	1.24722829443041e-09	-1.24722829443041e-09
270.587502	0.291305	-0.365175	6.65486491889976e-09	1.024350826388e-09	-1.024350826388e-09
271.194491	0.347932	-0.315684	9.81779993789965e-09	1.20320174140489e-09	-1.20320174140489e-09
271.894142	0.343917	-0.351719	9.53185070291666e-09	1.1559066736938e-09	-1.1559066736938e-09
272.531413	0.315098	-0.293354	8.65873388936599e-09	1.18287184513907e-09	-1.18287184513907e-09
273.181712	0.253689	-0.335201	6.99445164870642e-09	1.04267124851006e-09	-1.04267124851006e-09
273.805124	0.329477	-0.369723	5.72662365810958e-09	8.53674680158048e-10	-8.53674680158048e-10
274.488879	0.287988	-0.354279	1.03941615661739e-08	1.27383664805278e-09	-1.27383664805278e-09
275.115353	0.357156	-0.338486	1.0094712080895e-08	1.23713814060063e-09	-1.23713814060063e-09
275.781242	0.345990	-0.308733	6.86307363151145e-09	1.02308659423529e-09	-1.02308659423529e-09
276.437043	0.234594	-0.309810	8.06878589134104e-09	1.20282357879658e-09	-1.20282357879658e-09
276.943534	0.256493	-0.271898	8.46323707205694e-09	1.26162488254133e-09	-1.26162488254133e-09
277.535238	0.308836	-0.335210	1.07150958120715e-08	1.2993962606282e-09	-1.2993962606282e-09
278.055691	0.334577	-0.211617	8.59894117387809e-09	1.30246901493972e-09	-1.30246901493972e-09
278.688106	0.296392	-0.297838	8.42820142706296e-09	1.25640210621185e-09	-1.25640210621185e-09
279.306456	0.288285	-0.321958	8.35907720177988e-09	1.26613718501677e-09	-1.26613718501677e-09
279.828547	0.280363	-0.233806	9.49484196243407e-09	1.4219564209687e-09	-1.4219564209687e-09
280.456565	0.317736	-0.347655	1.0138251409831e-08	1.22944361589578e-09	-1.22944361589578e-09
281.037070	0.267403	-0.262769	8.66649359149604e-09	1.29192459622515e-09	-1.29192459622515e-09
281.630309	0.286181	-0.325837	9.8888125816641e-09	1.33340724567223e-09	-1.33340724567223e-09
282.244242	0.351877	-0.327753	1.1137472451232e-08	1.35061690640157e-09	-1.35061690640157e-09
282.946986	0.318087	-0.350867	1.05895961410733e-08	1.29778774676071e-09	-1.29778774676071e-09
283.612444	0.289559	-0.347371	1.07965357440786e-08	1.3231488359532e-09	-1.3231488359532e-09
284.227168	0.222807	-0.325165	1.26669921297014e-08	1.55237901559783e-09	-1.55237901559783e-09
284.713424	0.295195	-0.263448	1.26235511390616e-08	1.5308304660521e-09	-1.5308304660521e-09
285.294588	0.247761	-0.285969	1.38567618687388e-08	1.68037923049245e-09	-1.68037923049245e-09
285.760201	0.290975	-0.217852	1.52024396734729e-08	1.84927255327227e-09	-1.84927255327227e-09
286.298064	0.272618	-0.246888	1.49008505100925e-08	1.84560743298368e-09	-1.84560743298368e-09
286.942341	0.331099	-0.371659	1.12998098942263e-08	1.37030324484365e-09	-1.37030324484365e-09
287.537496	0.273242	-0.264056	1.50984429923295e-08	1.8309551772793e-09	-1.8309551772793e-09
288.127313	0.323904	-0.316575	1.83758697218033e-08	2.25151323944291e-09	-2.25151323944291e-09
288.780129	0.302670	-0.328912	1.94141474765583e-08	2.35431122289629e-09	-2.35431122289629e-09
289.398208	0.353544	-0.315409	1.8747855747267e-08	2.29709103751432e-09	-2.29709103751432e-09
290.039500	0.317159	-0.287747	1.86746027334162e-08	2.33622278118651e-09	-2.33622278118651e-09
290.675955	0.324749	-0.319297	1.60787608386522e-08	1.94983619888788e-09	-1.94983619888788e-09
291.367222	0.341548	-0.366517	1.40425457595701e-08	1.70290879762463e-09	-1.70290879762463e-09
292.034100	0.293798	-0.325331	1.71641890061536e-08	2.12498326862653e-09	-2.12498326862653e-09
292.762363	0.503139	-0.434464	1.25021652931588e-08	1.53183449994893e-09	-1.53183449994893e-09
293.565490	0.354732	-0.299988	1.75418104700414e-08	2.19450862583109e-09	-2.19450862583109e-09
294.280039	0.296684	-0.359817	1.74553279370799e-08	2.16102722454677e-09	-2.16102722454677e-09
294.927491	0.307511	-0.350768	1.7274265034636e-08	2.13861098577104e-09	-2.13861098577104e-09
295.653332	0.396501	-0.418331	1.45585403766e-08	1.76548229856955e-09	-1.76548229856955e-09
296.343494	0.293445	-0.293661	2.05482783648142e-08	2.51768883319844e-09	-2.51768883319844e-09
297.021233	0.338034	-0.384293	1.71035665682597e-08	2.09562360544607e-09	-2.09562360544607e-09
297.673021	0.300048	-0.313754	1.91093731530999e-08	2.3906132984987e-09	-2.3906132984987e-09
298.352952	0.394040	-0.379883	1.4366043162934e-08	1.79721506180093e-09	-1.79721506180093e-09
299.120633	0.364698	-0.373642	1.4413278316345e-08	1.76599468182668e-09	-1.76599468182668e-09
299.856003	0.417474	-0.370672	1.33766233455149e-08	1.63897793347373e-09	-1.63897793347373e-09
300.615414	0.314554	-0.341937	1.61926097464601e-08	1.96364231718749e-09	-1.96364231718749e-09
301.221514	0.308021	-0.291546	1.75945586266316e-08	2.1557827463053e-09	-2.1557827463053e-09
301.876922	0.335801	-0.347387	1.57016098623945e-08	1.90409986729751e-09	-1.90409986729751e-09
302.476085	0.257923	-0.263362	2.10493328709641e-08	2.53404193593677e-09	-2.53404193593677e-09
303.096515	0.324239	-0.362507	1.53816051751343e-08	1.86529359493895e-09	-1.86529359493895e-09
303.701131	0.331645	-0.280377	1.57770712386292e-08	1.93309412256979e-09	-1.93309412256979e-09
304.376028	0.354155	-0.343252	1.29000440788017e-08	1.59706799240209e-09	-1.59706799240209e-09
305.043073	0.302684	-0.312890	1.56180117808587e-08	1.91360528727392e-09	-1.91360528727392e-09
305.612588	0.250897	-0.266831	1.85031617548154e-08	2.25644866160688e-09	-2.25644866160688e-09
306.168550	0.269594	-0.305066	1.3267151962093e-08	1.61385806880752e-09	-1.61385806880752e-09
306.703617	0.270047	-0.265472	1.64001410770009e-08	1.90647764814909e-09	-1.90647764814909e-09
307.219114	0.272271	-0.245451	1.59210793509493e-08	1.93071443561827e-09	-1.93071443561827e-09
307.761390	0.249492	-0.270004	1.5545097822512e-08	1.87711977384439e-09	-1.87711977384439e-09
308.307800	0.251051	-0.296918	1.37346323936644e-08	1.68322159471603e-09	-1.68322159471603e-09
308.834577	0.265131	-0.275725	1.36784395075259e-08	1.65875447473443e-09	-1.65875447473443e-09
309.363996	0.267673	-0.264288	1.47643549310502e-08	1.7330262681525e-09	-1.7330262681525e-09
309.901721	0.285037	-0.270052	1.32994860049874e-08	1.61279957470162e-09	-1.61279957470162e-09
310.447395	0.273083	-0.260637	1.57526690328702e-08	1.8541500354729e-09	-1.8541500354729e-09
310.998920	0.324688	-0.278441	1.25686964769153e-08	1.52417830151004e-09	-1.52417830151004e-09
311.627139	0.239094	-0.303531	8.90398611059824e-09	1.29877989458658e-09	-1.29877989458658e-09
312.119509	0.275114	-0.253276	1.22577029944702e-08	1.51822928246065e-09	-1.51822928246065e-09
312.676969	0.253173	-0.282345	1.21001560301002e-08	1.49871563731302e-09	-1.49871563731302e-09
313.250467	0.346850	-0.320325	9.88360608444327e-09	1.19856325505599e-09	-1.19856325505599e-09
313.932619	0.381688	-0.335302	9.29404977195961e-09	1.13901455628452e-09	-1.13901455628452e-09
314.563806	0.341174	-0.249498	9.28240175376112e-09	1.26317489426701e-09	-1.26317489426701e-09
315.188191	0.230958	-0.283211	1.34594441457747e-08	1.64949647979832e-09	-1.64949647979832e-09
315.743019	0.343299	-0.323870	1.03053882452941e-08	1.26295721181192e-09	-1.26295721181192e-09
316.355973	0.251621	-0.269655	1.34352968154084e-08	1.62926900732331e-09	-1.62926900732331e-09
316.935057	0.361058	-0.327464	1.04753942566044e-08	1.27032818180866e-09	-1.27032818180866e-09
317.640492	0.377952	-0.344377	1.01215250105211e-08	1.24042419554072e-09	-1.24042419554072e-09
318.341705	0.402625	-0.323261	1.00809580983486e-08	1.24861938205955e-09	-1.24861938205955e-09
319.091736	0.257499	-0.347407	1.2164890086415e-08	1.47520963155041e-09	-1.47520963155041e-09
319.628867	0.348403	-0.279632	7.3826460145305e-09	1.11823858110165e-09	-1.11823858110165e-09
320.295956	0.417861	-0.318686	9.12792573219092e-09	1.11865545984893e-09	-1.11865545984893e-09
321.041007	0.359549	-0.327190	9.699734784073e-09	1.17626563749203e-09	-1.17626563749203e-09
321.714530	0.269582	-0.313974	7.59155129457906e-09	1.13168163805413e-09	-1.13168163805413e-09
322.258328	0.307560	-0.274216	1.16673867609837e-08	1.4148784353325e-09	-1.4148784353325e-09
322.844399	0.262347	-0.278511	9.15702914127992e-09	1.321703333626e-09	-1.321703333626e-09
323.378859	0.245606	-0.272112	9.53947831552561e-09	1.41289009200462e-09	-1.41289009200462e-09
323.910643	0.309819	-0.286179	1.21246411611477e-08	1.48591222329913e-09	-1.48591222329913e-09
324.550667	0.296050	-0.330205	1.15937004534836e-08	1.40594270185705e-09	-1.40594270185705e-09
325.102541	0.269021	-0.255824	9.00910899400153e-09	1.36459655486344e-09	-1.36459655486344e-09
325.656231	0.320236	-0.284669	9.4275922806295e-09	1.27121629856796e-09	-1.27121629856796e-09
326.250039	0.345563	-0.273572	8.95876257493386e-09	1.20799930992383e-09	-1.20799930992383e-09
326.844928	0.273728	-0.249327	8.64741750431321e-09	1.28908092485884e-09	-1.28908092485884e-09
327.450020	0.314456	-0.331363	7.19932076242273e-09	1.073211406423e-09	-1.073211406423e-09
328.049002	0.270563	-0.284526	8.50057166400638e-09	1.28756916230444e-09	-1.28756916230444e-09
328.583177	0.250558	-0.263612	8.86697344115551e-09	1.32181040072779e-09	-1.32181040072779e-09
329.125064	0.269098	-0.291329	7.69812619162983e-09	1.14756885909839e-09	-1.14756885909839e-09
329.804041	0.397847	-0.409879	5.39332219699102e-09	7.95201978989143e-10	-7.95201978989143e-10
330.580551	0.345420	-0.378663	6.16111127872172e-09	9.33214533891509e-10	-9.33214533891509e-10
331.247116	0.372703	-0.321144	1.02446042830289e-08	1.23330545670139e-09	-1.23330545670139e-09
331.880354	0.271425	-0.260536	8.91097981945523e-09	1.31385230778451e-09	-1.31385230778451e-09
332.428703	0.272829	-0.276924	8.71428836196201e-09	1.27110962142413e-09	-1.27110962142413e-09
333.014275	0.277928	-0.312744	7.44173380589449e-09	1.10934816687173e-09	-1.10934816687173e-09
333.586729	0.264123	-0.294526	7.5462460202154e-09	1.12492794163747e-09	-1.12492794163747e-09
334.145693	0.228223	-0.294842	7.87392242758104e-09	1.17377505334579e-09	-1.17377505334579e-09
334.745318	0.390064	-0.371402	5.29153899023233e-09	7.88816027895813e-10	-7.88816027895813e-10
335.444571	0.283250	-0.309189	6.85994906710595e-09	1.05591845955626e-09	-1.05591845955626e-09
336.055584	0.261126	-0.327762	7.42309431557932e-09	1.10656955880388e-09	-1.10656955880388e-09
336.639126	0.380342	-0.322416	6.22416473552921e-09	9.27843723147779e-10	-9.27843723147779e-10
337.406435	0.369164	-0.386967	5.3779542510105e-09	8.01698049097827e-10	-8.01698049097827e-10
338.080998	0.313735	-0.305399	6.17366464608089e-09	9.203155899155e-10	-9.203155899155e-10
338.787008	0.290897	-0.392276	5.3139233834735e-09	7.92152947007922e-10	-7.92152947007922e-10
339.442326	0.397048	-0.364421	4.54663206439578e-09	6.77771893116386e-10	-6.77771893116386e-10
340.262943	0.359250	-0.423569	4.82818678119464e-09	7.19743598493384e-10	-7.19743598493384e-10
340.996837	0.342347	-0.374644	5.84784823133487e-09	8.62218154276056e-10	-8.62218154276056e-10
341.612480	0.292468	-0.273296	7.41359637772472e-09	1.1411386198763e-09	-1.1411386198763e-09
342.197868	0.360019	-0.292920	6.81217862955311e-09	1.03637709902057e-09	-1.03637709902057e-09
342.859051	0.253915	-0.301164	7.98701714768318e-09	1.19063426203671e-09	-1.19063426203671e-09
343.396536	0.282188	-0.283570	7.33788248607905e-09	1.11145831963004e-09	-1.11145831963004e-09
343.918570	0.309905	-0.239846	7.17426358820506e-09	1.08667518059171e-09	-1.08667518059171e-09
344.661508	0.326657	-0.433033	5.5430061005477e-09	8.39590980431055e-10	-8.39590980431055e-10
345.301207	0.297202	-0.313041	7.56963635603991e-09	1.11608200982803e-09	-1.11608200982803e-09
345.941426	0.356182	-0.343017	6.53628216007991e-09	9.90041076167e-10	-9.90041076167e-10
346.548038	0.318889	-0.250431	8.85500929234457e-09	1.23994928278985e-09	-1.23994928278985e-09
347.223509	0.299905	-0.356582	6.32423307013203e-09	9.7345828770065e-10	-9.7345828770065e-10
347.827973	0.316355	-0.304558	6.83540103063327e-09	1.01896145860289e-09	-1.01896145860289e-09
348.391223	0.285067	-0.246894	8.40473283108819e-09	1.25290364083751e-09	-1.25290364083751e-09
348.939266	0.324137	-0.262976	7.91317911150516e-09	1.19859761284294e-09	-1.19859761284294e-09
349.518437	0.282245	-0.255034	8.54268750056012e-09	1.25955054770631e-09	-1.25955054770631e-09
350.046785	0.276962	-0.246103	8.07024076902753e-09	1.22238753861614e-09	-1.22238753861614e-09
350.606940	0.378644	-0.283193	8.51586845054251e-09	1.11261379191377e-09	-1.11261379191377e-09
351.229789	0.266396	-0.244205	8.81949973388156e-09	1.33587675091334e-09	-1.33587675091334e-09
351.840909	0.277963	-0.344724	7.68442414483997e-09	1.14552635943046e-09	-1.14552635943046e-09
352.396045	0.265462	-0.277173	8.63219777436072e-09	1.28681209573069e-09	-1.28681209573069e-09
352.969233	0.304297	-0.307726	7.30287686477721e-09	1.12409610175717e-09	-1.12409610175717e-09
353.683353	0.403242	-0.409823	5.35069014212351e-09	7.9763375354623e-10	-7.9763375354623e-10
354.446528	0.305450	-0.359933	5.99899036197834e-09	9.08658256031115e-10	-9.08658256031115e-10
355.114875	0.345190	-0.362897	5.45217979316396e-09	8.12762951736525e-10	-8.12762951736525e-10
355.870740	0.398830	-0.410676	4.74770174350834e-09	7.0774558234726e-10	-7.0774558234726e-10
356.603306	0.333439	-0.333736	5.72631264118918e-09	8.67356222660927e-10	-8.67356222660927e-10
357.229242	0.307068	-0.292497	6.62376890503913e-09	9.87413130212231e-10	-9.87413130212231e-10
357.957873	0.323877	-0.421564	5.39206015996814e-09	8.16727477279931e-10	-8.16727477279931e-10
358.585368	0.301287	-0.303618	6.71609085783779e-09	1.00117575173912e-09	-1.00117575173912e-09
359.235415	0.311299	-0.348760	6.13748369060606e-09	9.14922047856791e-10	-9.14922047856791e-10
359.870300	0.468128	-0.323586	5.04734160641125e-09	7.52413226814642e-10	-7.52413226814642e-10
360.857440	0.436382	-0.519013	4.08675623601718e-09	6.09217665174501e-10	-6.09217665174501e-10
361.703581	0.303667	-0.409758	5.16627768600547e-09	7.82528481685898e-10	-7.82528481685898e-10
362.350046	0.473811	-0.342798	4.41626586976002e-09	6.58338075773397e-10	-6.58338075773397e-10
363.127188	0.308691	-0.303331	5.8036873339847e-09	8.65162637747144e-10	-8.65162637747144e-10
363.849181	0.378412	-0.413302	4.47697986358704e-09	6.6738873103927e-10	-6.6738873103927e-10
364.621594	0.392377	-0.394000	4.39295425040531e-09	6.65394356747497e-10	-6.65394356747497e-10
365.371015	0.331480	-0.357044	4.93566432197778e-09	7.35765403187161e-10	-7.35765403187161e-10
366.058714	0.389227	-0.356219	4.3941691022266e-09	6.65578334843138e-10	-6.65578334843138e-10
366.877032	0.453350	-0.429091	3.76791063067975e-09	5.70719928320115e-10	-5.70719928320115e-10
367.675761	0.410753	-0.345379	4.51812706467096e-09	6.73522621673736e-10	-6.73522621673736e-10
368.421306	0.412443	-0.334792	4.49902255649177e-09	6.92512515405323e-10	-6.92512515405323e-10
369.296995	0.394274	-0.463246	3.99883540173339e-09	6.05697750809428e-10	-6.05697750809428e-10
370.169476	0.416680	-0.478206	3.84374979971662e-09	5.91649609230891e-10	-5.91649609230891e-10
371.036313	0.597752	-0.450157	3.59236095761231e-09	5.4412962780943e-10	-5.4412962780943e-10
372.240076	0.482820	-0.606010	3.68887652657457e-09	5.77099788154679e-10	-5.77099788154679e-10
373.200220	0.492297	-0.477325	4.0358372438459e-09	6.01627132057504e-10	-6.01627132057504e-10
374.341480	0.573287	-0.648963	2.96759976069911e-09	4.42383689577927e-10	-4.42383689577927e-10
375.537397	0.620985	-0.622629	2.96305142532001e-09	4.41705616002819e-10	-4.41705616002819e-10
376.667462	0.451651	-0.509081	4.02630079084588e-09	6.00205497888017e-10	-6.00205497888017e-10
377.686071	0.628607	-0.566958	3.16462465396597e-09	4.79341060166579e-10	-4.79341060166579e-10
378.890073	0.540115	-0.575394	3.24524952841075e-09	4.8377326886965e-10	-4.8377326886965e-10
380.260004	0.901275	-0.829816	1.95853961066498e-09	2.96657122514494e-10	-2.96657122514494e-10
381.830534	0.558333	-0.669255	2.75031510438146e-09	4.09992791252986e-10	-4.09992791252986e-10
383.195887	0.664322	-0.807021	2.20597479165144e-09	3.39554897411295e-10	-3.39554897411295e-10
384.766221	0.848194	-0.906012	1.91528901000036e-09	2.90106035701422e-10	-2.90106035701422e-10
386.516315	0.811406	-0.901900	2.03908617705963e-09	3.03969016467593e-10	-3.03969016467593e-10
388.473180	1.094429	-1.145459	1.57436749633343e-09	2.34692812543393e-10	-2.34692812543393e-10
390.468385	0.764493	-0.900776	2.08790662688492e-09	3.1124674402656e-10	-3.1124674402656e-10
392.355876	1.086669	-1.122998	1.55119809338584e-09	2.31238945671016e-10	-2.31238945671016e-10
394.440525	1.071149	-0.997979	1.62048002262908e-09	2.41566911796796e-10	-2.41566911796796e-10
396.857237	1.054468	-1.345563	1.36696185748792e-09	2.03774655276377e-10	-2.03774655276377e-10
399.833914	1.570210	-1.922209	9.15641501326528e-10	1.38690891539701e-10	-1.38690891539701e-10
403.035230	1.402296	-1.631107	1.05275737154401e-09	1.5693579137883e-10	-1.5693579137883e-10
406.002444	1.665985	-1.564918	9.87129166208225e-10	1.47152529942305e-10	-1.47152529942305e-10
409.868948	1.738444	-2.200519	8.03086350689676e-10	1.21642320586926e-10	-1.21642320586926e-10
413.205150	1.798589	-1.597757	9.28657810314883e-10	1.42943750123603e-10	-1.42943750123603e-10
417.239078	1.797920	-2.235339	8.22460738761464e-10	1.22605229297673e-10	-1.22605229297673e-10
421.212571	2.633401	-2.175573	6.58324085825379e-10	1.02084036157783e-10	-1.02084036157783e-10
425.703566	1.700660	-1.857594	6.18112111452691e-10	1.12851314820128e-10	-1.12851314820128e-10
429.581612	2.103160	-2.177387	7.52289147059891e-10	1.13948102187388e-10	-1.13948102187388e-10
433.558944	1.856652	-1.874171	6.55674844075377e-10	1.12447336130846e-10	-1.12447336130846e-10
437.656411	1.890313	-2.240815	4.99757662841087e-10	9.57550670610018e-11	-9.57550670610018e-11
441.319108	2.433467	-1.772384	5.01015510415522e-10	9.36926022215287e-11	-9.36926022215287e-11
445.374519	1.920270	-1.621944	6.27225377224581e-10	1.12652978893355e-10	-1.12652978893355e-10
449.988902	3.114723	-2.694113	3.70806549038045e-10	6.76997000109963e-11	-6.76997000109963e-11
NO	NO	NO	NO	NO	NO
!Time	Poserr	Negerr	Flux	PosErr	NegErr
!XRT pc mode data
468.310552	10.941860	-11.623929	1.56185291989848e-10	3.55047450756684e-11	-3.55047450756684e-11
488.500571	10.810341	-9.248159	2.19994863284415e-10	4.49062813933854e-11	-4.49062813933854e-11
510.547944	11.328807	-11.237033	1.94850583478995e-10	4.10181796507968e-11	-4.10181796507968e-11
532.632891	11.809681	-10.756139	1.82001692652791e-10	4.05581787282692e-11	-4.05581787282692e-11
561.022043	18.522909	-16.579471	1.11887440889697e-10	2.51560140298104e-11	-2.51560140298104e-11
611.962902	32.772170	-32.417950	5.85361416107629e-11	1.33066934991574e-11	-1.33066934991574e-11
672.617706	34.800145	-27.882635	5.92576674843089e-11	1.33231173524698e-11	-1.33231173524698e-11
751.938931	30.698261	-44.521079	4.70048134888459e-11	1.06264993497455e-11	-1.06264993497455e-11
819.217238	16.073534	-36.580046	7.61292093814281e-11	1.59497028469314e-11	-1.59497028469314e-11
845.077272	7.764680	-9.786500	2.16423732602201e-10	4.66037932135063e-11	-4.66037932135063e-11
864.111981	6.281110	-11.270030	2.07914879722602e-10	4.53707662811808e-11	-4.53707662811808e-11
880.352057	7.592234	-9.958966	2.26358297250254e-10	4.74238856794074e-11	-4.74238856794074e-11
899.194359	11.315733	-11.250067	1.7594698014403e-10	3.68623223844474e-11	-3.68623223844474e-11
925.578799	12.511673	-15.068707	1.31266691657015e-10	2.87943216269219e-11	-2.87943216269219e-11
953.147081	15.031090	-15.056610	1.22912375640415e-10	2.69617783720536e-11	-2.69617783720536e-11
981.840895	6.395816	-13.662724	2.08961953106053e-10	4.45508525804189e-11	-4.45508525804189e-11
994.626400	3.639552	-6.389688	3.92369799054861e-10	8.77365510693995e-11	-8.77365510693995e-11
1005.708420	7.601392	-7.442468	4.69154196809303e-10	7.9192431839915e-11	-7.9192431839915e-11
5502.628743	1290.651428	-1180.014040	1.34660581281421e-12	2.84853935177432e-13	-2.84853935177432e-13
11468.273144	1103.602588	-1366.272400	8.4228712186992e-13	1.79287548166524e-13	-1.79287548166524e-13
17065.194399	1286.656773	-1181.422175	1.02706149811399e-12	2.30122135481923e-13	-2.30122135481923e-13
28795.281880	6892.243652	-6967.488468	3.13856618707719e-13	7.74255196571388e-14	-7.74255196571388e-14
47560.124079	5263.464773	-6920.944487	3.05004029094935e-13	6.87519412691269e-14	-6.87519412691269e-14
76583.978265	33558.373227	-18752.460121	2.31075543100668e-13	6.32098537228691e-14	-6.32098537228691e-14
141821.637624	49681.050748	-26572.474592	1.53831118356218e-13	4.19081088516529e-14	-4.19081088516529e-14
467312.273732	416950.149300	-270628.368100	1.51877507266892e-14	5.29365585494563e-15	-5.29365585494563e-15
