READ TERR 1 2
NO	NO	NO	NO	NO	NO
!Time	Poserr	Negerr	Flux	PosErr	NegErr
!XRT wt mode data
97.483303	0.442956	-0.462626	7.5587196349293e-08	7.76817778910582e-09	-7.76817778910582e-09
98.357236	0.545748	-0.430977	7.277965229424e-08	7.44453990241736e-09	-7.44453990241736e-09
99.381783	0.522848	-0.478799	7.22259695577461e-08	7.56485349578894e-09	-7.56485349578894e-09
100.323141	0.367859	-0.418510	9.76889860379627e-08	9.94573193178058e-09	-9.94573193178058e-09
101.080281	0.432683	-0.389281	9.20180747194057e-08	9.63785265408912e-09	-9.63785265408912e-09
101.897961	0.383588	-0.384998	1.01311482369418e-07	1.03630252258556e-08	-1.03630252258556e-08
102.679093	0.417298	-0.397544	9.5735426170412e-08	9.79265737293148e-09	-9.79265737293148e-09
103.592845	0.458929	-0.496454	7.78014741180643e-08	8.34716000563731e-09	-8.34716000563731e-09
104.456776	0.436501	-0.405001	9.22320691739102e-08	9.51786747558251e-09	-9.51786747558251e-09
105.316898	0.385899	-0.423622	9.69627506682036e-08	1.01074892382495e-08	-1.01074892382495e-08
106.106066	0.408016	-0.403269	9.873986025778e-08	1.02927368096147e-08	-1.02927368096147e-08
106.945886	0.395493	-0.431804	9.38189859404263e-08	9.55172659870118e-09	-9.55172659870118e-09
107.809731	0.463903	-0.468352	7.70995938097607e-08	7.99886175408867e-09	-7.99886175408867e-09
108.784130	0.428742	-0.510496	7.12614728197346e-08	7.49406374366745e-09	-7.49406374366745e-09
109.618306	0.384502	-0.405434	8.91050982849888e-08	9.24439846887287e-09	-9.24439846887287e-09
110.402068	0.399573	-0.399260	6.29419383538371e-08	7.73933962826527e-09	-7.73933962826527e-09
111.335168	0.532151	-0.533528	7.15169330621672e-08	7.31537795726796e-09	-7.31537795726796e-09
112.279748	0.347261	-0.412429	6.85542512898371e-08	8.3612837859606e-09	-8.3612837859606e-09
113.135732	0.419984	-0.508723	7.96080512942761e-08	8.18140541809775e-09	-8.18140541809775e-09
114.096727	0.474881	-0.541010	7.39568235379767e-08	7.5649512563195e-09	-7.5649512563195e-09
115.093838	0.522090	-0.522230	7.4001407826316e-08	7.53409563035577e-09	-7.53409563035577e-09
115.996430	0.373851	-0.380502	7.05551239968056e-08	8.67545679484484e-09	-8.67545679484484e-09
116.874938	0.521901	-0.504658	4.65160678733315e-08	6.05343403753033e-09	-6.05343403753033e-09
117.882888	0.600983	-0.486049	6.28362609197352e-08	6.51908186557805e-09	-6.51908186557805e-09
118.948649	0.423010	-0.464777	5.07373791098855e-08	6.55535660444295e-09	-6.55535660444295e-09
119.876534	0.525245	-0.504875	6.73934967953469e-08	7.16095893582105e-09	-7.16095893582105e-09
120.835161	0.392120	-0.433382	5.73739542329974e-08	7.25572343591979e-09	-7.25572343591979e-09
121.786594	0.465476	-0.559313	6.79704508768672e-08	6.92008289791669e-09	-6.92008289791669e-09
122.659062	0.395398	-0.406992	5.59466851090559e-08	6.97607490504615e-09	-6.97607490504615e-09
123.489117	0.417544	-0.434657	5.06327876469563e-08	6.31347715849605e-09	-6.31347715849605e-09
124.321855	0.476135	-0.415194	4.75093939471897e-08	5.83808949788962e-09	-5.83808949788962e-09
125.334870	0.407820	-0.536880	4.46055867475916e-08	5.68121604228856e-09	-5.68121604228856e-09
126.171508	0.371792	-0.428817	5.74172304734625e-08	6.95947467330617e-09	-6.95947467330617e-09
126.940989	0.452728	-0.397689	4.97980653275513e-08	6.62361257147434e-09	-6.62361257147434e-09
127.838809	0.574340	-0.445093	4.25001932927798e-08	5.37473235044314e-09	-5.37473235044314e-09
128.846187	0.417388	-0.433038	5.00715204936275e-08	6.28760168547978e-09	-6.28760168547978e-09
129.734046	0.497377	-0.470471	4.3573954944395e-08	5.5105242740083e-09	-5.5105242740083e-09
130.798662	0.480669	-0.567239	4.02950868209737e-08	5.05995133458233e-09	-5.05995133458233e-09
131.839435	0.452205	-0.560103	4.26709506687399e-08	5.24681937141723e-09	-5.24681937141723e-09
132.753973	0.455702	-0.462333	4.54636853320051e-08	5.8739863000424e-09	-5.8739863000424e-09
133.729286	0.658154	-0.519611	3.59771686666541e-08	4.58225267993999e-09	-4.58225267993999e-09
134.849608	0.473655	-0.462169	4.49590878699763e-08	5.68569329056747e-09	-5.68569329056747e-09
135.896075	0.476875	-0.572812	4.07246187671685e-08	5.03902955225282e-09	-5.03902955225282e-09
136.890422	0.372077	-0.517473	4.81322488745721e-08	5.91834049056183e-09	-5.91834049056183e-09
137.745849	0.589461	-0.483350	3.94643263921186e-08	4.95563072305672e-09	-4.95563072305672e-09
138.952291	0.498520	-0.616981	3.7011163072726e-08	4.81649989755158e-09	-4.81649989755158e-09
139.995985	0.531218	-0.545173	3.96962208323624e-08	4.94978046223563e-09	-4.94978046223563e-09
141.044467	0.416768	-0.517265	4.54412511003382e-08	5.70616759411337e-09	-5.70616759411337e-09
142.129674	0.665904	-0.668439	3.1029531531765e-08	4.0090688089047e-09	-4.0090688089047e-09
143.276100	0.378799	-0.480522	4.92613254201066e-08	6.18586351995686e-09	-6.18586351995686e-09
144.106348	0.470116	-0.451449	4.64550441316714e-08	5.82855703507241e-09	-5.82855703507241e-09
145.132433	0.607590	-0.555969	3.65300407808527e-08	4.58716540285705e-09	-4.58716540285705e-09
146.278071	0.467148	-0.538047	4.21981923401924e-08	5.26175502444017e-09	-5.26175502444017e-09
147.308271	0.655620	-0.563052	3.36707574488542e-08	4.1691377196202e-09	-4.1691377196202e-09
148.575426	0.519987	-0.611536	3.34323892160255e-08	4.31952216065027e-09	-4.31952216065027e-09
149.624616	0.728626	-0.529202	3.05721010389823e-08	3.86626150465247e-09	-3.86626150465247e-09
150.896043	0.647439	-0.542801	3.20351024737738e-08	4.08016915752973e-09	-4.08016915752973e-09
152.203282	0.594489	-0.659800	3.03096120192969e-08	3.77935037211793e-09	-3.77935037211793e-09
153.482084	0.728306	-0.684314	2.58057689005263e-08	3.26349341608112e-09	-3.26349341608112e-09
154.888015	0.583773	-0.677624	2.94440689360243e-08	3.7236063543133e-09	-3.7236063543133e-09
155.938258	0.636592	-0.466471	3.48952055662558e-08	4.41297735388812e-09	-4.41297735388812e-09
157.362183	0.813848	-0.787333	2.36826414479907e-08	3.01635318505977e-09	-3.01635318505977e-09
158.891411	0.567374	-0.715381	2.73457352790116e-08	3.48290522885509e-09	-3.48290522885509e-09
160.106742	0.867846	-0.647956	2.31952420848758e-08	2.8114678805416e-09	-2.8114678805416e-09
161.919792	0.814358	-0.945205	1.87018193794174e-08	2.39903525645621e-09	-2.39903525645621e-09
163.617161	0.908556	-0.883011	1.90176068905985e-08	2.35477395797655e-09	-2.35477395797655e-09
165.306259	0.701476	-0.780542	2.54021352873568e-08	3.16742983099755e-09	-3.16742983099755e-09
166.740912	0.583363	-0.733177	3.18957640451876e-08	3.91944221243557e-09	-3.91944221243557e-09
168.154833	0.868505	-0.830558	2.29156601753526e-08	2.85738757404393e-09	-2.85738757404393e-09
169.615403	0.649747	-0.592065	2.91233068282086e-08	3.65708391734717e-09	-3.65708391734717e-09
171.037983	0.709177	-0.772834	2.48498985431357e-08	3.09857058689886e-09	-3.09857058689886e-09
172.392584	0.790329	-0.645424	2.73157536675553e-08	3.33550122177804e-09	-3.33550122177804e-09
173.781079	0.588503	-0.598166	3.24713523858768e-08	4.0489009619585e-09	-4.0489009619585e-09
174.980903	0.705238	-0.611321	2.83948996496581e-08	3.54060205478454e-09	-3.54060205478454e-09
176.381822	0.809464	-0.695681	2.44471437169098e-08	3.00602036932075e-09	-3.00602036932075e-09
177.964319	0.685837	-0.773034	2.42160659588461e-08	3.04086983801537e-09	-3.04086983801537e-09
179.432461	0.941622	-0.782304	2.05319072762881e-08	2.54227571978943e-09	-2.54227571978943e-09
181.302101	0.918722	-0.928018	1.91446187080587e-08	2.3871708337262e-09	-2.3871708337262e-09
183.159078	0.928035	-0.938256	1.90052120937694e-08	2.38653037510236e-09	-2.38653037510236e-09
185.120051	0.929447	-1.032938	1.88451019752277e-08	2.30115784193641e-09	-2.30115784193641e-09
187.024465	0.999851	-0.974967	1.85457107287322e-08	2.31249209819016e-09	-2.31249209819016e-09
189.146546	0.936224	-1.122230	1.74338704303206e-08	2.2047520039674e-09	-2.2047520039674e-09
191.250313	1.150631	-1.167543	1.50878214504542e-08	1.92166898768682e-09	-1.92166898768682e-09
193.564324	1.076528	-1.163381	1.51438363056025e-08	1.90164809480058e-09	-1.90164809480058e-09
195.987183	1.167565	-1.346330	1.30738932100927e-08	1.63020307716573e-09	-1.63020307716573e-09
198.468136	1.095558	-1.313388	1.33573998859722e-08	1.70127288857055e-09	-1.70127288857055e-09
200.695508	1.245083	-1.131814	1.38162051982548e-08	1.71073258737684e-09	-1.71073258737684e-09
202.841192	0.995921	-0.900601	1.78312806345722e-08	2.19253397959017e-09	-2.19253397959017e-09
205.475425	1.752696	-1.638312	1.04503830662839e-08	1.27537619087704e-09	-1.27537619087704e-09
208.774798	1.433370	-1.546678	1.1242815068093e-08	1.43194759065441e-09	-1.43194759065441e-09
211.503657	1.056501	-1.295489	1.43410255609769e-08	1.76337223570105e-09	-1.76337223570105e-09
214.235827	1.542744	-1.675668	1.02008920005327e-08	1.27196432948516e-09	-1.27196432948516e-09
217.423184	1.563149	-1.644614	1.00639128535022e-08	1.26374983297792e-09	-1.26374983297792e-09
220.614734	1.698558	-1.628401	9.84512647922852e-09	1.20979713975243e-09	-1.20979713975243e-09
224.120010	2.087765	-1.806717	7.65725230836492e-09	1.00373140036239e-09	-1.00373140036239e-09
227.977824	1.161927	-1.770049	1.02085825499877e-08	1.28191636813662e-09	-1.28191636813662e-09
230.942613	1.563256	-1.802862	8.73537177885161e-09	1.11258562041742e-09	-1.11258562041742e-09
234.132180	2.597290	-1.626311	6.8141686154975e-09	8.93217932184045e-10	-8.93217932184045e-10
238.802763	1.945733	-2.073293	7.53602293801817e-09	9.33115837087973e-10	-9.33115837087973e-10
243.183699	2.605071	-2.435202	5.74620897135071e-09	7.31869189003043e-10	-7.31869189003043e-10
247.956050	1.205898	-2.167281	7.07139045827977e-09	8.63480900646585e-10	-8.63480900646585e-10
249.441046	0.226182	-0.279098	5.34634828433829e-09	6.55509026027042e-10	-6.55509026027042e-10
249.953076	0.336847	-0.285849	4.23525449387431e-09	5.30925502002314e-10	-5.30925502002314e-10
250.604733	0.277643	-0.314809	4.52733132489535e-09	5.4901955462091e-10	-5.4901955462091e-10
251.239962	0.270447	-0.357587	4.19878484025412e-09	5.20532280483272e-10	-5.20532280483272e-10
251.743964	0.284158	-0.233555	3.89823015242225e-09	5.45861408152955e-10	-5.45861408152955e-10
252.305483	0.318649	-0.277361	4.49257292756512e-09	5.50828709142858e-10	-5.50828709142858e-10
252.935466	0.284684	-0.311335	4.5464320291755e-09	5.51335886018635e-10	-5.51335886018635e-10
253.476742	0.286033	-0.256592	4.9862774432348e-09	6.04674973425761e-10	-6.04674973425761e-10
254.028509	0.259107	-0.265734	5.16420719631589e-09	6.37452865961445e-10	-6.37452865961445e-10
254.545057	0.267404	-0.257440	5.09099214532044e-09	6.24200105760456e-10	-6.24200105760456e-10
255.097020	0.293659	-0.284559	4.74954346838107e-09	5.7177782374053e-10	-5.7177782374053e-10
255.633977	0.292224	-0.243298	5.07267184060636e-09	6.24095650244232e-10	-6.24095650244232e-10
256.182581	0.256001	-0.256379	5.6478742449889e-09	6.74749555686311e-10	-6.74749555686311e-10
256.712229	0.283209	-0.273647	4.93023249913657e-09	5.97878507397794e-10	-5.97878507397794e-10
257.285645	0.261324	-0.290207	4.96049509100455e-09	6.01548396347839e-10	-6.01548396347839e-10
257.901434	0.318048	-0.354465	3.86419033795566e-09	4.8658309134675e-10	-4.8658309134675e-10
258.475257	0.267279	-0.255776	5.19089319145941e-09	6.29488279336823e-10	-6.29488279336823e-10
259.016633	0.273866	-0.274097	3.33937703144554e-09	4.92364275151605e-10	-4.92364275151605e-10
259.576770	0.318623	-0.286271	4.4567160741393e-09	5.40456205383883e-10	-5.40456205383883e-10
260.143599	0.271293	-0.248206	3.62852494102705e-09	5.31965146786531e-10	-5.31965146786531e-10
260.671776	0.248389	-0.256884	5.36301252919281e-09	6.5036081384724e-10	-6.5036081384724e-10
261.233648	0.353693	-0.313482	4.13270771708041e-09	4.975195415407e-10	-4.975195415407e-10
261.879298	0.293377	-0.291957	4.6434875271526e-09	5.69332130671186e-10	-5.69332130671186e-10
262.478864	0.300490	-0.306189	4.58758877736061e-09	5.58298445705748e-10	-5.58298445705748e-10
263.027419	0.260758	-0.248064	3.90190412575084e-09	5.65996120624227e-10	-5.65996120624227e-10
263.603357	0.309291	-0.315181	4.45740468047468e-09	5.46516765178453e-10	-5.46516765178453e-10
264.185053	0.330721	-0.272405	4.67890051041971e-09	5.67400025412838e-10	-5.67400025412838e-10
264.852276	0.321777	-0.336502	4.30937767143971e-09	5.22588813131294e-10	-5.22588813131294e-10
265.427872	0.249677	-0.253819	3.79841184546738e-09	5.62952210607832e-10	-5.62952210607832e-10
265.983319	0.316914	-0.305770	4.50694970428912e-09	5.42572967055554e-10	-5.42572967055554e-10
266.601887	0.283673	-0.301654	4.68652492889707e-09	5.683246147611e-10	-5.683246147611e-10
267.144106	0.246727	-0.258546	3.53509214795304e-09	5.35823370184686e-10	-5.35823370184686e-10
267.643732	0.255934	-0.252899	3.54613314178211e-09	5.28626308497465e-10	-5.28626308497465e-10
268.198801	0.312887	-0.299135	4.45255942074789e-09	5.39952160026455e-10	-5.39952160026455e-10
268.794379	0.320430	-0.282692	4.52061128174137e-09	5.48204638851802e-10	-5.48204638851802e-10
269.372814	0.266830	-0.258004	3.51635819479777e-09	5.18458744374412e-10	-5.18458744374412e-10
269.933669	0.323329	-0.294025	4.37354020696417e-09	5.36234252279208e-10	-5.36234252279208e-10
270.533296	0.257441	-0.276299	3.74592392816579e-09	5.29753627562755e-10	-5.29753627562755e-10
271.098803	0.255914	-0.308066	3.32705981974067e-09	4.85301549798321e-10	-4.85301549798321e-10
271.617731	0.272495	-0.263014	3.74488724070526e-09	5.29607031906496e-10	-5.29607031906496e-10
272.194846	0.291386	-0.304620	4.56143051695632e-09	5.59271245444113e-10	-5.59271245444113e-10
272.753098	0.243748	-0.266866	3.7646726860033e-09	5.51925301864784e-10	-5.51925301864784e-10
273.315584	0.268364	-0.318738	3.12802328459741e-09	4.66298168371052e-10	-4.66298168371052e-10
273.802253	0.304749	-0.218305	3.80103679317384e-09	5.51364680881545e-10	-5.51364680881545e-10
274.413285	0.337763	-0.306283	4.3647264708766e-09	5.29300835359343e-10	-5.29300835359343e-10
275.025282	0.314658	-0.274234	4.70437728123993e-09	5.70489554632675e-10	-5.70489554632675e-10
275.554274	0.317617	-0.214334	3.40445756163789e-09	5.07506560572825e-10	-5.07506560572825e-10
276.122091	0.272856	-0.250200	3.37452239590079e-09	5.11485387654236e-10	-5.11485387654236e-10
276.663931	0.255861	-0.268983	3.45769165413497e-09	5.098088237283e-10	-5.098088237283e-10
277.210077	0.287933	-0.290285	3.07296245502406e-09	4.58090183808842e-10	-4.58090183808842e-10
277.788301	0.220320	-0.290291	3.59653003683227e-09	5.33031855191507e-10	-5.33031855191507e-10
278.277588	0.257656	-0.268967	3.53595716647703e-09	5.15772368331337e-10	-5.15772368331337e-10
278.776200	0.260750	-0.240955	3.7697610460031e-09	5.55312700889697e-10	-5.55312700889697e-10
279.335082	0.242715	-0.298132	3.86345290568146e-09	5.30686066554426e-10	-5.30686066554426e-10
279.855197	0.263456	-0.277400	3.27410827898689e-09	4.88075259006948e-10	-4.88075259006948e-10
280.382997	0.256943	-0.264344	3.76782225540717e-09	5.32850539937267e-10	-5.32850539937267e-10
280.910904	0.269892	-0.270964	3.26719996093624e-09	4.87045404180922e-10	-4.87045404180922e-10
281.454775	0.263320	-0.273979	3.61108035028667e-09	5.18386713667963e-10	-5.18386713667963e-10
281.972041	0.327819	-0.253947	3.03506971375553e-09	4.52441469870728e-10	-4.52441469870728e-10
282.626013	0.207579	-0.326153	3.30622171739253e-09	4.92862428837969e-10	-4.92862428837969e-10
283.109626	0.271938	-0.276035	3.25107595691631e-09	4.87211608131474e-10	-4.87211608131474e-10
283.696376	0.307865	-0.314812	2.79596844000944e-09	4.23792416207453e-10	-4.23792416207453e-10
284.284814	0.260283	-0.280573	3.26087375928268e-09	4.8610236935319e-10	-4.8610236935319e-10
284.798054	0.277225	-0.252957	3.77524675668357e-09	5.28640295409398e-10	-5.28640295409398e-10
285.353436	0.234233	-0.278157	3.45227665041759e-09	5.14635033831253e-10	-5.14635033831253e-10
285.832693	0.372332	-0.245024	2.83306300073818e-09	4.29414962566117e-10	-4.29414962566117e-10
286.558005	0.271483	-0.352981	2.80910225522101e-09	4.2578314077373e-10	-4.2578314077373e-10
287.131713	0.299118	-0.302226	2.96796442019608e-09	4.42438002001422e-10	-4.42438002001422e-10
287.713536	0.263490	-0.282704	3.24091653844869e-09	4.91234413264073e-10	-4.91234413264073e-10
288.301005	0.261355	-0.323979	3.07846565085642e-09	4.58910558917495e-10	-4.58910558917495e-10
288.903139	0.351303	-0.340778	2.60432764714271e-09	3.88230225409873e-10	-3.88230225409873e-10
289.603826	0.310661	-0.349385	4.07647900993748e-09	4.99811960103008e-10	-4.99811960103008e-10
290.249522	0.314343	-0.335035	2.72072624916403e-09	4.12387777694454e-10	-4.12387777694454e-10
290.857343	0.307873	-0.293477	2.9928908213492e-09	4.46153835036388e-10	-4.46153835036388e-10
291.476901	0.359034	-0.311686	2.70293215691554e-09	4.02929335057537e-10	-4.02929335057537e-10
292.156859	0.228819	-0.320923	3.32316676333899e-09	4.95388464235678e-10	-4.95388464235678e-10
292.704613	0.341123	-0.318935	2.77501900782227e-09	4.13675407879835e-10	-4.13675407879835e-10
293.347166	0.323046	-0.301430	2.89699341728008e-09	4.31858293668436e-10	-4.31858293668436e-10
293.924722	0.273893	-0.254509	3.38664071007907e-09	5.04850599657432e-10	-5.04850599657432e-10
294.449724	0.311096	-0.251110	3.15222015618089e-09	4.69905247002037e-10	-4.69905247002037e-10
295.062734	0.256734	-0.301913	3.08908283126688e-09	4.76145257940264e-10	-4.76145257940264e-10
295.581195	0.318245	-0.261727	3.05381361412508e-09	4.55235641195822e-10	-4.55235641195822e-10
296.187421	0.334703	-0.287981	2.84414819950369e-09	4.23980565332793e-10	-4.23980565332793e-10
296.846531	0.255589	-0.324408	3.05338362424881e-09	4.55171563211282e-10	-4.55171563211282e-10
297.496099	0.328349	-0.393979	2.4186636254335e-09	3.66603315857896e-10	-3.66603315857896e-10
298.070533	0.323238	-0.246084	3.38030118330864e-09	4.82900158185292e-10	-4.82900158185292e-10
298.719955	0.319636	-0.326184	2.7344708779571e-09	4.07630847934415e-10	-4.07630847934415e-10
299.447388	0.344762	-0.407797	2.34830838620467e-09	3.50065139072746e-10	-3.50065139072746e-10
300.103537	0.300635	-0.311386	2.82493891010923e-09	4.35430620422067e-10	-4.35430620422067e-10
300.710632	0.257526	-0.306460	3.15587278798546e-09	4.7044973592861e-10	-4.7044973592861e-10
301.269555	0.324857	-0.301398	2.81433410433731e-09	4.26576169211188e-10	-4.26576169211188e-10
301.898819	0.266691	-0.304408	3.15642173517088e-09	4.70531558825522e-10	-4.70531558825522e-10
302.490496	0.292362	-0.324985	2.9558837908214e-09	4.40637131650915e-10	-4.40637131650915e-10
303.057486	0.243095	-0.274628	3.96112937996754e-09	5.60188289425683e-10	-5.60188289425683e-10
303.579786	0.331037	-0.279205	3.02485492761564e-09	4.50918753462624e-10	-4.50918753462624e-10
304.334172	0.348795	-0.423349	2.35183722914069e-09	3.5059120463184e-10	-3.5059120463184e-10
305.045722	0.348895	-0.362755	2.47906220157187e-09	3.75758088937282e-10	-3.75758088937282e-10
305.708095	0.323439	-0.313478	2.77344047091217e-09	4.1344011294908e-10	-4.1344011294908e-10
306.329685	0.262272	-0.298151	3.16246258498968e-09	4.71432072331285e-10	-4.71432072331285e-10
306.904898	0.267060	-0.312941	3.02832744781028e-09	4.59011718875453e-10	-4.59011718875453e-10
307.539181	0.339079	-0.367223	2.52929929773197e-09	3.77045697809896e-10	-3.77045697809896e-10
308.117375	0.324860	-0.239115	3.12934040586866e-09	4.74322485410473e-10	-4.74322485410473e-10
308.798374	0.357280	-0.356138	2.43462548359139e-09	3.75268470117221e-10	-3.75268470117221e-10
309.577685	0.346549	-0.422031	2.28068925958521e-09	3.45690176089806e-10	-3.45690176089806e-10
310.356289	0.437941	-0.432055	1.98105059564146e-09	3.05355320716882e-10	-3.05355320716882e-10
311.161133	0.341194	-0.366903	2.49950751884241e-09	3.78857036237078e-10	-3.78857036237078e-10
311.882604	0.320688	-0.380276	2.59295042997386e-09	3.86534226961103e-10	-3.86534226961103e-10
312.542633	0.317152	-0.339340	2.80296155128078e-09	4.17840822374463e-10	-4.17840822374463e-10
313.124731	0.283026	-0.264947	3.32830041654464e-09	5.04479411901617e-10	-5.04479411901617e-10
313.719198	0.336164	-0.311441	2.78310300396277e-09	4.21842367234195e-10	-4.21842367234195e-10
314.408647	0.338798	-0.353285	2.60060693331119e-09	3.87675594907865e-10	-3.87675594907865e-10
315.159549	0.354702	-0.412104	2.28226641000725e-09	3.45929242280278e-10	-3.45929242280278e-10
315.911819	0.319416	-0.397568	2.48320927592486e-09	3.70174968296934e-10	-3.70174968296934e-10
316.605671	0.331867	-0.374436	2.50931364696262e-09	3.80343396795558e-10	-3.80343396795558e-10
317.351293	0.447344	-0.413755	2.10224830521982e-09	3.13384662216273e-10	-3.13384662216273e-10
318.164372	0.379723	-0.365735	2.39888477798974e-09	3.63605406487795e-10	-3.63605406487795e-10
318.993571	0.404502	-0.449476	2.0738200822169e-09	3.14334445526578e-10	-3.14334445526578e-10
319.765657	0.388514	-0.367584	2.353577432587e-09	3.50850599536146e-10	-3.50850599536146e-10
320.405166	0.309431	-0.250995	3.15403717590275e-09	4.70176117306603e-10	-4.70176117306603e-10
321.112055	0.349773	-0.397458	2.36083120947434e-09	3.51931941401743e-10	-3.51931941401743e-10
321.883531	0.369998	-0.421702	2.20462595092863e-09	3.34161044238656e-10	-3.34161044238656e-10
322.620437	0.419468	-0.366908	2.25082538215754e-09	3.35533236261377e-10	-3.35533236261377e-10
323.489586	0.429211	-0.449681	1.99170226266437e-09	3.01887635424835e-10	-3.01887635424835e-10
324.434291	0.509287	-0.515494	1.72225981989791e-09	2.62372119039356e-10	-2.62372119039356e-10
325.298551	0.401154	-0.354973	2.30914195763974e-09	3.50002831290339e-10	-3.50002831290339e-10
326.217914	0.440729	-0.518209	1.84249204176137e-09	2.74662500457548e-10	-2.74662500457548e-10
327.122410	0.379542	-0.463768	2.09168411286781e-09	3.11809840817432e-10	-3.11809840817432e-10
327.927723	0.467353	-0.425771	1.9495921433813e-09	2.95504897216348e-10	-2.95504897216348e-10
328.788511	0.392932	-0.393435	2.24221254115068e-09	3.34249292102697e-10	-3.34249292102697e-10
329.621311	0.398094	-0.439867	2.07806365502429e-09	3.14977661015173e-10	-3.14977661015173e-10
330.459505	0.358732	-0.440099	2.20654744197676e-09	3.28932673434884e-10	-3.28932673434884e-10
331.137128	0.389203	-0.318892	2.42779190265399e-09	3.74215145836816e-10	-3.74215145836816e-10
331.904253	0.376416	-0.377922	2.30736386873498e-09	3.49733308223452e-10	-3.49733308223452e-10
332.915849	0.448287	-0.635181	1.60747598402073e-09	2.43649447110612e-10	-2.43649447110612e-10
333.884870	0.480918	-0.520735	1.7615235802043e-09	2.62592430271253e-10	-2.62592430271253e-10
334.790774	0.542862	-0.424986	1.8005911516733e-09	2.72920418200786e-10	-2.72920418200786e-10
335.773015	0.437733	-0.439379	2.01274670280745e-09	3.00042547097536e-10	-3.00042547097536e-10
336.785523	0.551398	-0.574775	1.50545541604179e-09	2.36010189244149e-10	-2.36010189244149e-10
337.786863	0.391590	-0.449942	2.09431172747194e-09	3.12201540657576e-10	-3.12201540657576e-10
338.723346	0.583055	-0.544893	1.56259784498114e-09	2.32938317069814e-10	-2.32938317069814e-10
339.728859	0.436863	-0.422457	2.05135622779472e-09	3.05798126665914e-10	-3.05798126665914e-10
340.478814	0.307827	-0.313091	2.84011039661538e-09	4.2337864891021e-10	-4.2337864891021e-10
341.203966	0.425980	-0.417326	2.09202128813832e-09	3.118601183782e-10	-3.118601183782e-10
342.203429	0.493981	-0.573482	1.63215971263677e-09	2.47390830527781e-10	-2.47390830527781e-10
343.148043	0.405130	-0.450633	2.06415858626363e-09	3.07706602134209e-10	-3.07706602134209e-10
344.030220	0.465893	-0.477047	1.85097442672754e-09	2.80557143662341e-10	-2.80557143662341e-10
345.118134	0.699854	-0.622022	1.33923571224139e-09	1.99641477646055e-10	-1.99641477646055e-10
346.338469	0.555876	-0.520481	1.66197715672981e-09	2.49066626238427e-10	-2.49066626238427e-10
347.385884	0.476309	-0.491539	1.83331232652912e-09	2.73294052666091e-10	-2.73294052666091e-10
348.332615	0.584605	-0.470421	1.66222441875491e-09	2.51947815457011e-10	-2.51947815457011e-10
349.395949	0.544252	-0.478729	1.73503515887016e-09	2.58643784099089e-10	-2.58643784099089e-10
350.420034	0.466666	-0.479832	1.82527642786837e-09	2.81344575877696e-10	-2.81344575877696e-10
351.469810	0.489707	-0.583111	1.62944417845073e-09	2.46979227994254e-10	-2.46979227994254e-10
352.441687	0.515909	-0.482170	1.77208748822293e-09	2.64167223701985e-10	-2.64167223701985e-10
353.518851	0.411926	-0.561255	1.79147533516757e-09	2.71538713918439e-10	-2.71538713918439e-10
354.505413	0.535543	-0.574636	1.59332738963826e-09	2.37519229632365e-10	-2.37519229632365e-10
355.453616	0.428861	-0.412660	2.07762559596364e-09	3.14911262944524e-10	-3.14911262944524e-10
356.356082	0.515583	-0.473606	1.79316054728429e-09	2.67308580836753e-10	-2.67308580836753e-10
357.605041	0.592058	-0.733377	1.34037556692269e-09	1.99811385221487e-10	-1.99811385221487e-10
358.828591	0.475114	-0.631493	1.60766055553812e-09	2.39655880890338e-10	-2.39655880890338e-10
359.921398	0.408861	-0.617693	1.70976444870821e-09	2.59153563739874e-10	-2.59153563739874e-10
361.128330	0.648365	-0.798070	1.19633024349039e-09	1.84400022676455e-10	-1.84400022676455e-10
362.390899	0.543992	-0.614204	1.53128018378934e-09	2.28269779636823e-10	-2.28269779636823e-10
363.439653	0.450633	-0.504762	1.85443851411859e-09	2.76443384011691e-10	-2.76443384011691e-10
364.393283	0.473747	-0.502997	1.81194970367993e-09	2.70109502804868e-10	-2.70109502804868e-10
365.554361	0.698610	-0.687330	1.25957781811666e-09	1.90917586847742e-10	-1.90917586847742e-10
366.911292	0.636872	-0.658321	1.36439675573369e-09	2.0339227516175e-10	-2.0339227516175e-10
368.236064	0.715836	-0.687900	1.258124826302e-09	1.87550179248769e-10	-1.87550179248769e-10
369.478944	0.700519	-0.527044	1.43749844056153e-09	2.14289600669421e-10	-2.14289600669421e-10
370.880840	0.629414	-0.701378	1.30919139155067e-09	1.98437632874171e-10	-1.98437632874171e-10
372.389221	0.683099	-0.878967	1.13102490546229e-09	1.68603234998972e-10	-1.68603234998972e-10
374.397261	0.696148	-1.324940	8.75458973066354e-10	1.30505726907058e-10	-1.30505726907058e-10
375.741345	0.675723	-0.647937	1.33885649146039e-09	1.99584946168795e-10	-1.99584946168795e-10
377.287321	0.549491	-0.870253	1.21698823647938e-09	1.8758423273199e-10	-1.8758423273199e-10
378.936465	0.889398	-1.099653	8.91817896689205e-10	1.32944352586747e-10	-1.32944352586747e-10
380.407534	0.544520	-0.581671	1.57504707342347e-09	2.34794146314943e-10	-2.34794146314943e-10
382.084580	0.836975	-1.132525	8.76925135153986e-10	1.35167556092204e-10	-1.35167556092204e-10
383.629180	0.765458	-0.707625	1.18752227753246e-09	1.79995929969238e-10	-1.79995929969238e-10
385.265258	0.952971	-0.870620	9.5909840997024e-10	1.45373125539246e-10	-1.45373125539246e-10
387.216123	0.772343	-0.997894	1.00815738685581e-09	1.50287219847293e-10	-1.50287219847293e-10
388.828817	0.565145	-0.840351	1.26125732418149e-09	1.91172158317332e-10	-1.91172158317332e-10
390.463019	0.811487	-1.069057	9.36573712381197e-10	1.4436167611638e-10	-1.4436167611638e-10
392.125739	0.792682	-0.851234	1.07831449093091e-09	1.66209323255646e-10	-1.66209323255646e-10
393.724894	1.098963	-0.806473	9.60873952433354e-10	1.43238622070776e-10	-1.43238622070776e-10
395.591717	0.756829	-0.767860	1.19398995024621e-09	1.80976270175105e-10	-1.80976270175105e-10
397.379567	0.961596	-1.031021	9.27517584888177e-10	1.38266142673222e-10	-1.38266142673222e-10
399.538298	0.868420	-1.197134	8.67471320640368e-10	1.33710345773958e-10	-1.33710345773958e-10
401.401642	0.866050	-0.994925	9.71509773476506e-10	1.47254326487816e-10	-1.47254326487816e-10
403.363456	1.201076	-1.095764	7.73448055861849e-10	1.19217799109091e-10	-1.19217799109091e-10
405.356523	0.798542	-0.791991	1.11188525050334e-09	1.71383834674342e-10	-1.71383834674342e-10
407.079830	1.060740	-0.924765	8.87296301787345e-10	1.36766120451562e-10	-1.36766120451562e-10
408.845427	0.748658	-0.704857	1.24570049989305e-09	1.85698067050592e-10	-1.85698067050592e-10
410.704514	0.969374	-1.110429	8.41189539647334e-10	1.31873255775302e-10	-1.31873255775302e-10
412.595257	1.001863	-0.921369	9.26730361184169e-10	1.42844444746122e-10	-1.42844444746122e-10
414.871518	0.976197	-1.274398	8.07359800400482e-10	1.22373704310596e-10	-1.22373704310596e-10
416.923284	0.957960	-1.075569	8.98590317085468e-10	1.36201754786661e-10	-1.36201754786661e-10
419.154524	1.245954	-1.273279	7.1088485106578e-10	1.11445382131547e-10	-1.11445382131547e-10
421.646861	1.292413	-1.246383	7.29404474493097e-10	1.10557769002775e-10	-1.10557769002775e-10
423.928899	0.855323	-0.989625	1.00961024035392e-09	1.53029329976081e-10	-1.53029329976081e-10
425.834401	0.890836	-1.050179	9.4405929732966e-10	1.45515483350916e-10	-1.45515483350916e-10
427.897184	0.975467	-1.171947	8.50107165778005e-10	1.31033873339607e-10	-1.31033873339607e-10
429.788023	1.022089	-0.915372	9.63159820901994e-10	1.43579370212252e-10	-1.43579370212252e-10
432.017563	1.124968	-1.207450	7.76199231144431e-10	1.19641835996777e-10	-1.19641835996777e-10
434.845122	1.373495	-1.702591	5.84678933554431e-10	9.01212841665495e-11	-9.01212841665495e-11
437.457988	1.242515	-1.239372	7.40124507416283e-10	1.10331251744281e-10	-1.10331251744281e-10
440.249312	1.603795	-1.548809	5.51511929093599e-10	8.79502211747411e-11	-8.79502211747411e-11
443.013320	1.465768	-1.160212	6.70609501265883e-10	1.05131434492248e-10	-1.05131434492248e-10
445.701051	1.297271	-1.221962	6.79666735456238e-10	1.10272066508396e-10	-1.10272066508396e-10
448.732943	1.732869	-1.734621	4.93229695522479e-10	8.00237085926152e-11	-8.00237085926152e-11
452.107428	1.740497	-1.641616	5.32958143489122e-10	8.07819078842084e-11	-8.07819078842084e-11
455.450158	1.363581	-1.602233	5.76113624978486e-10	9.34711413561582e-11	-9.34711413561582e-11
458.951568	1.856290	-2.137829	4.3362441240941e-10	6.91505709003954e-11	-6.91505709003954e-11
462.648315	2.107395	-1.840458	4.15115989976091e-10	7.09963759193041e-11	-7.09963759193041e-11
466.465595	1.823454	-1.709885	3.5771600647081e-10	6.86811878480443e-11	-6.86811878480443e-11
NO	NO	NO	NO	NO	NO
!Time	Poserr	Negerr	Flux	PosErr	NegErr
!XRT pc mode data
4538.984686	59.653525	-108.336235	8.31473148849756e-12	1.82771596923855e-12	-1.82771596923855e-12
4679.673012	59.374620	-81.034800	8.10622087564167e-12	1.83357316998857e-12	-1.83357316998857e-12
4814.121424	105.452448	-75.073792	6.83010129460213e-12	1.54492229864232e-12	-1.54492229864232e-12
4973.883016	66.041716	-54.309144	1.11493720336743e-11	2.52191338652666e-12	-2.52191338652666e-12
5095.524546	92.331346	-55.599814	1.29300748470665e-11	2.93554792846302e-12	-2.93554792846302e-12
5286.039191	47.240521	-98.183299	1.10836943270276e-11	2.52587525884696e-12	-2.52587525884696e-12
5406.772712	64.408880	-73.493000	8.7081576845442e-12	1.98503608718775e-12	-1.98503608718775e-12
5530.419339	33.532613	-59.237747	1.25330578887878e-11	2.80247562124486e-12	-2.80247562124486e-12
5636.919431	64.934400	-72.967480	8.13808320744271e-12	1.83373284337892e-12	-1.83373284337892e-12
5774.185719	73.091953	-72.331887	7.54380501968775e-12	1.69983429182048e-12	-1.69983429182048e-12
5892.445870	65.153341	-45.168199	9.60933399323688e-12	2.19901321993897e-12	-2.19901321993897e-12
6008.752001	71.705311	-51.152789	8.79559708758825e-12	1.97428519289816e-12	-1.97428519289816e-12
6137.396113	65.919299	-56.938801	8.67577551111228e-12	1.97766595576709e-12	-1.97766595576709e-12
6271.300340	54.873212	-67.984928	8.75273599528412e-12	1.97983034632514e-12	-1.97983034632514e-12
6463.039865	96.309407	-136.866313	8.32262747701013e-12	1.41960265673052e-12	-1.41960265673052e-12
10288.494327	66.632644	-73.776816	9.88589636027242e-12	2.13737841922046e-12	-2.13737841922046e-12
10476.925326	86.308426	-121.798354	6.06886149137711e-12	1.37278852143922e-12	-1.37278852143922e-12
10660.635243	78.110169	-97.401491	7.23247935468992e-12	1.62342245555334e-12	-1.62342245555334e-12
10850.026029	94.318663	-111.280617	6.11474116717093e-12	1.3831732695167e-12	-1.3831732695167e-12
11050.732166	84.167885	-106.387475	6.64531455604399e-12	1.49162493454867e-12	-1.49162493454867e-12
11258.576245	84.430267	-123.676193	5.95076517477669e-12	1.38348204643614e-12	-1.38348204643614e-12
11476.334361	94.837111	-133.327849	5.598360639888e-12	1.27620741746833e-12	-1.27620741746833e-12
11643.706524	60.352208	-72.535052	9.94109562680652e-12	2.24003509577369e-12	-2.24003509577369e-12
11788.329503	93.748109	-84.270771	7.82011596084865e-12	1.78964705854395e-12	-1.78964705854395e-12
11946.084807	68.880145	-64.007195	1.1435164504459e-11	2.57666005979673e-12	-2.57666005979673e-12
12095.279243	62.602288	-80.314292	1.06754171557405e-11	2.40550201269236e-12	-2.40550201269236e-12
12234.893468	50.860824	-77.011936	1.23282690033905e-11	2.70997080714176e-12	-2.70997080714176e-12
12324.726013	38.754879	-38.971721	1.91795236580812e-11	4.30512576771797e-12	-4.30512576771797e-12
12476.428149	150.311963	-112.947257	8.57422367659926e-12	1.57595384211448e-12	-1.57595384211448e-12
16061.530913	64.735039	-63.137821	8.56622167295788e-12	1.93766129633392e-12	-1.93766129633392e-12
16202.428987	91.826805	-76.163035	6.57380842510625e-12	1.48125941420621e-12	-1.48125941420621e-12
16358.269241	43.800931	-64.013449	1.22502986343016e-11	2.63005286040576e-12	-2.63005286040576e-12
16481.621637	63.365175	-79.551465	8.9946635372674e-12	2.01900007322164e-12	-2.01900007322164e-12
16619.891863	90.577309	-74.905051	7.63358780520539e-12	1.7267101180753e-12	-1.7267101180753e-12
16776.526448	49.278884	-66.057276	1.14151248164488e-11	2.50926262975255e-12	-2.50926262975255e-12
16887.188520	58.967552	-61.383188	9.76175112231003e-12	2.20809764895188e-12	-2.20809764895188e-12
16993.266151	55.689481	-47.110079	1.06188242935417e-11	2.42064799995499e-12	-2.42064799995499e-12
17108.587831	80.776960	-59.632200	7.33772084633305e-12	1.65337938611723e-12	-1.65337938611723e-12
17255.649794	61.587658	-66.285002	8.08006833493822e-12	1.84911267837407e-12	-1.84911267837407e-12
17393.050944	54.566468	-75.813492	8.18017286732383e-12	1.84320679555234e-12	-1.84320679555234e-12
17523.658597	61.860715	-76.041185	7.7401238553077e-12	1.75078679701773e-12	-1.75078679701773e-12
17648.532894	64.859118	-63.013582	8.27731000299919e-12	1.87229569461854e-12	-1.87229569461854e-12
17796.758282	41.999150	-83.366270	8.81361849706253e-12	1.93739394142592e-12	-1.93739394142592e-12
17904.794481	71.864911	-66.037049	8.09208111156247e-12	1.78531102353917e-12	-1.78531102353917e-12
18041.862879	57.654633	-65.203487	9.42775881774289e-12	2.08000136119251e-12	-2.08000136119251e-12
18169.679048	72.755063	-70.161537	8.0445515885974e-12	1.80572827067002e-12	-1.80572827067002e-12
18348.663330	158.202233	-106.229219	8.07731494703792e-12	1.48838487740956e-12	-1.48838487740956e-12
21897.905964	97.465267	-110.641513	6.22837695133161e-12	1.40320994089428e-12	-1.40320994089428e-12
22069.647362	106.250269	-74.276131	7.1948330705129e-12	1.61485756596681e-12	-1.61485756596681e-12
22278.155373	70.746619	-102.257741	7.42679396100089e-12	1.67954284192616e-12	-1.67954284192616e-12
22471.165743	95.872089	-122.263751	5.82778114396676e-12	1.32796644878241e-12	-1.32796644878241e-12
22649.741518	70.242054	-82.703686	8.19945552901107e-12	1.84730734109383e-12	-1.84730734109383e-12
22790.529391	74.877961	-70.545819	8.28909203899533e-12	1.88166688489869e-12	-1.88166688489869e-12
22935.061156	85.799196	-69.653804	7.39359481447228e-12	1.70425747563586e-12	-1.70425747563586e-12
23146.106309	87.875143	-125.245957	6.07699356145214e-12	1.35018143863198e-12	-1.35018143863198e-12
23318.290254	83.680778	-84.308802	7.83848346196119e-12	1.7593506532995e-12	-1.7593506532995e-12
23498.803894	83.693297	-96.832863	7.5384459220433e-12	1.6983542002425e-12	-1.6983542002425e-12
23654.787046	93.192485	-72.289855	8.10718544541974e-12	1.84740261372882e-12	-1.84740261372882e-12
23843.056529	108.014983	-95.076997	6.6037566277538e-12	1.49909275120841e-12	-1.49909275120841e-12
24101.538904	190.127319	-150.467392	6.10305496221528e-12	1.14148917043626e-12	-1.14148917043626e-12
27649.756465	59.454946	-80.954454	9.11236549549705e-12	2.04539923078307e-12	-2.04539923078307e-12
27783.908398	45.653933	-74.696987	1.05849112606895e-11	2.3759580181281e-12	-2.3759580181281e-12
27901.880159	58.062313	-72.317827	9.54667546429177e-12	2.15942122101267e-12	-2.15942122101267e-12
28024.731853	53.054179	-64.789381	1.04552231336166e-11	2.33788473637246e-12	-2.33788473637246e-12
28138.443273	62.200939	-60.657241	9.68263645367265e-12	2.17339261773114e-12	-2.17339261773114e-12
28254.528273	68.974058	-53.884062	9.29529982861345e-12	2.11895285694194e-12	-2.11895285694194e-12
28370.995948	60.320583	-47.493617	1.06463570314823e-11	2.39893807976116e-12	-2.39893807976116e-12
28480.949905	48.151627	-49.633373	1.16324757390789e-11	2.63122326762881e-12	-2.63122326762881e-12
28582.109539	59.820833	-53.008007	1.01053866454466e-11	2.26830383463359e-12	-2.26830383463359e-12
28689.932736	42.260676	-48.002364	1.25545710815058e-11	2.82888800044912e-12	-2.82888800044912e-12
28796.946574	63.114938	-64.753162	9.33210699815597e-12	2.04388182788337e-12	-2.04388182788337e-12
40888.543115	116.833096	-129.541284	5.86986696112076e-12	1.32840730029046e-12	-1.32840730029046e-12
41250.363273	218.862998	-244.987062	4.84509971838248e-12	8.00353743497017e-13	-8.00353743497017e-13
45263.740078	76.117733	-99.394075	5.8930718319897e-12	1.33269401174924e-12	-1.33269401174924e-12
45403.526667	56.682085	-63.668855	8.61551087632144e-12	1.94104300127734e-12	-1.94104300127734e-12
45560.352768	65.338443	-100.144017	5.86317664686865e-12	1.33098333283655e-12	-1.33098333283655e-12
45709.543052	79.123220	-83.851840	5.89386332469005e-12	1.30950911362191e-12	-1.30950911362191e-12
45877.180116	92.012396	-88.513844	6.77227773956899e-12	1.30694693895486e-12	-1.30694693895486e-12
51000.642000	89.282472	-78.707388	5.11458829091448e-12	1.15231539488766e-12	-1.15231539488766e-12
51209.500887	65.964625	-119.576415	3.46081721781272e-12	9.02593207272101e-13	-9.02593207272101e-13
51346.142078	102.327793	-70.676567	4.97455870522545e-12	1.11653293172477e-12	-1.11653293172477e-12
51593.307707	135.977504	-144.837836	4.73689760130685e-12	8.56990764242672e-13	-8.56990764242672e-13
56830.992218	105.255633	-87.807327	3.40937715655947e-12	8.97377668803386e-13	-8.97377668803386e-13
57028.270393	113.576939	-92.022541	4.09325818578542e-12	9.48580088221414e-13	-9.48580088221414e-13
57330.720709	217.307483	-188.873377	2.60315606501902e-12	5.39002327329339e-13	-5.39002327329339e-13
62642.020574	140.727398	-140.091502	2.26762030744715e-12	5.97033137991937e-13	-5.97033137991937e-13
62919.985106	110.986606	-137.237134	2.75193772926685e-12	6.96383623242572e-13	-6.96383623242572e-13
63196.821582	112.458090	-165.849870	3.67677816603293e-12	7.59912905736904e-13	-7.59912905736904e-13
68459.145727	45.222284	-125.274676	5.01139717184911e-12	1.30221625771154e-12	-1.30221625771154e-12
68669.917709	57.600963	-165.549697	3.87425320292149e-12	1.00674378238866e-12	-1.00674378238866e-12
68835.094584	173.240168	-107.575912	3.84158043192e-12	8.99702751824527e-13	-8.99702751824527e-13
74229.030180	166.138532	-147.275428	2.27637462770327e-12	5.95743842549751e-13	-5.95743842549751e-13
74523.088531	120.303901	-127.919819	2.84800989867492e-12	7.45389913788581e-13	-7.45389913788581e-13
74780.164837	108.940515	-136.772405	3.06740912565498e-12	7.71699311224557e-13	-7.71699311224557e-13
80032.452775	170.792176	-190.260672	1.78677975978027e-12	4.68829591283073e-13	-4.68829591283073e-13
80320.476133	110.934038	-117.231182	2.84092849429837e-12	7.38241333424172e-13	-7.38241333424172e-13
80536.083863	118.476748	-104.673692	2.89255687007682e-12	7.56513044884266e-13	-7.56513044884266e-13
80774.233482	113.502721	-119.672871	3.14724478903807e-12	7.74422271883099e-13	-7.74422271883099e-13
85824.413293	90.920078	-157.303681	3.18315541039499e-12	7.98780129598391e-13	-7.98780129598391e-13
86160.373417	186.217495	-245.040045	1.70637798508861e-12	4.47729341345474e-13	-4.47729341345474e-13
86524.719929	182.919183	-178.129017	2.18231093848104e-12	5.50698270072737e-13	-5.50698270072737e-13
91537.828341	127.147291	-116.062149	2.71638444706842e-12	7.24224296444257e-13	-7.24224296444257e-13
91773.020312	167.759680	-108.044680	2.44910085121432e-12	6.36830450727875e-13	-6.36830450727875e-13
92162.277869	164.628003	-221.497877	1.73148495056411e-12	4.53413891973017e-13	-4.53413891973017e-13
92494.226983	113.497709	-167.321111	2.52383699333571e-12	6.43661731678713e-13	-6.43661731678713e-13
92754.696345	194.015547	-146.971653	1.91918756859372e-12	5.13542104889856e-13	-5.13542104889856e-13
97432.551219	87.538173	-190.773487	2.50350984871292e-12	6.5688103383727e-13	-6.5688103383727e-13
97752.449278	136.214994	-232.359886	1.89789779887015e-12	4.95974430255064e-13	-4.95974430255064e-13
98084.274133	150.398998	-195.609862	2.0306883555159e-12	5.28531908356507e-13	-5.28531908356507e-13
98545.159817	283.738815	-310.486685	1.41836927042155e-12	3.38288743265817e-13	-3.38288743265817e-13
103168.971744	177.348828	-166.153072	2.10060833724337e-12	5.50056115279223e-13	-5.50056115279223e-13
103584.692421	160.290610	-238.371850	1.82152051273357e-12	4.75033341851004e-13	-4.75033341851004e-13
103896.449873	182.005379	-151.466841	2.19119208335456e-12	5.70301410063301e-13	-5.70301410063301e-13
104356.817803	230.621469	-278.362551	2.19135638092282e-12	4.64813451826476e-13	-4.64813451826476e-13
108965.034614	285.672258	-203.253702	1.59019844104179e-12	4.15532262730268e-13	-4.15532262730268e-13
109456.815288	207.597684	-206.108416	1.89615005600057e-12	4.94504087741786e-13	-4.94504087741786e-13
109940.664539	408.237273	-276.251567	2.14331367818479e-12	4.09034312912195e-13	-4.09034312912195e-13
114787.362554	279.650178	-199.246362	1.63011981789574e-12	4.26851994307783e-13	-4.26851994307783e-13
115252.438078	112.944494	-185.425346	2.64250369500823e-12	6.85023051053207e-13	-6.85023051053207e-13
115754.313835	413.401357	-388.931263	1.40569723056929e-12	3.05122557309231e-13	-3.05122557309231e-13
120660.838086	227.512406	-319.081474	1.28299097087434e-12	3.37318084882364e-13	-3.37318084882364e-13
121418.028763	510.848748	-529.678272	1.02153488906803e-12	2.16437394539062e-13	-2.16437394539062e-13
127072.548442	1215.749550	-910.783210	1.12766771601765e-12	1.85960635215993e-13	-1.85960635215993e-13
132524.138770	220.843902	-601.554818	9.25807033671394e-13	2.45069264806537e-13	-2.45069264806537e-13
133247.856715	379.695977	-502.874043	1.31632715199289e-12	2.80944582087053e-13	-2.80944582087053e-13
138016.663672	365.451740	-334.089068	1.04562496839726e-12	2.74485273558586e-13	-2.74485273558586e-13
138837.558743	549.979861	-455.443331	1.14749249667029e-12	2.39841727948208e-13	-2.39841727948208e-13
143907.364608	539.032784	-403.717136	8.11859640356001e-13	2.13132576979646e-13	-2.13132576979646e-13
144837.706315	370.913857	-391.308923	1.08403581128723e-12	2.79710431369167e-13	-2.79710431369167e-13
149692.629899	353.882992	-423.384488	1.11309829856291e-12	2.98450865949622e-13	-2.98450865949622e-13
152480.376700	3288.456652	-2433.863808	1.34868150972165e-12	2.33466335160716e-13	-2.33466335160716e-13
165758.178026	2070.256205	-4916.670095	8.78084567893511e-13	1.69493351753071e-13	-1.69493351753071e-13
173115.505747	533.470925	-692.598775	1.10216780982099e-12	2.30307473283308e-13	-2.30307473283308e-13
178971.135063	737.326129	-789.619571	6.75063126477771e-13	1.56303258113957e-13	-1.56303258113957e-13
184877.937493	770.997339	-933.966661	5.72523896445708e-13	1.3277985628292e-13	-1.3277985628292e-13
190689.771060	778.993772	-925.971988	8.37381606338332e-13	1.65831481135363e-13	-1.65831481135363e-13
196664.512958	4694.744913	-1137.377227	5.60893153118878e-13	1.50855244667011e-13	-1.50855244667011e-13
202462.500625	586.677447	-1103.242753	4.8348085970028e-13	1.30882985848501e-13	-1.30882985848501e-13
211444.386863	3124.251869	-4341.471671	5.59574567765403e-13	9.59611042253214e-14	-9.59611042253214e-14
219614.937865	773.214767	-931.756873	4.03831936558268e-13	1.07597986063493e-13	-1.07597986063493e-13
228481.858060	3487.369652	-4038.926728	3.42891102232711e-13	7.27692533807365e-14	-7.27692533807365e-14
238685.072856	3783.003276	-2662.154364	4.83381689174288e-13	1.20916105909653e-13	-1.20916105909653e-13
251569.718481	8898.846311	-3968.325249	3.53551436784644e-13	8.68025432858506e-14	-8.68025432858506e-14
272025.684833	6201.516918	-7088.559262	2.21908229969425e-13	5.79787421606044e-14	-5.79787421606044e-14
286589.629047	3158.200945	-4304.969515	2.74412983397128e-13	7.26488575869435e-14	-7.26488575869435e-14
308483.185028	10246.219584	-14493.573156	2.05875536537986e-13	4.0894081628162e-14	-4.0894081628162e-14
355068.868518	9860.698514	-14804.707167	1.66478618686098e-13	4.3607349869725e-14	-4.3607349869725e-14
377147.019036	10942.663715	-8114.530565	1.31465553017228e-13	3.59651494334435e-14	-3.59651494334435e-14
417709.138537	28220.078235	-25563.499185	8.08592413969917e-14	2.21695443688686e-14	-2.21695443688686e-14
464019.383760	10769.938612	-14030.729628	1.1027124960916e-13	2.90922460978156e-14	-2.90922460978156e-14
503919.530257	34528.327795	-25017.530925	7.12545145660746e-14	2.04642595439928e-14	-2.04642595439928e-14
590690.268880	58037.257232	-48155.941028	3.95818787577224e-14	1.10963762051382e-14	-1.10963762051382e-14
703976.630102	59050.852710	-51131.584450	4.55276345253889e-14	1.36582903576167e-14	-1.36582903576167e-14
912760.522275	197308.244357	-144349.944403	1.53430118703979e-14	5.41518066014042e-15	-5.41518066014042e-15
1231344.383963	111524.233829	-116343.254691	1.42089014234007e-14	5.34254693519868e-15	-5.34254693519868e-15
1520912.557290	140016.419582	-172898.031099	1.28813402877908e-14	4.94977427725296e-15	-4.94977427725296e-15
1795138.735179	137590.044773	-130769.004487	1.50489921341111e-14	5.51177078162917e-15	-5.51177078162917e-15
3765786.100834	82471082.973578	-1828602.891982	2.43722922095454e-15	2.14000614522837e-15	-2.14000614522837e-15
