READ TERR 1 2
NO	NO	NO	NO	NO	NO
!Time	Poserr	Negerr	Flux	PosErr	NegErr
!XRT wt mode data
86.827593	0.732753	-0.751036	6.24416526123101e-08	6.44323231509837e-09	-6.44323231509837e-09
88.407367	0.759490	-0.847021	5.67071872291588e-08	5.97622817717826e-09	-5.97622817717826e-09
89.886345	0.826578	-0.719488	5.9857148273389e-08	6.20249844847448e-09	-6.20249844847448e-09
91.566349	0.900779	-0.853426	5.29071233605416e-08	5.72105215255217e-09	-5.72105215255217e-09
93.185027	0.612893	-0.717899	4.7068512583904e-08	6.11419807378957e-09	-6.11419807378957e-09
94.447050	0.706569	-0.649130	4.94207663766904e-08	6.04801557733149e-09	-6.04801557733149e-09
95.835048	0.681357	-0.681428	4.48236095184574e-08	5.71254508755411e-09	-5.71254508755411e-09
97.263941	0.706009	-0.747536	4.35417568761376e-08	5.47980372621376e-09	-5.47980372621376e-09
98.761002	0.626900	-0.791052	4.57852583843729e-08	5.76215213654857e-09	-5.76215213654857e-09
100.090376	0.898746	-0.702474	6.05582600819913e-08	6.30159630203203e-09	-6.30159630203203e-09
101.701909	0.756771	-0.712786	4.46596742739768e-08	5.62049549515687e-09	-5.62049549515687e-09
103.191017	0.692734	-0.732338	4.55420563336096e-08	5.80410758310493e-09	-5.80410758310493e-09
104.593379	0.662050	-0.709627	4.64152182296794e-08	6.02933516326509e-09	-6.02933516326509e-09
106.100863	0.780683	-0.845434	3.81951638646846e-08	5.02578149324102e-09	-5.02578149324102e-09
107.848295	0.879982	-0.966748	3.34039578372283e-08	4.31154196919982e-09	-4.31154196919982e-09
109.524784	0.955942	-0.796507	3.4328063069659e-08	4.51694213191243e-09	-4.51694213191243e-09
111.407085	0.758458	-0.926358	3.65285668370491e-08	4.71484399428455e-09	-4.71484399428455e-09
113.229609	1.031745	-1.064066	2.98119557862498e-08	3.79938481856614e-09	-3.79938481856614e-09
115.289181	0.982581	-1.027828	3.14238582149421e-08	3.9547456619577e-09	-3.9547456619577e-09
117.379738	1.178202	-1.107976	2.7059219464646e-08	3.4926089216605e-09	-3.4926089216605e-09
119.724587	0.993210	-1.166647	2.86421912613887e-08	3.76878589186665e-09	-3.76878589186665e-09
121.693302	1.066900	-0.975505	3.12203373328845e-08	4.02969598137895e-09	-4.02969598137895e-09
123.842832	1.006073	-1.082630	2.96104253074539e-08	3.84639314251605e-09	-3.84639314251605e-09
125.663609	1.245511	-0.814705	2.93196792116237e-08	3.80862525980023e-09	-3.80862525980023e-09
128.099743	1.148929	-1.190623	2.6111292627122e-08	3.30684137882925e-09	-3.30684137882925e-09
130.512909	1.103778	-1.264237	2.50330766100374e-08	3.31529071353366e-09	-3.31529071353366e-09
133.119667	1.651404	-1.502980	1.85324426326365e-08	2.51952922998819e-09	-2.51952922998819e-09
136.144618	1.190184	-1.373547	2.48487158989951e-08	3.08849035683717e-09	-3.08849035683717e-09
138.721488	1.258845	-1.386686	2.37683414052369e-08	3.02915640054693e-09	-3.02915640054693e-09
141.006399	1.690651	-1.026066	2.31646451261677e-08	3.0090865642887e-09	-3.0090865642887e-09
144.406014	1.561063	-1.708964	1.98442551294779e-08	2.56135334970458e-09	-2.56135334970458e-09
147.563171	1.604547	-1.596094	2.0012789590569e-08	2.55053005948008e-09	-2.55053005948008e-09
150.467800	1.267207	-1.300082	2.40817467299174e-08	3.08859279028118e-09	-3.08859279028118e-09
153.471151	1.553453	-1.736144	1.8814765975094e-08	2.38277927018456e-09	-2.38277927018456e-09
156.984967	1.686836	-1.960363	1.65978047172949e-08	2.15605424077107e-09	-2.15605424077107e-09
160.459786	2.051352	-1.787983	1.52013690037876e-08	2.05307436431663e-09	-2.05307436431663e-09
164.188457	1.752844	-1.677320	1.74880922713104e-08	2.27170255545437e-09	-2.27170255545437e-09
167.849379	2.361822	-1.908078	1.40436296705482e-08	1.81265044858839e-09	-1.81265044858839e-09
172.651592	2.165743	-2.440391	1.31280936878951e-08	1.70533886735064e-09	-1.70533886735064e-09
176.973464	2.099521	-2.156129	1.47827669494405e-08	1.86043622956862e-09	-1.86043622956862e-09
181.356909	2.871985	-2.283924	1.20547444872264e-08	1.54607545100474e-09	-1.54607545100474e-09
187.241084	2.440812	-3.012191	1.11030954553755e-08	1.4704540523715e-09	-1.4704540523715e-09
192.396955	2.570708	-2.715058	1.16772699611246e-08	1.49766259794518e-09	-1.49766259794518e-09
197.867677	3.590242	-2.900014	9.4466609520324e-09	1.20392973099147e-09	-1.20392973099147e-09
204.734271	3.123131	-3.276352	9.62079837471948e-09	1.24974135568652e-09	-1.24974135568652e-09
211.168147	3.515750	-3.310746	9.62149358341989e-09	1.23400002917704e-09	-1.23400002917704e-09
217.090672	2.852316	-2.406775	1.26997519713278e-08	1.61851996159034e-09	-1.61851996159034e-09
223.418707	3.569598	-3.475719	8.98071885730208e-09	1.15916643868103e-09	-1.15916643868103e-09
231.944873	3.835848	-4.956569	6.81057422684799e-09	8.96146367382319e-10	-8.96146367382319e-10
239.783847	3.912177	-4.003126	7.82076935126496e-09	1.01591764115129e-09	-1.01591764115129e-09
248.049230	4.062055	-4.353205	7.48375721054066e-09	9.5982565985844e-10	-9.5982565985844e-10
256.333661	3.589743	-4.222375	7.82107390898615e-09	1.01595719582025e-09	-1.01595719582025e-09
263.370610	3.203151	-3.447207	9.27129821730649e-09	1.17415530695747e-09	-1.17415530695747e-09
270.534628	5.183817	-3.960868	6.67132658940872e-09	8.50227246154652e-10	-8.50227246154652e-10
279.884057	4.625027	-4.165611	6.75956230211376e-09	8.95212153691749e-10	-8.95212153691749e-10
289.731460	4.374189	-5.222376	6.69805617815004e-09	8.32513135140353e-10	-8.32513135140353e-10
298.976209	5.275778	-4.870559	6.34876925616902e-09	7.99003339942814e-10	-7.99003339942814e-10
308.674510	4.467745	-4.422524	5.35231472273084e-09	7.82796286083681e-10	-7.82796286083681e-10
317.827658	4.080328	-4.685402	5.09540323358663e-09	7.80239234197807e-10	-7.80239234197807e-10
326.757640	5.588460	-4.849655	5.92012760444617e-09	7.497492591623e-10	-7.497492591623e-10
336.846928	3.949996	-4.500828	4.64282796598531e-09	7.46577552440742e-10	-7.46577552440742e-10
346.070302	4.022527	-5.273378	4.22405645101213e-09	6.59906556702427e-10	-6.59906556702427e-10
350.367918	0.351153	-0.275089	4.00653654029887e-09	5.97259208311537e-10	-5.97259208311537e-10
351.077895	0.379516	-0.358824	3.44091603473938e-09	5.12941466239666e-10	-5.12941466239666e-10
351.847125	0.330835	-0.389715	3.57374143092918e-09	5.32741929896816e-10	-5.32741929896816e-10
352.513950	0.373885	-0.335990	3.56503856671249e-09	5.31444598008701e-10	-5.31444598008701e-10
353.298527	0.357893	-0.410692	3.22065313270408e-09	4.8010659629384e-10	-4.8010659629384e-10
354.066117	0.358881	-0.409697	3.21382659353227e-09	4.79089001399003e-10	-4.79089001399003e-10
354.867783	0.402291	-0.442786	2.92774882252154e-09	4.43310902209873e-10	-4.43310902209873e-10
355.710844	0.356282	-0.440770	3.15577829414806e-09	4.70435639902038e-10	-4.70435639902038e-10
356.450417	0.365723	-0.383291	3.31955990344795e-09	4.94850794980262e-10	-4.94850794980262e-10
357.189815	0.373555	-0.373675	3.28955153868506e-09	4.90377402187915e-10	-4.90377402187915e-10
358.014658	0.383112	-0.451288	2.88682489074319e-09	4.4405064153517e-10	-4.4405064153517e-10
358.729676	0.349502	-0.331906	3.50948658224414e-09	5.48468338328295e-10	-5.48468338328295e-10
359.460033	0.300553	-0.380855	3.63892700929175e-09	5.42459217059151e-10	-5.42459217059151e-10
360.167848	0.436047	-0.407262	2.85240918907224e-09	4.38756796730162e-10	-4.38756796730162e-10
360.951195	0.337667	-0.347299	3.57723673302837e-09	5.33262979312997e-10	-5.33262979312997e-10
361.711573	0.374329	-0.422712	3.07021310070306e-09	4.57680367280147e-10	-4.57680367280147e-10
362.392835	0.344222	-0.306933	3.75433612534226e-09	5.59663373170394e-10	-5.59663373170394e-10
363.138893	0.341821	-0.401837	3.28473502153887e-09	4.89659374535857e-10	-4.89659374535857e-10
363.948156	0.366971	-0.467442	2.93184360344842e-09	4.37053458358248e-10	-4.37053458358248e-10
364.555751	0.399859	-0.240624	3.77674645874975e-09	5.71863551327871e-10	-5.71863551327871e-10
365.288577	0.421372	-0.332966	3.25686374678419e-09	4.8550458666929e-10	-4.8550458666929e-10
366.125864	0.333099	-0.415916	3.29598259996006e-09	4.91336064395027e-10	-4.91336064395027e-10
366.779416	0.320036	-0.320453	3.90013814480387e-09	5.81398288350571e-10	-5.81398288350571e-10
367.456103	0.328317	-0.356652	3.69869976341983e-09	5.60045926383823e-10	-5.60045926383823e-10
368.256528	0.417441	-0.472108	2.97259960937983e-09	4.43128981777249e-10	-4.43128981777249e-10
369.077161	0.320911	-0.403191	3.65888388080777e-09	5.45434203413983e-10	-5.45434203413983e-10
369.888614	0.461294	-0.490542	2.70533846381851e-09	4.16134422391536e-10	-4.16134422391536e-10
370.762066	0.406242	-0.412159	3.06931423888967e-09	4.6474629829074e-10	-4.6474629829074e-10
371.451176	0.295339	-0.282868	4.27086456698298e-09	6.36662908272702e-10	-6.36662908272702e-10
372.118427	0.336175	-0.371912	3.37334160289727e-09	5.18886496618623e-10	-5.18886496618623e-10
372.871565	0.396101	-0.416963	2.97234079115736e-09	4.50062844453537e-10	-4.50062844453537e-10
373.609248	0.396759	-0.341581	3.31132544438963e-09	4.93623259085771e-10	-4.93623259085771e-10
374.399827	0.328508	-0.393821	3.45766748567948e-09	5.15438658748526e-10	-5.15438658748526e-10
375.170024	0.392721	-0.441690	3.0799230898818e-09	4.59127822743011e-10	-4.59127822743011e-10
375.957983	0.325295	-0.395238	3.49469451187815e-09	5.29156102346226e-10	-5.29156102346226e-10
376.565585	0.338610	-0.282307	4.02172112699868e-09	5.9952277816594e-10	-5.9952277816594e-10
377.306950	0.316015	-0.402755	3.43313573715726e-09	5.11781656290486e-10	-5.11781656290486e-10
378.002610	0.424524	-0.379645	3.05174682313244e-09	4.62086289800137e-10	-4.62086289800137e-10
378.748614	0.351031	-0.321481	3.67597629001299e-09	5.56605245586374e-10	-5.56605245586374e-10
379.398679	0.321883	-0.299033	4.04202781443141e-09	6.02549936865234e-10	-6.02549936865234e-10
380.069870	0.294726	-0.349308	3.90852083814241e-09	5.82647901004339e-10	-5.82647901004339e-10
380.873048	0.429134	-0.508452	2.67264938543592e-09	4.04684501407858e-10	-4.04684501407858e-10
381.681645	0.259233	-0.379464	4.0077249449875e-09	5.97436358778404e-10	-5.97436358778404e-10
382.357932	0.324829	-0.417053	3.47113264405166e-09	5.25588399944759e-10	-5.25588399944759e-10
383.070871	0.373358	-0.388110	3.44128482869155e-09	5.29337503068951e-10	-5.29337503068951e-10
383.851236	0.434523	-0.407007	3.1690059504805e-09	4.72407533119353e-10	-4.72407533119353e-10
384.865293	0.425676	-0.579534	2.48974706795527e-09	3.76989958388938e-10	-3.76989958388938e-10
385.554940	0.276885	-0.263971	4.61842088705235e-09	6.88473535497306e-10	-6.88473535497306e-10
386.197811	0.370566	-0.365986	3.36452587342913e-09	5.09446335171374e-10	-5.09446335171374e-10
387.008201	0.570714	-0.439824	2.46598973413597e-09	3.73392713495077e-10	-3.73392713495077e-10
388.016724	0.380592	-0.437809	3.30204556237838e-09	4.99985770453152e-10	-4.99985770453152e-10
388.736885	0.320489	-0.339568	4.50321361032525e-09	6.63962599114863e-10	-6.63962599114863e-10
389.421749	0.304571	-0.364375	4.14173613268959e-09	6.17413550592809e-10	-6.17413550592809e-10
390.151942	0.412339	-0.425622	3.08832820037627e-09	4.60380784864573e-10	-4.60380784864573e-10
390.976073	0.363910	-0.411792	3.16084402128399e-09	4.71190800132825e-10	-4.71190800132825e-10
391.714016	0.460380	-0.374033	2.92175576625821e-09	4.42403409635419e-10	-4.42403409635419e-10
392.626107	0.505463	-0.451711	2.50507401584806e-09	3.91497070009805e-10	-3.91497070009805e-10
393.497198	0.402950	-0.365628	3.3835029058986e-09	5.04382836318885e-10	-5.04382836318885e-10
394.219595	0.500722	-0.319446	3.20755253870846e-09	4.93384887881896e-10	-4.93384887881896e-10
395.085922	0.344268	-0.365606	3.78742157972988e-09	5.6459548870828e-10	-5.6459548870828e-10
395.853231	0.356210	-0.423041	3.40126642304647e-09	5.07030854499629e-10	-5.07030854499629e-10
396.624071	0.385970	-0.414631	3.23713121862344e-09	4.82563051490085e-10	-4.82563051490085e-10
397.375801	0.376139	-0.365760	3.35619200016081e-09	5.08184478928947e-10	-5.08184478928947e-10
398.160715	0.377601	-0.408775	3.15840499179392e-09	4.70827226505418e-10	-4.70827226505418e-10
398.967295	0.453451	-0.428979	2.82679581839956e-09	4.21393860222248e-10	-4.21393860222248e-10
399.920264	0.418507	-0.499518	2.73012449383771e-09	4.06982928248785e-10	-4.06982928248785e-10
400.824826	0.549389	-0.486055	2.39572092073965e-09	3.62752799397293e-10	-3.62752799397293e-10
401.691869	0.315718	-0.317654	3.92366371989195e-09	5.94109314567981e-10	-5.94109314567981e-10
402.458845	0.365363	-0.451259	3.02469403317762e-09	4.57990024409611e-10	-4.57990024409611e-10
403.224137	0.409568	-0.399929	3.07054772002284e-09	4.57730228873489e-10	-4.57730228873489e-10
404.082103	0.400238	-0.448398	2.93597915683183e-09	4.37669934491206e-10	-4.37669934491206e-10
405.059096	0.449805	-0.576755	2.38705416736031e-09	3.67176018669879e-10	-3.67176018669879e-10
406.036342	0.461757	-0.527441	2.51075752477939e-09	3.80171329074232e-10	-3.80171329074232e-10
406.993056	0.496018	-0.494957	2.50642357529608e-09	3.73635570903965e-10	-3.73635570903965e-10
407.926605	0.432448	-0.437530	2.75409718800019e-09	4.23634474375279e-10	-4.23634474375279e-10
408.779285	0.408843	-0.420233	2.91943011033041e-09	4.42051258476407e-10	-4.42051258476407e-10
409.591632	0.541216	-0.403504	2.55629086279203e-09	3.87065827434681e-10	-3.87065827434681e-10
410.532601	0.333245	-0.399753	3.2944532295342e-09	4.98836145657123e-10	-4.98836145657123e-10
411.273818	0.344587	-0.407971	3.25621675464268e-09	4.85408118672844e-10	-4.85408118672844e-10
412.044119	0.408699	-0.425714	2.93698462736347e-09	4.46521704747322e-10	-4.46521704747322e-10
412.886367	0.368840	-0.433549	3.02784328301004e-09	4.58466889002539e-10	-4.58466889002539e-10
413.708567	0.370374	-0.453360	2.91709715179486e-09	4.48707121084547e-10	-4.48707121084547e-10
414.428490	0.315832	-0.349549	3.72932692220453e-09	5.64683431854096e-10	-5.64683431854096e-10
415.288109	0.406270	-0.543787	2.69384637766485e-09	4.07894081019832e-10	-4.07894081019832e-10
416.190274	0.388322	-0.495895	2.99405123983276e-09	4.46326815793189e-10	-4.46326815793189e-10
416.959168	0.363092	-0.380572	3.57073788792052e-09	5.32294179734006e-10	-5.32294179734006e-10
417.732849	0.509209	-0.410589	2.83282153336532e-09	4.28937254084764e-10	-4.28937254084764e-10
418.694301	0.389288	-0.452243	2.9808024638286e-09	4.51344094331089e-10	-4.51344094331089e-10
419.491713	0.431626	-0.408124	2.96183800031949e-09	4.4152476329671e-10	-4.4152476329671e-10
420.333790	0.422183	-0.410452	3.0616908539561e-09	4.56409909755069e-10	-4.56409909755069e-10
421.246704	0.453981	-0.490731	2.7710446655788e-09	4.13082970471414e-10	-4.13082970471414e-10
422.126818	0.513238	-0.426133	2.71926014169235e-09	4.05363396477223e-10	-4.05363396477223e-10
423.124254	0.455184	-0.484198	2.58026221157686e-09	3.96895249553987e-10	-3.96895249553987e-10
424.003527	0.412105	-0.424089	2.95838659163425e-09	4.41010214955881e-10	-4.41010214955881e-10
424.782777	0.504613	-0.367145	2.81078660832411e-09	4.25600821398876e-10	-4.25600821398876e-10
425.714113	0.439711	-0.426723	2.83414164147222e-09	4.29137163736468e-10	-4.29137163736468e-10
426.669506	0.455725	-0.515682	2.56207760081046e-09	3.81931999035845e-10	-3.81931999035845e-10
427.478014	0.403345	-0.352783	3.29467536445323e-09	4.91141205929745e-10	-4.91141205929745e-10
428.432112	0.548735	-0.550754	2.16458397966837e-09	3.38284741860931e-10	-3.38284741860931e-10
429.526708	0.486036	-0.545861	2.37103023576686e-09	3.53452295739183e-10	-3.53452295739183e-10
430.429337	0.403589	-0.416593	2.96767928825637e-09	4.49357041467523e-10	-4.49357041467523e-10
431.423758	0.666995	-0.590832	1.95692513569994e-09	2.96311673599437e-10	-2.96311673599437e-10
432.402031	0.478656	-0.311279	3.13751518174617e-09	4.75073078108952e-10	-4.75073078108952e-10
433.276583	0.500787	-0.395896	2.7614604689193e-09	4.11654196326589e-10	-4.11654196326589e-10
434.155682	0.429394	-0.378312	2.98862843524726e-09	4.52529086805209e-10	-4.52529086805209e-10
434.964232	0.346728	-0.379156	3.37385561462512e-09	5.02944709838779e-10	-5.02944709838779e-10
435.901683	0.487415	-0.590723	2.28452629142661e-09	3.4055708380505e-10	-3.4055708380505e-10
436.882110	0.385881	-0.493011	2.87865942135331e-09	4.24435163087563e-10	-4.24435163087563e-10
437.647836	0.299783	-0.379846	3.62695543157611e-09	5.40674569888594e-10	-5.40674569888594e-10
438.360554	0.441040	-0.412936	2.87525480645533e-09	4.28617703692076e-10	-4.28617703692076e-10
439.265297	0.488122	-0.463703	2.57708137071859e-09	3.84168630608097e-10	-3.84168630608097e-10
440.241106	0.501511	-0.487687	2.4936224163986e-09	3.71727303831532e-10	-3.71727303831532e-10
441.172543	0.397372	-0.429926	2.96062267018789e-09	4.48288514282578e-10	-4.48288514282578e-10
442.063505	0.518737	-0.493590	2.42969835334347e-09	3.67897589018441e-10	-3.67897589018441e-10
443.105553	0.570836	-0.523310	2.25728930490025e-09	3.41791929620123e-10	-3.41791929620123e-10
444.174396	0.508983	-0.498008	2.49338634880417e-09	3.71692106908879e-10	-3.71692106908879e-10
445.515729	0.738603	-0.832350	1.54260140913678e-09	2.37282531939042e-10	-2.37282531939042e-10
446.797773	0.515144	-0.543440	2.31552458964191e-09	3.45178006525841e-10	-3.45178006525841e-10
447.728818	0.464769	-0.415902	2.78601543418431e-09	4.35403069814867e-10	-4.35403069814867e-10
448.822342	0.515223	-0.628754	2.4120642659039e-09	3.5956932858696e-10	-3.5956932858696e-10
449.911032	0.490440	-0.573468	2.63204837283623e-09	3.98536786974652e-10	-3.98536786974652e-10
450.956271	0.537569	-0.554799	2.38568754109828e-09	3.61233613585908e-10	-3.61233613585908e-10
451.889966	0.537916	-0.396126	2.58447956853658e-09	3.97543978709017e-10	-3.97543978709017e-10
452.970201	0.560727	-0.542319	2.25403911921267e-09	3.36012289704307e-10	-3.36012289704307e-10
453.973246	0.465040	-0.442318	2.73372919937284e-09	4.13933032436574e-10	-4.13933032436574e-10
455.005614	0.462790	-0.567328	2.34584216490193e-09	3.6661207887198e-10	-3.6661207887198e-10
456.034902	0.500981	-0.566498	2.30264579388191e-09	3.48659650238395e-10	-3.48659650238395e-10
457.122940	0.492858	-0.587057	2.29951474673783e-09	3.42791413835436e-10	-3.42791413835436e-10
458.105092	0.571070	-0.489294	2.32849923766367e-09	3.52574342175978e-10	-3.52574342175978e-10
459.257679	0.596265	-0.581518	2.14096689738686e-09	3.19156487761041e-10	-3.19156487761041e-10
460.500575	0.572058	-0.646631	2.1109297172026e-09	3.14678820990733e-10	-3.14678820990733e-10
461.649522	0.394515	-0.576888	2.6916307397547e-09	4.01244639520999e-10	-4.01244639520999e-10
462.676735	0.580655	-0.632698	2.09760720047408e-09	3.12692825773845e-10	-3.12692825773845e-10
463.828407	0.423519	-0.571017	2.5083275612623e-09	3.75524401258831e-10	-3.75524401258831e-10
464.767438	0.537734	-0.515513	2.31892081448065e-09	3.51123966344298e-10	-3.51123966344298e-10
465.972249	0.558737	-0.667077	1.99801381993554e-09	3.07333979304566e-10	-3.07333979304566e-10
467.012756	0.381099	-0.481769	2.92313995907191e-09	4.35755974898826e-10	-4.35755974898826e-10
468.088642	0.515003	-0.694788	2.07162120743527e-09	3.08819048714018e-10	-3.08819048714018e-10
469.142445	0.592721	-0.538800	2.20381880197798e-09	3.28525902747783e-10	-3.28525902747783e-10
470.326912	0.450814	-0.591746	2.33874525146988e-09	3.59745176066438e-10	-3.59745176066438e-10
471.417199	0.417332	-0.639473	2.36976871663436e-09	3.53264238625253e-10	-3.53264238625253e-10
472.320332	0.457140	-0.485801	2.67295560157483e-09	3.98460703663628e-10	-3.98460703663628e-10
473.199004	0.419997	-0.421532	3.01437306630047e-09	4.49356210471278e-10	-4.49356210471278e-10
474.133516	0.496014	-0.514515	2.51470536681827e-09	3.74870128236618e-10	-3.74870128236618e-10
475.228857	0.528643	-0.599327	2.25289493023923e-09	3.35841731756288e-10	-3.35841731756288e-10
476.433127	0.680053	-0.675628	1.86988401674028e-09	2.78745846100414e-10	-2.78745846100414e-10
477.740073	0.540219	-0.626893	2.13508188570706e-09	3.23287634189154e-10	-3.23287634189154e-10
478.735865	0.629698	-0.455573	2.2639914783264e-09	3.48246544852975e-10	-3.48246544852975e-10
480.072751	0.532856	-0.707188	1.99129094288582e-09	3.06299860593361e-10	-3.06299860593361e-10
481.284739	0.673002	-0.679132	1.85929101846267e-09	2.8152822525249e-10	-2.8152822525249e-10
482.572003	0.561745	-0.614263	2.17024278827572e-09	3.28611581062929e-10	-3.28611581062929e-10
483.788073	0.626631	-0.654324	2.08549957124303e-09	3.0749012692853e-10	-3.0749012692853e-10
485.042708	0.443031	-0.628004	2.37635877262009e-09	3.54246638615113e-10	-3.54246638615113e-10
486.187771	0.603834	-0.702033	1.90273434072409e-09	2.83642875158798e-10	-2.83642875158798e-10
487.450248	0.720172	-0.658643	1.79611212347556e-09	2.67748565210092e-10	-2.67748565210092e-10
488.634553	0.464568	-0.464133	2.6690262016438e-09	3.97874915128493e-10	-3.97874915128493e-10
489.638711	0.542123	-0.539590	2.29918766713559e-09	3.42742668250748e-10	-3.42742668250748e-10
490.718655	0.453147	-0.537821	2.52923705210877e-09	3.77036376109944e-10	-3.77036376109944e-10
491.900263	0.550725	-0.728461	1.96685069520594e-09	2.93200769480931e-10	-2.93200769480931e-10
493.072349	0.650701	-0.621360	1.95411459334186e-09	2.91302210230031e-10	-2.91302210230031e-10
494.440935	0.847751	-0.717886	1.56558880305663e-09	2.33384204612316e-10	-2.33384204612316e-10
495.955675	0.578404	-0.666989	1.97724862451845e-09	2.94750797205597e-10	-2.94750797205597e-10
497.390127	0.718466	-0.856047	1.58369272176571e-09	2.36082959900585e-10	-2.36082959900585e-10
498.810305	0.637975	-0.701712	1.89031925931161e-09	2.81792153154023e-10	-2.81792153154023e-10
499.990786	0.530306	-0.542507	2.37386966688937e-09	3.59444193533174e-10	-3.59444193533174e-10
501.141703	0.555381	-0.620611	2.21387202269934e-09	3.30024580513233e-10	-3.30024580513233e-10
502.349904	0.651274	-0.652819	1.97447337921174e-09	2.94337115111598e-10	-2.94337115111598e-10
503.671708	0.772340	-0.670531	1.76431032429858e-09	2.63007846195584e-10	-2.63007846195584e-10
505.087864	0.654930	-0.643815	1.93151422253722e-09	2.97105020685938e-10	-2.97105020685938e-10
506.360424	0.565488	-0.617630	2.13949985732899e-09	3.29097298453516e-10	-3.29097298453516e-10
507.516641	0.521215	-0.590728	2.23985064034698e-09	3.4453323488497e-10	-3.4453323488497e-10
508.778096	0.681287	-0.740241	1.73938824224663e-09	2.63372905699177e-10	-2.63372905699177e-10
510.106176	0.851237	-0.646793	1.69522810295517e-09	2.56686309075895e-10	-2.56686309075895e-10
511.466262	0.451864	-0.508849	2.72999128232219e-09	4.13367019294564e-10	-4.13367019294564e-10
512.585791	0.586623	-0.667666	2.04845819347038e-09	3.1509331008534e-10	-3.1509331008534e-10
513.919438	0.774125	-0.747023	1.64182436347658e-09	2.52544968169747e-10	-2.52544968169747e-10
515.348656	0.551150	-0.655093	2.02697873526285e-09	3.11789322385459e-10	-3.11789322385459e-10
516.572773	0.698746	-0.672967	1.80700887224533e-09	2.69372977989018e-10	-2.69372977989018e-10
517.961889	0.514082	-0.690370	2.0105696237347e-09	3.04434379251407e-10	-3.04434379251407e-10
519.057480	0.523331	-0.581509	2.21552448842991e-09	3.30270900986372e-10	-3.30270900986372e-10
520.471701	0.653379	-0.890890	1.54320629781056e-09	2.37375580594581e-10	-2.37375580594581e-10
521.866925	0.793528	-0.741844	1.5893610620446e-09	2.36927975103769e-10	-2.36927975103769e-10
523.152407	0.518595	-0.491954	2.38521790877651e-09	3.61162493168061e-10	-3.61162493168061e-10
524.513529	0.696401	-0.842527	1.56617787071147e-09	2.37145941771228e-10	-2.37145941771228e-10
525.737731	0.714035	-0.527800	1.99543513816703e-09	2.97461913783921e-10	-2.97461913783921e-10
527.121206	0.620431	-0.669441	1.96518475845217e-09	2.92952463499353e-10	-2.92952463499353e-10
528.512833	0.705465	-0.771196	1.70933344303779e-09	2.58822120889872e-10	-2.58822120889872e-10
529.792299	0.616240	-0.574000	2.08953292639393e-09	3.1639075146961e-10	-3.1639075146961e-10
531.078104	0.744834	-0.669565	1.73680419282652e-09	2.62981655414153e-10	-2.62981655414153e-10
532.499075	0.761394	-0.676138	1.7022470103742e-09	2.57749090612276e-10	-2.57749090612276e-10
533.955542	0.518295	-0.695073	2.03357709662357e-09	3.03147783715434e-10	-3.03147783715434e-10
535.314382	0.794459	-0.840545	1.56799321675087e-09	2.33742653960093e-10	-2.33742653960093e-10
536.758162	0.638755	-0.649321	2.09953375888872e-09	3.12980013399282e-10	-3.12980013399282e-10
538.108770	0.704332	-0.711852	1.8767223691702e-09	2.84167612623297e-10	-2.84167612623297e-10
539.568672	0.758454	-0.755570	1.69729053102281e-09	2.56998593686282e-10	-2.56998593686282e-10
541.048439	0.732220	-0.721313	1.66628238878667e-09	2.6461399567759e-10	-2.6461399567759e-10
542.533277	0.715167	-0.752618	1.71132686064503e-09	2.55109530457831e-10	-2.55109530457831e-10
543.993149	0.776439	-0.744706	1.66820755602244e-09	2.4868168293496e-10	-2.4868168293496e-10
545.489447	0.785283	-0.719859	1.72723369071141e-09	2.65682648936752e-10	-2.65682648936752e-10
547.036904	0.741193	-0.762175	1.82033637852655e-09	2.75629835091834e-10	-2.75629835091834e-10
548.607503	0.882100	-0.829407	1.51439484655975e-09	2.29305107050936e-10	-2.29305107050936e-10
550.249458	0.677685	-0.759855	1.72493048139974e-09	2.57137442967758e-10	-2.57137442967758e-10
551.732732	0.772483	-0.805589	1.54415186075728e-09	2.37521020975001e-10	-2.37521020975001e-10
553.438011	0.873010	-0.932797	1.4130360301615e-09	2.10642970142053e-10	-2.10642970142053e-10
555.102344	0.671098	-0.791323	1.74405712495273e-09	2.59988663520456e-10	-2.59988663520456e-10
556.534421	0.614292	-0.760978	1.79940756876391e-09	2.72460837590222e-10	-2.72460837590222e-10
557.877808	0.637266	-0.729096	1.78614010297878e-09	2.70451932168929e-10	-2.70451932168929e-10
559.372892	0.818118	-0.857817	1.4481560060797e-09	2.19275390206605e-10	-2.19275390206605e-10
561.039542	0.774024	-0.848532	1.50472664509837e-09	2.24311411324528e-10	-2.24311411324528e-10
562.697995	0.887582	-0.884429	1.37707082680572e-09	2.05281580943741e-10	-2.05281580943741e-10
564.284101	0.676745	-0.698524	1.77509954651589e-09	2.64616227020108e-10	-2.64616227020108e-10
565.590469	0.613976	-0.629622	1.96366996138317e-09	2.92726631779329e-10	-2.92726631779329e-10
567.362974	0.994218	-1.158529	1.12064494626655e-09	1.69684679679941e-10	-1.69684679679941e-10
569.091760	0.767001	-0.734568	1.6262232456789e-09	2.42423050992683e-10	-2.42423050992683e-10
570.726166	0.715989	-0.867405	1.54216489762399e-09	2.29892356498288e-10	-2.29892356498288e-10
572.413361	0.783014	-0.971206	1.39194029270346e-09	2.07498213250325e-10	-2.07498213250325e-10
574.104144	0.841120	-0.907769	1.42703256988815e-09	2.10404483716732e-10	-2.10404483716732e-10
575.722835	0.871664	-0.777571	1.47270140305398e-09	2.22991989106519e-10	-2.22991989106519e-10
577.300698	0.589010	-0.706199	1.87057112455757e-09	2.87730759562196e-10	-2.87730759562196e-10
578.562186	0.837987	-0.672478	1.65703526284751e-09	2.47016217724912e-10	-2.47016217724912e-10
580.147571	0.828914	-0.747398	1.60292815639633e-09	2.38950438731835e-10	-2.38950438731835e-10
581.553573	0.673626	-0.577089	2.0101897769107e-09	3.0437687893881e-10	-3.0437687893881e-10
583.019531	0.826676	-0.792331	1.55414523337675e-09	2.31678292841611e-10	-2.31678292841611e-10
584.940954	0.865855	-1.094747	1.26427526245857e-09	1.8846704900469e-10	-1.8846704900469e-10
586.470854	0.572436	-0.664045	1.99933480980629e-09	2.98043249301572e-10	-2.98043249301572e-10
587.870283	1.014370	-0.826993	1.34129283585838e-09	1.99948109850983e-10	-1.99948109850983e-10
589.353358	0.673499	-0.468705	2.10896659811545e-09	3.24400655047489e-10	-3.24400655047489e-10
590.951470	0.767329	-0.924613	1.44256109033909e-09	2.18428257109722e-10	-2.18428257109722e-10
592.632640	0.781666	-0.913842	1.45747049751722e-09	2.17266852447223e-10	-2.17266852447223e-10
594.172703	0.728959	-0.758396	1.65285265025483e-09	2.46392732204589e-10	-2.46392732204589e-10
595.590413	0.697174	-0.688752	1.76520256994422e-09	2.63140869425793e-10	-2.63140869425793e-10
597.160021	0.910257	-0.872434	1.37858580378288e-09	2.05507455731581e-10	-2.05507455731581e-10
598.815048	0.883117	-0.744771	1.50689478074661e-09	2.28169475496174e-10	-2.28169475496174e-10
600.688764	0.726264	-0.990599	1.45843004369618e-09	2.17409891034286e-10	-2.17409891034286e-10
601.976180	0.730479	-0.561152	1.89904470228928e-09	2.87547631850886e-10	-2.87547631850886e-10
603.524300	0.771116	-0.817640	1.53079943113386e-09	2.31789017102525e-10	-2.31789017102525e-10
605.172005	0.785091	-0.876589	1.45691141681278e-09	2.20601151164689e-10	-2.20601151164689e-10
606.679354	0.701049	-0.722257	1.71569371977265e-09	2.55760515604845e-10	-2.55760515604845e-10
608.261895	0.849585	-0.881493	1.37768342775392e-09	2.11914870250869e-10	-2.11914870250869e-10
609.861318	0.643223	-0.749838	1.73543091938849e-09	2.62773691683496e-10	-2.62773691683496e-10
611.229622	0.861890	-0.725081	1.54945744433884e-09	2.30979502016155e-10	-2.30979502016155e-10
613.498386	0.977160	-1.406874	1.0421692135636e-09	1.55357411490451e-10	-1.55357411490451e-10
615.435327	1.178718	-0.959781	1.15331353777032e-09	1.74631253408129e-10	-1.74631253408129e-10
617.394801	0.669231	-0.780756	1.70481449623787e-09	2.54138731413265e-10	-2.54138731413265e-10
618.851512	0.872438	-0.787481	1.47818116053089e-09	2.20354251953849e-10	-2.20354251953849e-10
620.520445	0.813592	-0.796495	1.52147536546919e-09	2.26808138874843e-10	-2.26808138874843e-10
622.438267	0.875934	-1.104230	1.23566310479599e-09	1.84201807954166e-10	-1.84201807954166e-10
624.186527	0.805396	-0.872326	1.4571888333529e-09	2.1722489226486e-10	-2.1722489226486e-10
626.092977	1.055237	-1.101054	1.11935896444418e-09	1.69489929421415e-10	-1.69489929421415e-10
628.333163	0.836130	-1.184949	1.17858719847017e-09	1.81289989361291e-10	-1.81289989361291e-10
630.066655	0.833730	-0.897362	1.42115670806146e-09	2.11853548693748e-10	-2.11853548693748e-10
631.650429	0.559386	-0.750044	1.9017396349718e-09	2.83494587341994e-10	-2.83494587341994e-10
633.182122	0.990061	-0.972307	1.28397605967484e-09	1.91403842172311e-10	-1.91403842172311e-10
635.323055	0.998309	-1.150873	1.15856515097002e-09	1.72708699655336e-10	-1.72708699655336e-10
637.418491	0.785172	-1.097127	1.30466931378486e-09	1.94488619853517e-10	-1.94488619853517e-10
638.992801	0.787158	-0.789138	1.55901548873666e-09	2.3240429195368e-10	-2.3240429195368e-10
640.470192	0.622770	-0.690233	1.85679499565277e-09	2.81150266333201e-10	-2.81150266333201e-10
641.961307	1.001502	-0.868345	1.2962840404899e-09	1.9939403957812e-10	-1.9939403957812e-10
643.626801	0.803792	-0.663992	1.69208283537158e-09	2.56210081011834e-10	-2.56210081011834e-10
645.646867	1.425720	-1.216273	9.53830192401632e-10	1.44426093389804e-10	-1.44426093389804e-10
647.970925	0.829198	-0.898338	1.4291268350127e-09	2.16394057645189e-10	-2.16394057645189e-10
649.746973	1.241463	-0.946850	1.11071573729957e-09	1.68181199503776e-10	-1.68181199503776e-10
651.979823	0.640062	-0.991387	1.5135020160124e-09	2.25619577150071e-10	-2.25619577150071e-10
653.802362	1.020054	-1.182477	1.11574698980808e-09	1.68943057266579e-10	-1.68943057266579e-10
655.624453	0.991325	-0.802037	1.39164894815241e-09	2.07454749936957e-10	-2.07454749936957e-10
657.461731	0.938498	-0.845953	1.34928440037027e-09	2.07546594561043e-10	-2.07546594561043e-10
659.149751	0.908630	-0.749521	1.47306776615238e-09	2.1959196335442e-10	-2.1959196335442e-10
661.248265	1.203032	-1.189883	1.03528930455315e-09	1.54331819394617e-10	-1.54331819394617e-10
663.591434	1.007277	-1.140138	1.17467941384121e-09	1.75110849725541e-10	-1.75110849725541e-10
665.808034	1.121318	-1.209323	1.07084958686482e-09	1.6214479072635e-10	-1.6214479072635e-10
668.270996	0.948078	-1.341644	1.08555936462492e-09	1.61825630751094e-10	-1.61825630751094e-10
670.437344	0.875736	-1.218270	1.16256269796162e-09	1.76031707322033e-10	-1.76031707322033e-10
672.371312	0.977096	-1.058233	1.20914321897666e-09	1.83084826132367e-10	-1.83084826132367e-10
674.445994	1.115636	-1.097586	1.13888259370542e-09	1.69774571080453e-10	-1.69774571080453e-10
676.447107	0.920345	-0.885478	1.38958098509557e-09	2.07146528641692e-10	-2.07146528641692e-10
678.207593	0.917620	-0.840141	1.40016641849327e-09	2.12008961584318e-10	-2.12008961584318e-10
680.209896	1.032475	-1.084682	1.14699808985577e-09	1.76430922759885e-10	-1.76430922759885e-10
682.458314	0.995498	-1.215943	1.11388486732341e-09	1.68661087198609e-10	-1.68661087198609e-10
684.472319	0.975885	-1.018507	1.2385372431677e-09	1.87535543287537e-10	-1.87535543287537e-10
686.656908	1.032981	-1.208705	1.10735015831267e-09	1.67671591070459e-10	-1.67671591070459e-10
688.790702	1.231623	-1.100813	1.0846599232358e-09	1.6423591425185e-10	-1.6423591425185e-10
690.888929	0.969442	-0.866604	1.47292884994444e-09	2.23026457463953e-10	-2.23026457463953e-10
692.933937	1.258643	-1.075567	1.25142546733993e-09	1.86551517272772e-10	-1.86551517272772e-10
695.511297	1.141819	-1.318717	1.06576634150181e-09	1.63935917253197e-10	-1.63935917253197e-10
697.329880	0.705601	-0.676764	1.82198626372487e-09	2.71605657684507e-10	-2.71605657684507e-10
698.847119	0.882101	-0.811637	1.48873727066566e-09	2.21927824580523e-10	-2.21927824580523e-10
700.916317	1.011869	-1.187097	1.16541708236314e-09	1.76463926922125e-10	-1.76463926922125e-10
703.046315	1.240981	-1.118130	1.11117760045746e-09	1.65644564358257e-10	-1.65644564358257e-10
705.390569	0.992544	-1.103273	1.22212771084777e-09	1.82184056474095e-10	-1.82184056474095e-10
707.218913	0.767181	-0.835799	1.57945809859024e-09	2.35451732325151e-10	-2.35451732325151e-10
708.998158	1.188711	-1.012063	1.15045919072242e-09	1.71500308403066e-10	-1.71500308403066e-10
711.173719	1.103625	-0.986850	1.21028227768632e-09	1.80418236541679e-10	-1.80418236541679e-10
713.443143	1.163066	-1.165799	1.07600125880061e-09	1.6040078578532e-10	-1.6040078578532e-10
715.847299	1.290578	-1.241089	9.79726877422212e-10	1.4604903622808e-10	-1.4604903622808e-10
718.268598	0.997119	-1.130721	1.19326952362418e-09	1.77882087908542e-10	-1.77882087908542e-10
720.816911	1.256261	-1.551194	8.9330758810824e-10	1.39607589849738e-10	-1.39607589849738e-10
722.977304	0.862528	-0.904132	1.44438096834589e-09	2.18703815868486e-10	-2.18703815868486e-10
725.182904	1.234872	-1.343073	9.59851691972714e-10	1.47644122133502e-10	-1.47644122133502e-10
727.834214	1.161521	-1.416438	9.55753782948297e-10	1.44717350965477e-10	-1.44717350965477e-10
730.007536	1.190751	-1.011802	1.14484064684754e-09	1.68797552693431e-10	-1.68797552693431e-10
732.414673	1.156937	-1.216386	1.03402901780034e-09	1.54143960436849e-10	-1.54143960436849e-10
734.400604	0.973264	-0.828993	1.39373061112126e-09	2.07765090401059e-10	-2.07765090401059e-10
736.255741	0.986203	-0.881873	1.3740867135885e-09	2.04836775488167e-10	-2.04836775488167e-10
738.511813	1.347215	-1.269869	9.5163083610561e-10	1.44093085883527e-10	-1.44093085883527e-10
740.863790	1.149759	-1.004762	1.1331356946269e-09	1.71575981898098e-10	-1.71575981898098e-10
743.043723	1.012260	-1.030174	1.19885522663492e-09	1.81527010403249e-10	-1.81527010403249e-10
745.173546	1.424799	-1.117562	9.88875893315487e-10	1.4741289969058e-10	-1.4741289969058e-10
747.684006	1.157786	-1.085661	1.10894463358314e-09	1.6791304871965e-10	-1.6791304871965e-10
750.191828	0.827626	-1.350035	1.12446977305528e-09	1.70263801637151e-10	-1.70263801637151e-10
752.093986	1.277460	-1.074532	1.0286656619509e-09	1.55757431207631e-10	-1.55757431207631e-10
754.433445	0.944843	-1.061999	1.21329791107527e-09	1.83713881617505e-10	-1.83713881617505e-10
756.717120	1.285381	-1.338832	9.51004701289198e-10	1.41767405819769e-10	-1.41767405819769e-10
759.332662	0.854603	-1.330161	1.14955482135341e-09	1.71365535487526e-10	-1.71365535487526e-10
761.284845	1.028465	-1.097579	1.18199894300502e-09	1.76201997080605e-10	-1.76201997080605e-10
763.479119	1.097216	-1.165810	1.07861155515876e-09	1.65911734020646e-10	-1.65911734020646e-10
766.277521	1.216578	-1.701186	8.45842918528624e-10	1.26090799475678e-10	-1.26090799475678e-10
768.426983	0.913844	-0.932884	1.34292867906607e-09	2.00192012131606e-10	-2.00192012131606e-10
771.174477	1.327850	-1.833650	7.9932762899997e-10	1.21031800655404e-10	-1.21031800655404e-10
774.112342	1.375350	-1.610015	8.70154083441573e-10	1.33846895363456e-10	-1.33846895363456e-10
776.680447	1.137890	-1.192755	1.15399031758782e-09	1.8034751704026e-10	-1.8034751704026e-10
779.654373	1.241825	-1.836036	9.10569026234376e-10	1.35739599879747e-10	-1.35739599879747e-10
781.864083	1.035419	-0.967885	1.30424693024964e-09	1.94425633807241e-10	-1.94425633807241e-10
783.595696	0.714638	-0.696195	1.75328135471159e-09	2.6136373867494e-10	-2.6136373867494e-10
785.584869	1.123730	-1.274535	1.03055552195288e-09	1.53626141359413e-10	-1.53626141359413e-10
788.045533	1.385130	-1.336934	9.27194915343403e-10	1.3821805103212e-10	-1.3821805103212e-10
790.546222	0.782753	-1.115560	1.34092452701061e-09	2.03038728735922e-10	-2.03038728735922e-10
792.647491	1.298550	-1.318516	9.89255165389964e-10	1.49790028824185e-10	-1.49790028824185e-10
795.569649	1.400898	-1.623608	8.80766295919907e-10	1.31296866946361e-10	-1.31296866946361e-10
798.172840	1.501995	-1.202292	9.65743672022024e-10	1.46229983382941e-10	-1.46229983382941e-10
801.131268	0.984528	-1.456433	1.05895627413323e-09	1.60343965437519e-10	-1.60343965437519e-10
803.109660	1.263822	-0.993864	1.1308021243726e-09	1.71222667212019e-10	-1.71222667212019e-10
805.862295	1.610416	-1.488814	8.2036160251474e-10	1.22292280862008e-10	-1.22292280862008e-10
808.623008	1.169654	-1.150297	1.08651718949927e-09	1.61968423606986e-10	-1.61968423606986e-10
811.123379	1.295263	-1.330718	9.52234789194185e-10	1.41950758385075e-10	-1.41950758385075e-10
813.820129	1.183574	-1.401487	9.57741308939989e-10	1.42771655900423e-10	-1.42771655900423e-10
816.497385	1.416968	-1.493682	8.41930759628739e-10	1.25507609352358e-10	-1.25507609352358e-10
819.191331	1.199570	-1.276978	9.9172052013491e-10	1.47836959795806e-10	-1.47836959795806e-10
821.433145	1.251036	-1.042244	1.08277320893383e-09	1.61410325575912e-10	-1.61410325575912e-10
824.331694	1.254213	-1.647513	8.68147389057639e-10	1.3145225135618e-10	-1.3145225135618e-10
826.914567	1.263518	-1.328660	1.03234055208381e-09	1.56313866878517e-10	-1.56313866878517e-10
829.743132	1.617803	-1.565047	8.79499946542469e-10	1.31108138242189e-10	-1.31108138242189e-10
832.449492	1.450255	-1.088557	1.04653982434035e-09	1.56008941771028e-10	-1.56008941771028e-10
835.489899	1.694107	-1.590152	7.67634403640056e-10	1.14432188700159e-10	-1.14432188700159e-10
838.321965	1.199777	-1.137960	1.07227045672275e-09	1.59844641995035e-10	-1.59844641995035e-10
841.306701	1.840892	-1.784958	6.87260173746079e-10	1.02450715361365e-10	-1.02450715361365e-10
844.746245	1.491683	-1.598652	8.11458859871365e-10	1.24818386705136e-10	-1.24818386705136e-10
847.593811	1.490714	-1.355883	9.32686178711915e-10	1.39036643087818e-10	-1.39036643087818e-10
850.307779	1.036242	-1.223254	1.14477382942496e-09	1.73338189162135e-10	-1.73338189162135e-10
852.978692	1.589080	-1.634671	7.87396807541375e-10	1.17378162265495e-10	-1.17378162265495e-10
855.869458	1.212207	-1.301686	9.80279223675764e-10	1.48430893592281e-10	-1.48430893592281e-10
858.362689	1.631398	-1.281023	8.35775243268992e-10	1.28558741839636e-10	-1.28558741839636e-10
861.715111	1.358635	-1.721025	7.89297713120726e-10	1.21409544410414e-10	-1.21409544410414e-10
864.551924	1.494734	-1.478178	8.34437589651847e-10	1.24390620624807e-10	-1.24390620624807e-10
867.457748	1.118798	-1.411091	9.63778675670193e-10	1.45932444398362e-10	-1.45932444398362e-10
870.223413	1.158812	-1.646867	8.64001387900906e-10	1.30824460325498e-10	-1.30824460325498e-10
872.955947	1.201700	-1.573722	8.7177731666924e-10	1.3200189651515e-10	-1.3200189651515e-10
875.855764	1.717799	-1.698117	7.1300570003039e-10	1.11429714484525e-10	-1.11429714484525e-10
879.005310	1.365031	-1.431747	9.23997838460319e-10	1.39908979651086e-10	-1.39908979651086e-10
882.150693	1.534133	-1.780352	7.63713762954502e-10	1.15639226534352e-10	-1.15639226534352e-10
885.364015	1.446746	-1.679189	7.97689436536985e-10	1.18912524966709e-10	-1.18912524966709e-10
888.885859	2.185889	-2.075098	5.75093187956537e-10	8.70788504694884e-11	-8.70788504694884e-11
893.248842	1.242379	-2.177095	7.2987253183724e-10	1.08802997053184e-10	-1.08802997053184e-10
896.239019	1.395891	-1.747798	7.85784530478867e-10	1.18981128226754e-10	-1.18981128226754e-10
899.460399	1.661593	-1.825489	7.15925471595979e-10	1.06723874254106e-10	-1.06723874254106e-10
902.456665	1.273517	-1.334673	9.45008783562792e-10	1.43090370301447e-10	-1.43090370301447e-10
905.466127	1.220953	-1.735945	8.52909575970009e-10	1.2714423480029e-10	-1.2714423480029e-10
908.675804	1.729637	-1.988723	6.60887232384503e-10	1.03284569855632e-10	-1.03284569855632e-10
911.847900	1.638966	-1.442460	8.15267125277191e-10	1.2540416056893e-10	-1.2540416056893e-10
914.944843	1.566534	-1.457976	8.59071274075111e-10	1.28062772069322e-10	-1.28062772069322e-10
917.895518	1.425077	-1.384141	9.12898445584418e-10	1.38228337759374e-10	-1.38228337759374e-10
920.827058	1.382836	-1.506463	8.87131934365072e-10	1.34326834458329e-10	-1.34326834458329e-10
924.062021	1.334261	-1.852127	8.22785990149358e-10	1.22653680903346e-10	-1.22653680903346e-10
926.922755	1.926799	-1.526474	7.62166635475901e-10	1.13617087554518e-10	-1.13617087554518e-10
930.528305	2.000467	-1.678751	7.04643957924316e-10	1.06695067139539e-10	-1.06695067139539e-10
934.189467	1.575529	-1.660695	5.45578065269161e-10	9.96084813318793e-11	-9.96084813318793e-11
937.611775	1.524638	-1.846779	7.64144897643812e-10	1.19421814826764e-10	-1.19421814826764e-10
940.863610	1.718965	-1.727196	7.44621550898966e-10	1.12748371222389e-10	-1.12748371222389e-10
944.733133	1.566031	-2.150558	6.79343905205971e-10	1.01270608851692e-10	-1.01270608851692e-10
948.129417	1.820504	-1.830253	6.8302564883292e-10	1.01819448191672e-10	-1.01819448191672e-10
951.140969	1.406443	-1.191048	9.31921600601712e-10	1.43347946679062e-10	-1.43347946679062e-10
954.326546	1.957015	-1.779133	7.16727587710386e-10	1.06843460948988e-10	-1.06843460948988e-10
957.597590	1.393797	-1.314029	1.0462460262525e-09	1.55965117736603e-10	-1.55965117736603e-10
960.981579	1.954121	-1.990193	6.4694270321069e-10	9.7958113764647e-11	-9.7958113764647e-11
964.647560	2.008270	-1.711860	5.06525910305275e-10	8.73566945614304e-11	-8.73566945614304e-11
968.444481	1.858544	-1.788651	6.74655243442044e-10	1.00571690800341e-10	-1.00571690800341e-10
972.037817	2.271783	-1.734792	5.94670561799844e-10	9.2936065814504e-11	-9.2936065814504e-11
976.014225	1.906995	-1.704625	6.86532648710445e-10	1.03952693755063e-10	-1.03952693755063e-10
980.098634	2.037304	-2.177414	5.99029547607374e-10	8.9298046363746e-11	-8.9298046363746e-11
983.906652	2.210955	-1.770714	6.27025287011144e-10	9.34714142177655e-11	-9.34714142177655e-11
987.888182	1.371355	-1.770575	5.04659729225767e-10	9.65944731668784e-11	-9.65944731668784e-11
991.041493	1.747825	-1.781955	7.08452053726043e-10	1.05609811080643e-10	-1.05609811080643e-10
994.521160	1.500803	-1.731842	7.74857058390974e-10	1.17326527029877e-10	-1.17326527029877e-10
997.482644	1.923210	-1.460682	7.50734661678178e-10	1.13673955065282e-10	-1.13673955065282e-10
1001.525538	1.984748	-2.119683	6.4063116180025e-10	9.54996833079466e-11	-9.54996833079466e-11
1005.164720	2.170652	-1.654434	6.8032672970643e-10	1.01417128691285e-10	-1.01417128691285e-10
1008.964018	1.607577	-1.628646	7.77429125209239e-10	1.15892274496092e-10	-1.15892274496092e-10
1012.397452	1.431716	-1.825857	7.53983567418638e-10	1.12397237262546e-10	-1.12397237262546e-10
1015.861249	2.191576	-2.032081	5.80394339238761e-10	8.65200894944498e-11	-8.65200894944498e-11
1019.749142	1.835216	-1.696317	6.92617404272511e-10	1.03249287396577e-10	-1.03249287396577e-10
1024.098122	1.877089	-2.513764	5.62953493170038e-10	8.52407269368865e-11	-8.52407269368865e-11
1027.720846	2.324997	-1.745634	6.15003955660638e-10	9.31220474534249e-11	-9.31220474534249e-11
1031.683216	1.703808	-1.637373	7.39466781572486e-10	1.10233215701652e-10	-1.10233215701652e-10
1035.153059	1.786855	-1.766036	6.79938608441738e-10	1.02954268355686e-10	-1.02954268355686e-10
1038.533659	1.868425	-1.593744	7.01304906728939e-10	1.0618949123957e-10	-1.0618949123957e-10
1042.181061	1.918042	-1.778977	6.38664295847526e-10	1.01423100476772e-10	-1.01423100476772e-10
1045.677722	1.702063	-1.578619	5.05649083021811e-10	9.4510711810435e-11	-9.4510711810435e-11
1048.969575	1.929315	-1.589790	5.30470456293087e-10	9.23430297782383e-11	-9.23430297782383e-11
1052.957964	1.687755	-2.059074	4.45338940132615e-10	8.13073704815685e-11	-8.13073704815685e-11
1056.677112	1.315123	-2.031393	4.93424264723618e-10	9.00865307244634e-11	-9.00865307244634e-11
1059.896163	1.921168	-1.903928	4.35330232020657e-10	7.94800752648623e-11	-7.94800752648623e-11
1064.078980	1.803632	-2.261649	6.21140322920202e-10	9.2594127694687e-11	-9.2594127694687e-11
1067.396530	1.921568	-1.513918	4.81104292159172e-10	8.9923043309725e-11	-8.9923043309725e-11
1070.797054	1.769702	-1.478955	7.67706420401458e-10	1.16243762840805e-10	-1.16243762840805e-10
1074.309223	2.182281	-1.742467	4.97000849199974e-10	8.82659192408939e-11	-8.82659192408939e-11
1078.168887	1.574855	-1.677384	5.06916614209076e-10	9.47475989416361e-11	-9.47475989416361e-11
1081.131071	2.017908	-1.387329	7.29699951775643e-10	1.10488935122095e-10	-1.10488935122095e-10
1085.010915	2.274491	-1.861935	5.00617360520059e-10	8.27275303637397e-11	-8.27275303637397e-11
1089.003986	1.939298	-1.718580	4.85111593454606e-10	8.62671148623023e-11	-8.62671148623023e-11
1092.784229	1.557168	-1.840946	7.40830094544406e-10	1.1043643743792e-10	-1.1043643743792e-10
1096.574030	1.446566	-2.232633	7.07943139804821e-10	1.05533955641076e-10	-1.05533955641076e-10
1099.904248	1.585638	-1.883652	4.97927574440196e-10	9.09087178831294e-11	-9.09087178831294e-11
1103.126696	1.836038	-1.636810	7.17454617884297e-10	1.08634808100071e-10	-1.08634808100071e-10
1106.658472	1.616988	-1.695738	5.00814571502534e-10	9.14358236642813e-11	-9.14358236642813e-11
1109.908992	1.570648	-1.633531	5.12236290727548e-10	9.35211225521262e-11	-9.35211225521262e-11
1113.164052	1.478866	-1.684413	5.11592822022638e-10	9.5621625068212e-11	-9.5621625068212e-11
1116.593004	2.124103	-1.950085	5.41731090722636e-10	8.67464211550859e-11	-8.67464211550859e-11
1121.082990	1.783003	-2.365883	6.37939927233278e-10	9.50984687364851e-11	-9.50984687364851e-11
1124.717963	2.341407	-1.851970	6.07357517796772e-10	9.34235741207859e-11	-9.34235741207859e-11
1128.878427	1.808575	-1.819057	4.70021795338062e-10	8.58138547334331e-11	-8.58138547334331e-11
1132.641929	1.658474	-1.954926	4.63624079861487e-10	8.6655820320597e-11	-8.6655820320597e-11
1135.926480	1.617243	-1.626077	5.1809353640557e-10	9.68366572567035e-11	-9.68366572567035e-11
1139.315338	1.807974	-1.771615	4.63605706892479e-10	8.87365215977513e-11	-8.87365215977513e-11
1143.214436	1.949255	-2.091124	6.36491090403764e-10	9.63755783433464e-11	-9.63755783433464e-11
1147.144970	2.254810	-1.981279	4.00499552092789e-10	7.31208821660767e-11	-7.31208821660767e-11
1151.286106	1.936985	-1.886325	4.33243425813175e-10	7.90990746998556e-11	-7.90990746998556e-11
1155.038947	1.669440	-1.815856	4.71759385949749e-10	8.61310581014334e-11	-8.61310581014334e-11
1158.342350	1.701873	-1.633962	5.14014352523949e-10	9.2886364074223e-11	-9.2886364074223e-11
1162.030744	1.552147	-1.986521	4.59936544453511e-10	8.39725630737568e-11	-8.39725630737568e-11
1165.189027	1.617633	-1.606136	4.96102220879693e-10	9.27262876284012e-11	-9.27262876284012e-11
1168.269402	1.830412	-1.462742	4.95110716495952e-10	9.03944477110241e-11	-9.03944477110241e-11
1171.786421	1.702592	-1.686607	5.05048858287528e-10	9.12662199919839e-11	-9.12662199919839e-11
1175.366461	1.714602	-1.877448	4.5553311322002e-10	8.31685849162478e-11	-8.31685849162478e-11
1179.874877	1.728703	-2.793814	3.63452555180615e-10	6.6357060063876e-11	-6.6357060063876e-11
1183.262603	1.522027	-1.659023	5.21745567717185e-10	9.52572623602077e-11	-9.52572623602077e-11
1186.870928	1.610721	-2.086297	4.45239692737208e-10	8.32196064014799e-11	-8.32196064014799e-11
1190.736603	1.353107	-2.254954	4.52733712774667e-10	8.46203208932766e-11	-8.46203208932766e-11
1193.594029	1.879564	-1.504319	4.87017270176556e-10	8.89167956642359e-11	-8.89167956642359e-11
1197.233077	2.490817	-1.759484	5.8576528784414e-10	8.73207158515887e-11	-8.73207158515887e-11
1201.465515	2.140407	-1.741622	4.45299574180345e-10	8.13002002292552e-11	-8.13002002292552e-11
1205.260097	1.606957	-1.654174	5.07584565883203e-10	9.95221030864567e-11	-9.95221030864567e-11
1208.849291	1.682737	-1.982238	4.61697570173184e-10	8.62957183040151e-11	-8.62957183040151e-11
1213.083287	2.544139	-2.551259	3.32107011904155e-10	6.06341662858838e-11	-6.06341662858838e-11
1217.615427	2.408192	-1.988001	5.36638480186585e-10	8.2805135263295e-11	-8.2805135263295e-11
1221.639082	2.081546	-1.615463	4.474717248059e-10	8.36367891724313e-11	-8.36367891724313e-11
1225.881294	2.086100	-2.160666	4.09118921815074e-10	7.46945458075022e-11	-7.46945458075022e-11
1229.978865	2.491456	-2.011471	5.30822643162108e-10	8.49996380170458e-11	-8.49996380170458e-11
1234.393024	1.902414	-1.922702	4.68884688074012e-10	8.97469697652667e-11	-8.97469697652667e-11
1238.358130	2.152045	-2.062693	6.38966683123665e-10	9.67503898443212e-11	-9.67503898443212e-11
1242.510006	1.652679	-1.999831	4.71410085549904e-10	8.81110960384655e-11	-8.81110960384655e-11
1246.659227	2.246601	-2.496541	3.49680726598136e-10	6.53587096508378e-11	-6.53587096508378e-11
1250.796782	2.236602	-1.890954	4.04757154772308e-10	7.38982168711385e-11	-7.38982168711385e-11
1255.163821	2.808376	-2.130437	5.09668740994709e-10	7.63030431365549e-11	-7.63030431365549e-11
1259.771781	2.642893	-1.799584	5.65779338714732e-10	8.43413942836412e-11	-8.43413942836412e-11
1264.386926	1.650029	-1.972251	4.55992049039376e-10	8.72792347072512e-11	-8.72792347072512e-11
1268.183215	2.563045	-2.146260	5.39401094745086e-10	8.29705208595438e-11	-8.29705208595438e-11
1272.843402	2.117600	-2.097143	4.12103181058235e-10	7.52394016347098e-11	-7.52394016347098e-11
1277.250552	2.485600	-2.289550	3.57247170879098e-10	6.67729653809907e-11	-6.67729653809907e-11
1281.279053	1.787601	-1.542900	5.09774242417989e-10	9.3071610208564e-11	-9.3071610208564e-11
1285.218220	1.659320	-2.151566	4.35495235169963e-10	7.95101804605678e-11	-7.95101804605678e-11
1289.061589	2.123171	-2.184049	5.6635201404474e-10	8.57553281379164e-11	-8.57553281379164e-11
1292.974493	1.555018	-1.789733	4.95581152663983e-10	9.04803182315296e-11	-9.04803182315296e-11
1296.435625	2.853027	-1.906114	3.50017235616961e-10	6.39041346384517e-11	-6.39041346384517e-11
1301.891405	2.480171	-2.602753	3.22616532697335e-10	6.03001633303938e-11	-6.03001633303938e-11
1306.396182	1.912596	-2.024607	4.17317464306973e-10	7.80006671521063e-11	-7.80006671521063e-11
1311.458844	2.350952	-3.150066	3.09244000289792e-10	5.6459943423923e-11	-5.6459943423923e-11
1315.537284	2.389389	-1.727488	4.19007485147491e-10	7.64999333865754e-11	-7.64999333865754e-11
1319.372185	2.368929	-1.445512	5.18346609371507e-10	8.93953408281002e-11	-8.93953408281002e-11
1322.998402	2.023394	-1.257288	5.31962016286619e-10	9.55432257925185e-11	-9.55432257925185e-11
1327.401041	2.150389	-2.379245	3.64790004692327e-10	6.81827648082639e-11	-6.81827648082639e-11
1331.615921	1.945642	-2.064491	4.36054179710903e-10	7.96122306903701e-11	-7.96122306903701e-11
1335.310178	1.967948	-1.748614	4.71391449962906e-10	8.8107604377992e-11	-8.8107604377992e-11
1338.988505	1.883450	-1.710379	4.79743504871194e-10	8.75888014878815e-11	-8.75888014878815e-11
1342.825979	2.086357	-1.954024	3.96647152592246e-10	7.59203200596749e-11	-7.59203200596749e-11
1347.181398	1.826454	-2.269062	3.92776946982247e-10	7.5179541627383e-11	-7.5179541627383e-11
1351.445963	2.920599	-2.438111	3.18415867270171e-10	5.81345177401363e-11	-5.81345177401363e-11
1356.260837	1.768920	-1.894275	4.64454569109147e-10	8.47973891824679e-11	-8.47973891824679e-11
1360.004913	1.924665	-1.975156	4.18976838371253e-10	7.831083717726e-11	-7.831083717726e-11
1363.838029	1.665807	-1.908452	4.49661602591963e-10	8.4046115694088e-11	-8.4046115694088e-11
1368.193936	2.227365	-2.690100	3.40478171041258e-10	6.36386418459216e-11	-6.36386418459216e-11
1372.456893	2.321481	-2.035592	4.07380863049079e-10	7.43772037829082e-11	-7.43772037829082e-11
1376.933940	1.726448	-2.155566	4.44391071945178e-10	8.3060966830781e-11	-8.3060966830781e-11
1380.539844	1.765961	-1.879457	4.73632154013658e-10	8.64729764536656e-11	-8.64729764536656e-11
1384.637562	2.736961	-2.331756	3.22984624867295e-10	6.18209051457705e-11	-6.18209051457705e-11
1390.499106	1.511777	-3.124584	3.59338851787906e-10	6.56060076380558e-11	-6.56060076380558e-11
1394.073151	2.006587	-2.062267	3.89751100880181e-10	7.46003408795394e-11	-7.46003408795394e-11
1398.879987	2.015808	-2.800249	3.35947038752323e-10	6.27917409248939e-11	-6.27917409248939e-11
1403.026042	2.168105	-2.130247	3.84852652352538e-10	7.02641664764354e-11	-7.02641664764354e-11
1407.760151	1.493942	-2.566004	4.177098010934e-10	7.62630275036027e-11	-7.62630275036027e-11
1411.578866	2.302707	-2.324773	3.86441174622421e-10	7.05541666287862e-11	-7.05541666287862e-11
1415.962102	2.130640	-2.080529	4.33966662082684e-10	8.11125502482915e-11	-8.11125502482915e-11
1420.065434	2.366573	-1.972693	4.14414009754193e-10	7.5661303492134e-11	-7.5661303492134e-11
1424.227927	1.454515	-1.795920	5.24394895370158e-10	9.80144935489902e-11	-9.80144935489902e-11
1427.984230	2.226082	-2.301789	3.64616167860457e-10	6.97894208443903e-11	-6.97894208443903e-11
1432.385991	1.985657	-2.175679	3.98248227891587e-10	7.44364383543933e-11	-7.44364383543933e-11
1436.697053	1.666950	-2.325404	4.18915801189619e-10	7.82994238150752e-11	-7.82994238150752e-11
1441.578893	2.988876	-3.214890	2.72789131020864e-10	5.09869255096662e-11	-5.09869255096662e-11
1446.874836	2.263501	-2.307067	3.65947583060083e-10	6.83991412135646e-11	-6.83991412135646e-11
1451.615095	2.239662	-2.476758	3.38542633623588e-10	6.47987730682097e-11	-6.47987730682097e-11
1455.623840	1.742895	-1.769082	4.66919078213732e-10	8.52473915861133e-11	-8.52473915861133e-11
1459.273325	2.009254	-1.906591	4.34080170472322e-10	7.92518383470066e-11	-7.92518383470066e-11
1464.098802	2.291609	-2.816223	3.48928912675624e-10	6.3705404610725e-11	-6.3705404610725e-11
1468.894708	2.898891	-2.504297	3.21645716565789e-10	5.87242217526893e-11	-5.87242217526893e-11
1474.606430	3.264628	-2.812831	2.69951922620737e-10	5.04566456730533e-11	-5.04566456730533e-11
1480.863517	2.976465	-2.992459	2.73914391760412e-10	5.24286215633582e-11	-5.24286215633582e-11
1486.795644	2.301626	-2.955661	3.32785697433856e-10	6.07580918088934e-11	-6.07580918088934e-11
1491.526190	2.570404	-2.428921	3.40546350641844e-10	6.36514169606184e-11	-6.36514169606184e-11
1497.523769	2.605813	-3.427175	2.66751248193989e-10	5.105756677285e-11	-5.105756677285e-11
1502.480573	1.717841	-2.350991	4.07362713941611e-10	7.43739347421088e-11	-7.43739347421088e-11
1506.017833	2.478926	-1.819420	3.89987753832622e-10	7.28924798373794e-11	-7.28924798373794e-11
1510.078416	2.163400	-1.581656	4.62872208009307e-10	8.65152934272393e-11	-8.65152934272393e-11
1515.442274	2.476689	-3.200459	2.92541750747697e-10	5.59939677518914e-11	-5.59939677518914e-11
1520.060854	2.035476	-2.141891	4.04340357542568e-10	7.38221142348534e-11	-7.38221142348534e-11
1524.185577	2.212642	-2.089247	3.80052520935766e-10	7.10354858920975e-11	-7.10354858920975e-11
1529.791152	2.577799	-3.392932	2.73862272443247e-10	5.00001959989073e-11	-5.00001959989073e-11
1534.687232	2.492435	-2.318281	3.08174932282346e-10	6.508217273826e-11	-6.508217273826e-11
1539.215022	2.951516	-2.035355	3.43826258309339e-10	6.27737983640589e-11	-6.27737983640589e-11
1544.127059	2.604688	-1.960521	3.74348057402874e-10	6.99692645449775e-11	-6.99692645449775e-11
1548.717843	2.404763	-1.986096	3.78782360087692e-10	7.25009130898149e-11	-7.25009130898149e-11
1553.443607	1.941751	-2.321001	3.64831263432022e-10	7.51366442319115e-11	-7.51366442319115e-11
1558.134306	2.001314	-2.748948	3.31398694149961e-10	6.65827335698654e-11	-6.65827335698654e-11
1561.979411	1.762471	-1.843791	4.59418507805568e-10	8.58697684692156e-11	-8.58697684692156e-11
1566.259076	2.391384	-2.517193	3.15627614851272e-10	6.34141254940514e-11	-6.34141254940514e-11
1571.706538	2.580151	-3.056078	2.71448394575588e-10	5.45378585958058e-11	-5.45378585958058e-11
1576.788664	2.047230	-2.501976	3.64658764855296e-10	6.81582650869043e-11	-6.81582650869043e-11
1582.535222	3.240993	-3.699327	2.44837300019906e-10	4.68631452931268e-11	-4.68631452931268e-11
1588.985876	3.440693	-3.209662	2.48925555822609e-10	5.12659706001056e-11	-5.12659706001056e-11
1594.662480	2.585485	-2.235911	3.71710693052756e-10	7.11473097737449e-11	-7.11473097737449e-11
1599.836580	2.553023	-2.588614	3.42921530879647e-10	6.56369173670798e-11	-6.56369173670798e-11
1604.248097	1.987951	-1.858494	4.32049179514541e-10	8.47118520089408e-11	-8.47118520089408e-11
1610.082336	3.848398	-3.846288	2.19490661211053e-10	4.0073326688144e-11	-4.0073326688144e-11
1617.677348	2.583484	-3.746614	2.63430491730976e-10	4.92377024284694e-11	-4.92377024284694e-11
1623.314729	3.770790	-3.053897	2.27399218366852e-10	4.68326287200086e-11	-4.68326287200086e-11
1629.456947	2.663451	-2.371429	3.24274127628233e-10	6.67839075957085e-11	-6.67839075957085e-11
1634.888115	2.786697	-2.767717	3.38351249743965e-10	6.17741978858553e-11	-6.17741978858553e-11
1640.396103	1.740721	-2.721291	3.93624593366929e-10	7.35722566593443e-11	-7.35722566593443e-11
1644.488856	1.647425	-2.352032	4.14160406457486e-10	7.92724068693028e-11	-7.92724068693028e-11
1649.331026	2.377437	-3.194744	2.89134673330216e-10	5.53418516102382e-11	-5.53418516102382e-11
1653.687752	2.073550	-1.979289	3.46280957954406e-10	7.69846818407565e-11	-7.69846818407565e-11
1657.916748	1.594928	-2.155446	4.41397653498233e-10	8.05878371477309e-11	-8.05878371477309e-11
1662.391256	3.135608	-2.879581	2.7881635310318e-10	5.33668968579429e-11	-5.33668968579429e-11
1667.693078	2.603583	-2.166214	3.5894162915687e-10	7.21164834291631e-11	-7.21164834291631e-11
1672.921717	2.630464	-2.625056	3.29721474047197e-10	6.46484838861523e-11	-6.46484838861523e-11
1679.225332	3.277852	-3.673151	2.55917189923319e-10	4.78334049347317e-11	-4.78334049347317e-11
1685.127511	3.214720	-2.624326	2.87670338206929e-10	5.50616074773319e-11	-5.50616074773319e-11
1692.121669	2.721469	-3.779437	2.31479023215181e-10	4.76728572000505e-11	-4.76728572000505e-11
1698.807693	3.948946	-3.964556	1.99195619191868e-10	3.90562862140485e-11	-3.90562862140485e-11
1705.101913	2.239502	-2.345274	3.6392393061388e-10	6.9656920025616e-11	-6.9656920025616e-11
1710.317974	3.638180	-2.976558	2.59682810666164e-10	4.9704640340172e-11	-4.9704640340172e-11
1715.944559	1.383030	-1.988405	5.40292145261143e-10	9.86434184771077e-11	-9.86434184771077e-11
1719.566875	2.021701	-2.239286	4.17405583711484e-10	7.98935762634543e-11	-7.98935762634543e-11
1726.323856	3.356137	-4.735281	2.15705668283257e-10	3.93822847978624e-11	-3.93822847978624e-11
1732.464206	3.939053	-2.784212	2.37720934872203e-10	4.55010204031958e-11	-4.55010204031958e-11
1739.832176	2.993693	-3.428917	2.47002633868603e-10	4.8429816892154e-11	-4.8429816892154e-11
1745.354787	2.146606	-2.528917	3.58482589004489e-10	6.86153956748491e-11	-6.86153956748491e-11
1750.862295	3.999292	-3.360903	2.29186515121668e-10	4.38674756977414e-11	-4.38674756977414e-11
1757.462088	2.128375	-2.600501	3.48503517410952e-10	6.5138662314091e-11	-6.5138662314091e-11
1761.914477	2.125559	-2.324014	3.6940249805109e-10	6.74433706011787e-11	-6.74433706011787e-11
1767.357983	3.526318	-3.317947	2.27526039224358e-10	4.46110022198227e-11	-4.46110022198227e-11
1773.694738	2.799099	-2.810437	2.83808512952385e-10	5.43223819632995e-11	-5.43223819632995e-11
1779.834980	3.661478	-3.341143	2.31304949917574e-10	4.32331095312835e-11	-4.32331095312835e-11
1786.415546	3.311357	-2.919088	2.44660540112029e-10	4.91558190791666e-11	-4.91558190791666e-11
1792.172822	2.558729	-2.445919	3.22816198106734e-10	6.03374715453542e-11	-6.03374715453542e-11
1798.936258	2.897535	-4.204706	2.16594179901234e-10	4.35168588720438e-11	-4.35168588720438e-11
1805.435389	3.920504	-3.601597	2.02120024545407e-10	4.16264279258512e-11	-4.16264279258512e-11
1811.727493	2.174033	-2.371599	3.61266297907263e-10	6.75241666083941e-11	-6.75241666083941e-11
1816.138885	2.845586	-2.237358	3.22969176241707e-10	6.03660342192396e-11	-6.03660342192396e-11
1822.961414	4.763847	-3.976944	1.74607278722811e-10	3.5960165762785e-11	-3.5960165762785e-11
1830.967141	2.753731	-3.241880	2.72471902719674e-10	5.21525281025245e-11	-5.21525281025245e-11
1837.933350	3.667223	-4.212478	2.07189232382068e-10	3.96570779754664e-11	-3.96570779754664e-11
1844.927018	2.784813	-3.326445	2.43771469465578e-10	5.14811028073376e-11	-5.14811028073376e-11
1851.251452	2.263858	-3.539621	2.59313275114877e-10	5.34053070456597e-11	-5.34053070456597e-11
1856.738875	3.207941	-3.223566	2.41769845610162e-10	4.74038323145807e-11	-4.74038323145807e-11
1863.207212	3.181771	-3.260395	2.48728065541988e-10	4.64896816704049e-11	-4.64896816704049e-11
1870.401049	3.961925	-4.012066	1.90782651664886e-10	3.83309611651557e-11	-3.83309611651557e-11
1878.089970	3.583383	-3.726996	2.18742006258661e-10	4.18683326898421e-11	-4.18683326898421e-11
1885.539328	3.720185	-3.865975	2.1574451780798e-10	4.03247483076846e-11	-4.03247483076846e-11
1892.426815	3.253534	-3.167302	2.34037724548541e-10	4.8199822999997e-11	-4.8199822999997e-11
1899.444482	3.766853	-3.764133	2.14049709429994e-10	4.00079726492416e-11	-4.00079726492416e-11
1906.908957	3.847608	-3.697622	2.09321361605758e-10	4.00651758289849e-11	-4.00651758289849e-11
1914.367085	2.682195	-3.610520	2.4105241612136e-10	4.8430871769518e-11	-4.8430871769518e-11
1921.333787	3.621895	-4.284507	2.0004686857048e-10	3.82899851913104e-11	-3.82899851913104e-11
1927.577796	2.384327	-2.622114	3.23802170630895e-10	6.05217363426309e-11	-6.05217363426309e-11
1933.778796	3.467022	-3.816673	2.23797403330267e-10	4.18299221507193e-11	-4.18299221507193e-11
1942.688617	4.660790	-5.442798	1.59341860509515e-10	3.04988516698817e-11	-3.04988516698817e-11
1951.141167	3.260657	-3.791761	2.25303103646295e-10	4.41751915014325e-11	-4.41751915014325e-11
1958.443645	3.900150	-4.041821	2.057075515319e-10	3.84487459073613e-11	-3.84487459073613e-11
1965.839221	3.539188	-3.495425	2.24232900359885e-10	4.2919335847777e-11	-4.2919335847777e-11
1972.164345	4.083243	-2.785936	2.34637693140803e-10	4.38560574500042e-11	-4.38560574500042e-11
1980.795928	3.464791	-4.548340	1.97216713305842e-10	3.86682848317116e-11	-3.86682848317116e-11
1988.361328	4.483630	-4.100609	1.89962157381803e-10	3.63597076271511e-11	-3.63597076271511e-11
1995.919929	3.577128	-3.074971	2.4399148877561e-10	4.67012034888111e-11	-4.67012034888111e-11
2004.114675	3.973736	-4.617619	1.88008842875062e-10	3.59858661611901e-11	-3.59858661611901e-11
2011.688692	3.651387	-3.600280	2.21991287237651e-10	4.24902801080444e-11	-4.24902801080444e-11
2018.945329	2.883181	-3.605250	2.42574934519283e-10	4.75616457401144e-11	-4.75616457401144e-11
2026.706588	5.095652	-4.878077	1.548483629942e-10	3.11112526887072e-11	-3.11112526887072e-11
2036.584498	5.086495	-4.782259	1.63010484220442e-10	3.19614829478154e-11	-3.19614829478154e-11
2046.272585	4.231720	-4.601592	1.85947881716713e-10	3.64587787412644e-11	-3.64587787412644e-11
2053.768906	3.166891	-3.264601	2.7145875967863e-10	4.95613916674259e-11	-4.95613916674259e-11
NO	NO	NO	NO	NO	NO
!Time	Poserr	Negerr	Flux	PosErr	NegErr
!XRT pc mode data
2074.684401	8.422031	-11.636398	2.01976086220896e-10	4.42957990993417e-11	-4.42957990993417e-11
2093.666180	6.991371	-10.559749	2.28686320546059e-10	4.99034627931444e-11	-4.99034627931444e-11
2110.022600	10.693392	-9.365048	1.92858547780968e-10	4.31609779658717e-11	-4.31609779658717e-11
2128.116601	10.150531	-7.400609	2.36815019983974e-10	5.04891244271367e-11	-5.04891244271367e-11
2149.420798	11.412073	-11.153667	1.81217779147619e-10	3.99434983868957e-11	-3.99434983868957e-11
2171.748431	11.650221	-10.915559	1.86942147777871e-10	4.12052584651543e-11	-4.12052584651543e-11
2194.773987	11.190365	-11.375335	2.14125977767192e-10	4.3899960588343e-11	-4.3899960588343e-11
2216.611867	9.410925	-10.647515	2.37159145202916e-10	4.92698426408331e-11	-4.92698426408331e-11
2241.539807	14.570664	-15.517016	1.51205554503944e-10	3.21374291406722e-11	-3.21374291406722e-11
5499.395959	18.815653	-23.808647	5.19907295888668e-11	1.1719690034243e-11	-1.1719690034243e-11
5564.765234	46.216898	-46.553622	2.56568669606199e-11	5.59876800749843e-12	-5.59876800749843e-12
5647.560385	26.104546	-36.578254	3.85698289876429e-11	8.72970290779674e-12	-8.72970290779674e-12
5718.359195	53.090877	-44.694263	2.60223660369306e-11	5.88978606328366e-12	-5.88978606328366e-12
5805.902508	30.737624	-34.452436	3.7915201313819e-11	8.54680660208169e-12	-8.54680660208169e-12
5856.621422	27.657669	-19.981291	5.37547395613254e-11	1.177531957327e-11	-1.177531957327e-11
5922.501926	29.474546	-38.222834	3.59538995832742e-11	7.96769854428636e-12	-7.96769854428636e-12
6001.705767	33.011945	-49.729295	2.69914453307919e-11	6.05982317938792e-12	-6.05982317938792e-12
6071.910691	30.504381	-37.192979	3.21835141300712e-11	7.25477868400212e-12	-7.25477868400212e-12
6128.472520	26.596052	-26.057448	2.23446767080644e-11	5.03776215705479e-12	-5.03776215705479e-12
6183.126536	29.610116	-28.057964	1.97516640957403e-11	4.41660266944447e-12	-4.41660266944447e-12
6237.163494	28.226658	-24.426843	3.32976698004676e-11	7.44558014407103e-12	-7.44558014407103e-12
6307.223051	30.879021	-41.832899	3.27439797846564e-11	7.35133275314745e-12	-7.35133275314745e-12
6376.281227	49.576644	-38.179156	2.62126941831976e-11	5.93286578458579e-12	-5.93286578458579e-12
6475.328068	50.822104	-49.470196	2.20205914869815e-11	4.98405181921261e-12	-4.98405181921261e-12
6596.444575	27.490557	-70.294403	2.32331475200806e-11	5.27996428487525e-12	-5.27996428487525e-12
6654.412905	32.204887	-30.477773	3.89475358918098e-11	8.59772133405806e-12	-8.59772133405806e-12
6727.836738	31.492934	-41.218946	3.15680229436515e-11	7.1159945632842e-12	-7.1159945632842e-12
6816.067294	38.539978	-56.737622	1.83517604966388e-11	4.10357288559269e-12	-4.10357288559269e-12
6901.437943	43.432269	-46.830671	1.52281169242127e-11	3.44724009583631e-12	-3.44724009583631e-12
7006.751479	43.425533	-61.881267	2.06454811613465e-11	4.65388694956265e-12	-4.65388694956265e-12
7111.185782	36.776050	-61.008770	2.22429451971807e-11	5.0139594952285e-12	-5.0139594952285e-12
7197.184198	36.025954	-49.222366	2.66414741211616e-11	6.00545512219189e-12	-6.00545512219189e-12
7293.339253	37.655638	-60.129102	2.48070659662275e-11	5.56942487018957e-12	-5.56942487018957e-12
7380.843856	47.935836	-49.848964	2.49157178476035e-11	5.6393281662937e-12	-5.6393281662937e-12
7489.056132	57.566719	-60.276441	2.09731564186803e-11	4.66597116732724e-12	-4.66597116732724e-12
7574.553697	37.258974	-27.930846	2.79420954153508e-11	6.29970526682505e-12	-6.29970526682505e-12
7653.901839	33.129832	-42.089168	1.5565073971582e-11	3.50925981767833e-12	-3.50925981767833e-12
7746.222257	53.637994	-59.190586	1.87896945338583e-11	4.13186862245032e-12	-4.13186862245032e-12
7866.669570	56.048422	-66.809318	1.82555733422862e-11	4.06140226139008e-12	-4.06140226139008e-12
7979.242671	58.811181	-56.524679	1.72206963638712e-11	3.17003761999992e-12	-3.17003761999992e-12
11402.598353	48.437759	-61.883950	1.08077430237481e-11	2.42629558012167e-12	-2.42629558012167e-12
11514.038356	47.319376	-63.002244	1.06759739327116e-11	2.38720731861928e-12	-2.38720731861928e-12
11619.502907	59.698425	-58.145175	1.00114762068568e-11	2.21805260628361e-12	-2.21805260628361e-12
11720.797100	46.160072	-41.595768	1.26045309960926e-11	2.82964708677e-12	-2.82964708677e-12
11813.447753	36.250579	-46.490581	1.33742654340515e-11	3.00243734611267e-12	-3.00243734611267e-12
11915.156481	37.341551	-65.458149	1.12761527489427e-11	2.47933016405442e-12	-2.47933016405442e-12
12026.794887	63.605105	-74.296855	7.99162109096751e-12	1.8156537168545e-12	-1.8156537168545e-12
12172.809144	85.580427	-82.409153	6.76441428510654e-12	1.53069116655191e-12	-1.53069116655191e-12
12309.122272	52.066900	-50.732700	1.14384577636702e-11	2.56789361402183e-12	-2.56789361402183e-12
12403.661643	52.805189	-42.472471	1.2144765729188e-11	2.72640000974174e-12	-2.72640000974174e-12
12536.893269	67.504542	-80.426438	7.91720901681543e-12	1.7407901213863e-12	-1.7407901213863e-12
12676.905656	62.886596	-72.507844	8.14589778668635e-12	1.83597033041988e-12	-1.83597033041988e-12
12807.825105	47.303146	-68.032854	9.59138856516173e-12	2.15322634900135e-12	-2.15322634900135e-12
12927.550976	57.957035	-72.422725	8.41272669199816e-12	1.90371092702342e-12	-1.90371092702342e-12
13035.106373	75.766738	-49.598362	8.65361170306531e-12	1.98196382132775e-12	-1.98196382132775e-12
13184.230387	87.109984	-73.357276	6.84197712153988e-12	1.54824846262358e-12	-1.54824846262358e-12
13351.895299	64.868533	-80.554927	7.54715918693886e-12	1.70786224702708e-12	-1.70786224702708e-12
13472.901700	46.661472	-56.137868	1.13332936154318e-11	2.47315571640884e-12	-2.47315571640884e-12
13667.892609	152.546743	-148.329437	7.14606316100759e-12	1.15151990592164e-12	-1.15151990592164e-12
17285.291612	129.162740	-117.386520	5.31239277392272e-12	1.17995151303758e-12	-1.17995151303758e-12
17523.942232	71.038380	-109.487880	4.6991749894525e-12	1.21759336264015e-12	-1.21759336264015e-12
17696.420859	86.607853	-101.440247	4.52550474394581e-12	1.17262160421141e-12	-1.17262160421141e-12
17846.116176	109.916776	-63.087464	5.24848412768883e-12	1.31643671251587e-12	-1.31643671251587e-12
18071.142121	110.548451	-115.109169	3.72882468933921e-12	9.7999049226005e-13	-9.7999049226005e-13
18327.756707	82.098624	-146.066136	3.85097410009338e-12	1.00846600776588e-12	-1.00846600776588e-12
18517.477473	97.976798	-107.622142	4.43213238740424e-12	1.16483028395405e-12	-1.16483028395405e-12
18724.751370	113.852862	-109.297098	4.28961177748818e-12	1.12337684578059e-12	-1.12337684578059e-12
18926.186953	77.899158	-87.582722	6.07794767137183e-12	1.57484890460953e-12	-1.57484890460953e-12
19123.938261	95.775711	-119.852149	4.75525613184577e-12	1.24526932853606e-12	-1.24526932853606e-12
19427.070741	176.255791	-207.356769	4.6182216820219e-12	9.17128940999233e-13	-9.17128940999233e-13
23192.194655	251.971157	-211.746632	2.41266493985565e-12	6.27945943503861e-13	-6.27945943503861e-13
23590.155755	187.481936	-145.989944	2.87611468308693e-12	7.57661897712381e-13	-7.57661897712381e-13
23873.946142	86.724910	-96.308450	5.17498619108353e-12	1.33881368759152e-12	-1.33881368759152e-12
24143.005813	156.151339	-182.334761	2.66965630532863e-12	7.03274569046525e-13	-7.03274569046525e-13
24395.081480	137.254832	-95.924328	3.8037867249881e-12	9.9398987584429e-13	-9.9398987584429e-13
24779.973542	231.257250	-247.637230	1.80883390481087e-12	4.72688399554265e-13	-4.72688399554265e-13
25162.636040	224.686412	-151.405248	2.46785042283526e-12	6.2160700184063e-13	-6.2160700184063e-13
53716.516200	584.704352	-581.190148	8.9607525034693e-13	2.16124730200753e-13	-2.16124730200753e-13
61584.575759	4283.530553	-2257.322607	9.2167429180101e-13	2.05685107078886e-13	-2.05685107078886e-13
78486.973948	3580.448284	-9416.961876	4.559003909265e-13	1.01070308586287e-13	-1.01070308586287e-13
87704.608567	1292.806905	-1252.102595	5.1650906074832e-13	1.16141178216706e-13	-1.16141178216706e-13
94441.242366	3892.797446	-2258.309734	3.57874127854715e-13	9.80505221060879e-14	-9.80505221060879e-14
99320.700688	1242.328464	-986.660876	4.30798037354318e-13	1.11100816688684e-13	-1.11100816688684e-13
105160.637932	1185.074659	-1372.371341	4.40958321844532e-13	1.06236467204164e-13	-1.06236467204164e-13
111299.221323	828.448909	-1726.489791	4.41775112384803e-13	1.05993192682267e-13	-1.05993192682267e-13
122313.231979	7148.836793	-6960.616147	3.39336431577821e-13	6.16413080448168e-14	-6.16413080448168e-14
197720.937497	6932.604194	-7064.567626	1.88949158593756e-13	5.39452102548404e-14	-5.39452102548404e-14
323057.377911	26070.790421	-114540.442620	1.04275071946559e-13	2.81690952651842e-14	-2.81690952651842e-14
407244.505515	101844.803857	-54712.208483	3.83780135229459e-14	1.15456544884156e-14	-1.15456544884156e-14
667758.490590	155531.826122	-157555.899207	3.01320663385233e-14	8.48790601085162e-15	-8.48790601085162e-15
1154165.833404	310241.974707	-239100.244833	9.7915428137653e-15	4.46494352307698e-15	-4.46494352307698e-15
