READ TERR 1 2
NO	NO	NO	NO	NO	NO
!Time	Poserr	Negerr	Flux	PosErr	NegErr
!XRT wt mode data
105.172051	0.260085	-0.357274	1.12601647374266e-08	1.37547559623902e-09	-1.37547559623902e-09
105.697188	0.265130	-0.265053	9.63815429269892e-09	1.36278969930826e-09	-1.36278969930826e-09
106.225936	0.250550	-0.263619	9.45650258533234e-09	1.35092895429444e-09	-1.35092895429444e-09
106.736664	0.262903	-0.260177	8.39563717141325e-09	1.2515477161029e-09	-1.2515477161029e-09
107.265354	0.276838	-0.265787	9.48548387418874e-09	1.30293142158216e-09	-1.30293142158216e-09
107.854631	0.296016	-0.312439	1.08775249867975e-08	1.31909370517841e-09	-1.31909370517841e-09
108.460644	0.321595	-0.309997	1.0468754403464e-08	1.27880155529725e-09	-1.27880155529725e-09
109.039438	0.272983	-0.257199	9.22728435388787e-09	1.31793383649095e-09	-1.31793383649095e-09
109.649114	0.307352	-0.336693	1.05052119047578e-08	1.27394411957701e-09	-1.27394411957701e-09
110.199977	0.348941	-0.243510	9.727646537153e-09	1.27730255445996e-09	-1.27730255445996e-09
110.889010	0.279032	-0.340091	1.08930260431803e-08	1.32097339689213e-09	-1.32097339689213e-09
111.425615	0.272608	-0.257573	9.70682325274102e-09	1.34609418508525e-09	-1.34609418508525e-09
111.968614	0.277598	-0.270391	8.08996220642981e-09	1.20598032823944e-09	-1.20598032823944e-09
112.597506	0.301647	-0.351294	6.74904066565045e-09	1.00608759683408e-09	-1.00608759683408e-09
113.169219	0.345497	-0.270066	1.07467810567935e-08	1.31276363891468e-09	-1.31276363891468e-09
113.754569	0.279643	-0.239853	8.5013127245618e-09	1.26730091855842e-09	-1.26730091855842e-09
114.328148	0.318079	-0.293935	7.23268335276551e-09	1.0781847340464e-09	-1.0781847340464e-09
114.884645	0.273972	-0.238418	8.4428332255656e-09	1.28672293454627e-09	-1.28672293454627e-09
115.464319	0.252946	-0.305702	7.84263557046281e-09	1.16911113268778e-09	-1.16911113268778e-09
115.970590	0.280415	-0.253324	8.28317464841324e-09	1.23452024090389e-09	-1.23452024090389e-09
116.520665	0.255165	-0.269659	8.19659109728233e-09	1.26323146432871e-09	-1.26323146432871e-09
117.034872	0.251569	-0.259042	8.69464311499029e-09	1.31047940084241e-09	-1.31047940084241e-09
117.609938	0.226255	-0.323497	8.87541071718204e-09	1.28080578989265e-09	-1.28080578989265e-09
118.098715	0.272997	-0.262521	9.86501113145006e-09	1.35506347404638e-09	-1.35506347404638e-09
118.647238	0.340055	-0.275526	1.09260895696134e-08	1.32498298062972e-09	-1.32498298062972e-09
119.269073	0.323124	-0.281781	1.10257406218677e-08	1.33706743553521e-09	-1.33706743553521e-09
119.854347	0.250235	-0.262149	9.50534487797111e-09	1.34425873591639e-09	-1.34425873591639e-09
120.351057	0.273021	-0.246475	8.392538532641e-09	1.25108573236907e-09	-1.25108573236907e-09
120.948122	0.362699	-0.324043	9.59384899614597e-09	1.16342504446892e-09	-1.16342504446892e-09
121.558780	0.264431	-0.247960	8.43138592083531e-09	1.27080057205806e-09	-1.27080057205806e-09
122.094595	0.329963	-0.271384	1.09487751102635e-08	1.32773405731445e-09	-1.32773405731445e-09
122.723796	0.271864	-0.299238	1.15282165367302e-08	1.39800161913197e-09	-1.39800161913197e-09
123.291660	0.241298	-0.296000	1.22718675348928e-08	1.48818252736073e-09	-1.48818252736073e-09
123.780690	0.287787	-0.247732	8.19474265524326e-09	1.22160015615563e-09	-1.22160015615563e-09
124.388498	0.332921	-0.320021	1.01295767829376e-08	1.23736962482753e-09	-1.23736962482753e-09
125.005738	0.324145	-0.284319	7.1977417747824e-09	1.07297597695286e-09	-1.07297597695286e-09
125.678294	0.236923	-0.348411	1.12741675005115e-08	1.36719366576772e-09	-1.36719366576772e-09
126.189187	0.243758	-0.273970	9.05595016878503e-09	1.32023148152377e-09	-1.32023148152377e-09
126.748677	0.251812	-0.315731	7.59610037241656e-09	1.15767739461473e-09	-1.15767739461473e-09
127.292465	0.300468	-0.291977	1.11628212468028e-08	1.37359716577218e-09	-1.37359716577218e-09
127.879451	0.279235	-0.286517	8.08840318424689e-09	1.19256993410481e-09	-1.19256993410481e-09
128.447553	0.284013	-0.288868	7.82377649811848e-09	1.1792201259361e-09	-1.1792201259361e-09
128.964548	0.274071	-0.232982	9.2110202474068e-09	1.3435653607708e-09	-1.3435653607708e-09
129.480799	0.293339	-0.242179	8.25519949400042e-09	1.23061249357745e-09	-1.23061249357745e-09
130.133550	0.297073	-0.359413	6.65709883107887e-09	1.00337539259501e-09	-1.00337539259501e-09
130.645843	0.306066	-0.215219	8.5339823056479e-09	1.28626420748371e-09	-1.28626420748371e-09
131.387144	0.360038	-0.435235	5.79129425257228e-09	8.6331522088552e-10	-8.6331522088552e-10
132.060352	0.311305	-0.313170	7.62555336619491e-09	1.14934339395834e-09	-1.14934339395834e-09
132.643070	0.308585	-0.271413	8.45300023506542e-09	1.2882724812883e-09	-1.2882724812883e-09
133.282588	0.323789	-0.330933	7.96711514752934e-09	1.20082444272919e-09	-1.20082444272919e-09
133.907139	0.318365	-0.300761	8.98857789749244e-09	1.33993805284438e-09	-1.33993805284438e-09
134.655142	0.369183	-0.429639	6.68085534104247e-09	1.00695607984673e-09	-1.00695607984673e-09
135.456662	0.409193	-0.432337	5.82875748313629e-09	8.68899852377275e-10	-8.68899852377275e-10
136.176053	0.342744	-0.310198	7.03328935792721e-09	1.06007584210634e-09	-1.06007584210634e-09
136.898029	0.446286	-0.379232	5.52146008425006e-09	8.23090669260828e-10	-8.23090669260828e-10
137.841939	0.500470	-0.497624	4.45171459636267e-09	6.70974133719121e-10	-6.70974133719121e-10
138.615061	0.280659	-0.272652	8.44245358746703e-09	1.25852663139068e-09	-1.25852663139068e-09
139.347081	0.415076	-0.451361	5.59741125454706e-09	8.34412782479657e-10	-8.34412782479657e-10
140.107528	0.327142	-0.345371	7.23177281703638e-09	1.07804904343584e-09	-1.07804904343584e-09
140.896755	0.466618	-0.462085	5.2460493275725e-09	7.82034846846911e-10	-7.82034846846911e-10
141.963850	0.595086	-0.600477	3.99251088468652e-09	6.01761718883137e-10	-6.01761718883137e-10
142.992745	0.548271	-0.433810	4.84617388126601e-09	7.22424938607075e-10	-7.22424938607075e-10
144.036416	0.442205	-0.495399	5.07605586554471e-09	7.56693733048901e-10	-7.56693733048901e-10
144.994198	0.512762	-0.515578	4.54735244462725e-09	6.93035486910329e-10	-6.93035486910329e-10
145.951938	0.547778	-0.444979	4.97430146219184e-09	7.41525095066513e-10	-7.41525095066513e-10
147.174873	0.595124	-0.675158	4.06356199295625e-09	6.12470750909904e-10	-6.12470750909904e-10
148.342790	0.587186	-0.572793	4.39368060231495e-09	6.54971227495761e-10	-6.54971227495761e-10
149.526972	0.520301	-0.596995	4.39067559449868e-09	6.54523236720616e-10	-6.54523236720616e-10
150.517290	0.641955	-0.470018	4.25302561012922e-09	6.41027141319615e-10	-6.41027141319615e-10
152.102217	0.667129	-0.942972	2.84934252489544e-09	4.24754915005604e-10	-4.24754915005604e-10
153.336007	0.769465	-0.566660	3.59845287093388e-09	5.36425666925164e-10	-5.36425666925164e-10
154.774975	0.727080	-0.669503	3.7431826284469e-09	5.58000779385215e-10	-5.58000779385215e-10
156.305587	0.986276	-0.803532	3.05815018939302e-09	4.55882068267234e-10	-4.55882068267234e-10
158.351268	1.022182	-1.059404	2.51805245709553e-09	3.75369079489384e-10	-3.75369079489384e-10
160.293258	0.939368	-0.919809	2.68736700580397e-09	4.05046996480907e-10	-4.05046996480907e-10
162.183786	0.998767	-0.951160	2.50504940771887e-09	3.73430745865516e-10	-3.73430745865516e-10
164.001431	0.894428	-0.818878	2.76467338204757e-09	4.16698850509586e-10	-4.16698850509586e-10
166.067604	1.123337	-1.171745	2.07781555258678e-09	3.13173775444645e-10	-3.13173775444645e-10
168.523650	1.166953	-1.332709	2.01935298234498e-09	3.01027372289925e-10	-3.01027372289925e-10
170.868568	1.284356	-1.177965	2.22720691998844e-09	3.3201235879122e-10	-3.3201235879122e-10
173.757524	1.752605	-1.604600	1.7250955382872e-09	2.62911702217069e-10	-2.62911702217069e-10
177.503941	2.318807	-1.993812	1.29426100076165e-09	1.92937102789368e-10	-1.92937102789368e-10
181.792083	2.120873	-1.969335	1.30478254993515e-09	1.96660195440293e-10	-1.96660195440293e-10
185.496752	1.625760	-1.583797	1.2424177614268e-09	2.23144851510193e-10	-2.23144851510193e-10
188.667949	2.263667	-1.545437	1.61081910932923e-09	2.40126745730212e-10	-2.40126745730212e-10
192.576344	1.374462	-1.644728	1.27857765133523e-09	2.3733187808802e-10	-2.3733187808802e-10
195.923197	2.471843	-1.972391	8.47680087730605e-10	1.54764518617725e-10	-1.54764518617725e-10
200.550307	2.025697	-2.155266	9.01180700853904e-10	1.6727883881411e-10	-1.6727883881411e-10
204.206355	2.104030	-1.630351	1.02078515298029e-09	1.89480012894496e-10	-1.89480012894496e-10
207.754246	1.886673	-1.443861	1.12226298830162e-09	2.08316490379202e-10	-2.08316490379202e-10
212.344944	2.672499	-2.704026	6.73423949975311e-10	1.25002174568924e-10	-1.25002174568924e-10
217.777873	2.578730	-2.760429	6.34993370838606e-10	1.21901768794213e-10	-1.21901768794213e-10
NO	NO	NO	NO	NO	NO
!Time	Poserr	Negerr	Flux	PosErr	NegErr
!XRT pc mode data
235.703446	10.223385	-12.342523	5.04201165339922e-10	1.12742790615659e-10	-1.12742790615659e-10
255.742467	7.735564	-9.815636	7.03494200928358e-10	1.46987030803117e-10	-1.46987030803117e-10
272.974661	10.561970	-9.496629	5.8945678250398e-10	1.26208217834843e-10	-1.26208217834843e-10
291.650105	9.437766	-8.113474	6.55689644423147e-10	1.46616683567679e-10	-1.46616683567679e-10
310.534397	8.104735	-9.446526	8.04502167690152e-10	1.76340716450427e-10	-1.76340716450427e-10
329.398162	11.806889	-10.759031	7.01529605701828e-10	1.51170291988804e-10	-1.51170291988804e-10
354.382730	9.388222	-13.177678	5.89875657696325e-10	1.27110297435259e-10	-1.27110297435259e-10
376.613805	9.722986	-12.842853	4.72055872760141e-10	1.05801907237623e-10	-1.05801907237623e-10
401.061865	10.348147	-14.725073	4.43336622922856e-10	9.95979871673752e-11	-9.95979871673752e-11
421.334419	10.134173	-9.924407	6.60715521913095e-10	1.3833028048857e-10	-1.3833028048857e-10
438.852713	7.659859	-7.384121	8.29776735717474e-10	1.77663007489593e-10	-1.77663007489593e-10
456.205026	10.366085	-9.692455	5.63781888106287e-10	1.25254117149365e-10	-1.25254117149365e-10
477.573715	9.055957	-11.002603	5.34130783006265e-10	1.20277455543506e-10	-1.20277455543506e-10
494.310426	7.363205	-7.680755	7.62877392201546e-10	1.67216942717344e-10	-1.67216942717344e-10
509.422070	9.802781	-7.748439	6.31879579400047e-10	1.4195524807062e-10	-1.4195524807062e-10
529.640824	9.642628	-10.415972	5.82113915532111e-10	1.28455220270966e-10	-1.28455220270966e-10
549.628950	9.713122	-10.345498	5.97661259757096e-10	1.28787964893069e-10	-1.28787964893069e-10
570.598823	8.801789	-11.256751	6.42512494657666e-10	1.31664529042663e-10	-1.31664529042663e-10
589.461326	9.997865	-10.060715	5.79687721501207e-10	1.27347469080548e-10	-1.27347469080548e-10
613.434549	11.097902	-13.975358	5.42415025700489e-10	1.16384150923943e-10	-1.16384150923943e-10
634.241302	7.842409	-9.708851	7.64149765068895e-10	1.67870598251295e-10	-1.67870598251295e-10
653.100992	9.041299	-11.017281	5.82222880472967e-10	1.30493572527052e-10	-1.30493572527052e-10
672.942274	9.258598	-10.799982	5.89927575053419e-10	1.26578720422581e-10	-1.26578720422581e-10
692.994330	11.772402	-10.793458	5.22047897783496e-10	1.12253701210765e-10	-1.12253701210765e-10
722.939405	14.422567	-18.172673	3.58495047289902e-10	7.74168077818351e-11	-7.74168077818351e-11
754.781391	17.683041	-17.419419	3.15696362122502e-10	6.95086075903359e-11	-6.95086075903359e-11
782.219986	10.303046	-9.755554	5.25858032679828e-10	1.17585408479239e-10	-1.17585408479239e-10
808.104903	9.491349	-15.581871	4.58233180671574e-10	9.83215274718665e-11	-9.83215274718665e-11
833.633944	11.542868	-16.037692	3.95854283399624e-10	8.73532484648377e-11	-8.73532484648377e-11
861.169602	14.095090	-15.992790	3.46283830753268e-10	7.81610922558311e-11	-7.81610922558311e-11
886.762472	8.560799	-11.497781	6.10605069858319e-10	1.33541827611227e-10	-1.33541827611227e-10
910.332140	12.571672	-15.008868	4.64383071231339e-10	1.05065200528178e-10	-1.05065200528178e-10
935.417032	10.052680	-12.513220	6.06768735638673e-10	1.36313998255434e-10	-1.36313998255434e-10
959.351746	8.683846	-13.882034	6.19167236510149e-10	1.30428808836111e-10	-1.30428808836111e-10
985.910724	14.720048	-17.875132	3.30381519246171e-10	7.43964784032212e-11	-7.43964784032212e-11
1016.995057	13.723615	-16.364285	4.06180084159805e-10	8.52132537607631e-11	-8.52132537607631e-11
1042.565360	13.226532	-11.846688	4.40982366840867e-10	9.66600218833585e-11	-9.66600218833585e-11
1068.181196	10.176556	-12.389304	4.62811276145877e-10	1.04217450291532e-10	-1.04217450291532e-10
1096.337263	19.630369	-17.979511	3.20236291528138e-10	6.70460909396705e-11	-6.70460909396705e-11
1126.217214	17.330918	-10.249582	3.81133539077441e-10	8.54234060959628e-11	-8.54234060959628e-11
1163.324025	17.833966	-19.775894	2.83280961070094e-10	6.37902469789816e-11	-6.37902469789816e-11
1195.418528	10.812663	-14.260537	5.42510125512154e-10	1.08705065290565e-10	-1.08705065290565e-10
1220.622450	10.681922	-14.391258	5.2360555157883e-10	1.07507856078231e-10	-1.07507856078231e-10
1245.827408	13.057523	-14.523037	3.93770897855126e-10	8.84627581237693e-11	-8.84627581237693e-11
1274.449859	9.508253	-15.564927	4.51017416482327e-10	9.88596382655546e-11	-9.88596382655546e-11
1295.469769	13.561542	-11.511658	4.25605726979944e-10	9.62919738590498e-11	-9.62919738590498e-11
1328.172672	15.961120	-19.141360	3.07768898495309e-10	6.93045165556065e-11	-6.93045165556065e-11
1366.692893	20.065319	-22.559101	2.68152636812277e-10	5.90406138290259e-11	-5.90406138290259e-11
1404.588920	12.257172	-17.830709	3.84795461528565e-10	8.45329207080589e-11	-8.45329207080589e-11
1428.478138	8.426514	-11.632046	5.83608507877658e-10	1.27637530826421e-10	-1.27637530826421e-10
1450.043380	16.949052	-13.138728	3.7216200818492e-10	8.36082766765208e-11	-8.36082766765208e-11
1483.874153	20.728099	-16.881721	2.94469769059881e-10	6.6309737048704e-11	-6.6309737048704e-11
1515.982629	16.200123	-11.380377	4.21755356748761e-10	9.20345989017944e-11	-9.20345989017944e-11
1544.434656	22.850596	-12.251904	3.10204195649886e-10	7.0017364786865e-11	-7.0017364786865e-11
1573.902915	10.933536	-6.617664	6.45897606343284e-10	1.41260412871067e-10	-1.41260412871067e-10
1605.605116	26.870376	-20.768664	2.43031436765362e-10	5.23700122612593e-11	-5.23700122612593e-11
1665.497579	29.660893	-33.022087	2.83339656769542e-10	4.88658865762464e-11	-4.88658865762464e-11
10740.671468	63.299063	-94.672185	7.40271069609153e-11	1.70244518051173e-11	-1.70244518051173e-11
10848.821371	47.919901	-44.850839	7.40038784300437e-11	1.68016287209413e-11	-1.68016287209413e-11
10940.349893	26.596239	-43.608621	1.07528334856906e-10	2.41657793391803e-11	-2.41657793391803e-11
11036.355182	50.942170	-69.409050	6.81277493230354e-11	1.53889313785265e-11	-1.53889313785265e-11
11142.179151	37.888921	-54.881799	8.38475003943397e-11	1.8796204045572e-11	-1.8796204045572e-11
11230.170679	47.682853	-50.102607	7.54282143012539e-11	1.69516827562442e-11	-1.69516827562442e-11
11333.725529	39.406083	-55.871997	7.60160845234993e-11	1.70837784378151e-11	-1.70837784378151e-11
11428.770016	39.639736	-55.638404	7.53882866126197e-11	1.6942664392347e-11	-1.6942664392347e-11
11532.270815	69.026856	-63.861064	5.27625024550578e-11	1.20097687647107e-11	-1.20097687647107e-11
11652.037996	34.508556	-50.740324	8.44231814553835e-11	1.89731706524111e-11	-1.89731706524111e-11
11734.905351	51.933960	-48.358800	7.21546789600779e-11	1.6298534846866e-11	-1.6298534846866e-11
11841.797056	42.827736	-54.957744	7.92598932091621e-11	1.73375508826838e-11	-1.73375508826838e-11
11942.272943	37.630049	-57.648151	7.68498759977295e-11	1.71841342030986e-11	-1.71841342030986e-11
12050.744724	36.973108	-70.841732	7.25236055746289e-11	1.5569022565928e-11	-1.5569022565928e-11
12141.471606	44.031765	-53.753775	7.54864309534809e-11	1.64724994082075e-11	-1.64724994082075e-11
12252.011267	107.182436	-66.507896	5.37216649977585e-11	1.18941781622058e-11	-1.18941781622058e-11
12492.875830	138.042602	-133.682126	4.87210562984036e-11	1.09773073885021e-11	-1.09773073885021e-11
12732.063650	108.958502	-101.145218	6.52191781681243e-11	1.46202490946818e-11	-1.46202490946818e-11
13056.537757	210.328335	-215.515605	6.6798771194604e-11	1.19043827352192e-11	-1.19043827352192e-11
16569.381343	41.172629	-79.052539	4.77433279825521e-11	1.07271910692565e-11	-1.07271910692565e-11
16648.157189	27.587002	-37.603218	4.0410088595039e-11	9.10327724292357e-12	-9.10327724292357e-12
16721.515572	34.462740	-45.771380	4.14279360125732e-11	9.08240177239396e-12	-9.08240177239396e-12
16823.118239	68.255173	-67.139927	3.4266072625472e-11	7.75507296955052e-12	-7.75507296955052e-12
16912.178470	21.819362	-20.805058	7.6290084909533e-11	1.70589419129763e-11	-1.70589419129763e-11
16969.090055	35.112637	-35.092223	3.50742589137094e-11	7.84287788982809e-12	-7.84287788982809e-12
17042.672715	39.256817	-38.470024	3.84051428120474e-11	8.62964046892149e-12	-8.62964046892149e-12
17153.104426	51.683726	-71.174894	4.20730674275181e-11	9.2656459165907e-12	-9.2656459165907e-12
17234.991874	37.493857	-30.203723	5.85899990010941e-11	1.31969107104246e-11	-1.31969107104246e-11
17306.074606	26.586786	-33.588874	3.9643969297247e-11	8.88652446601235e-12	-8.88652446601235e-12
17369.132403	28.719268	-36.471011	3.57098646869285e-11	8.02457180396184e-12	-8.02457180396184e-12
17438.492131	39.593741	-40.640459	5.32214180130942e-11	1.16138242315908e-11	-1.16138242315908e-11
17522.692115	55.686577	-44.606243	4.57373400025335e-11	1.02764185408977e-11	-1.02764185408977e-11
17629.004052	44.652780	-50.625360	4.77740668131826e-11	1.08122021501932e-11	-1.08122021501932e-11
17711.500439	44.897993	-37.843607	5.52748967562064e-11	1.24193529690929e-11	-1.24193529690929e-11
17792.027441	27.053990	-35.629010	3.87309274548397e-11	8.51174718012202e-12	-8.51174718012202e-12
17850.538838	28.718333	-31.457407	3.86320974236877e-11	8.68120759644447e-12	-8.68120759644447e-12
17909.334961	30.097871	-30.077789	3.88997071414086e-11	8.76299633352445e-12	-8.76299633352445e-12
17966.128176	30.973115	-26.695345	4.11587314567888e-11	9.22608157907951e-12	-9.22608157907951e-12
18035.203099	29.595893	-38.101807	3.51214499265396e-11	7.87277363776805e-12	-7.87277363776805e-12
18092.874426	22.070946	-28.075434	4.73302522433334e-11	1.05833739243756e-11	-1.05833739243756e-11
18143.772910	26.333582	-28.827538	4.26686955422763e-11	9.58826829893108e-12	-9.58826829893108e-12
18223.851823	66.606148	-53.745332	2.96707141686837e-11	6.66698657409029e-12	-6.66698657409029e-12
18336.053101	57.205030	-45.595130	4.42033282372367e-11	9.95572050243734e-12	-9.95572050243734e-12
18425.667017	25.259474	-32.408886	6.17202306624511e-11	1.35320246616792e-11	-1.35320246616792e-11
18494.283809	44.398943	-43.357317	2.66849512527889e-11	6.01136733751438e-12	-6.01136733751438e-12
18567.010274	24.326218	-28.327522	4.51278383863395e-11	1.00908761283166e-11	-1.00908761283166e-11
18617.655809	26.334403	-26.319317	4.7356364200076e-11	1.03582977978094e-11	-1.03582977978094e-11
18683.075644	38.641487	-39.085433	3.18985954750806e-11	6.97724809205867e-12	-6.97724809205867e-12
18764.075773	40.382899	-42.358641	2.83180156044638e-11	6.34776060211726e-12	-6.34776060211726e-12
18841.057371	26.084301	-36.598699	3.71352595038873e-11	8.32417246782248e-12	-8.32417246782248e-12
18907.373859	40.002013	-40.232187	2.87934279918263e-11	6.48631888692067e-12	-6.48631888692067e-12
19003.228577	51.957054	-55.852706	3.01312282251837e-11	5.71486049702607e-12	-5.71486049702607e-12
22422.414297	50.395095	-135.143853	2.33095519647646e-11	5.25105759434214e-12	-5.25105759434214e-12
22549.502418	61.209254	-76.693026	1.98377140961639e-11	4.49128453250765e-12	-4.49128453250765e-12
22665.978134	50.040778	-55.266462	2.6008227096532e-11	5.84446926810489e-12	-5.84446926810489e-12
22755.621661	33.109371	-39.602749	3.74861621239148e-11	8.42376718176724e-12	-8.42376718176724e-12
22835.973016	53.050636	-47.241984	2.70742013750128e-11	6.08402415659736e-12	-6.08402415659736e-12
22934.643148	52.165763	-45.619496	2.7823735189876e-11	6.23695417097828e-12	-6.23695417097828e-12
23034.309952	45.269720	-47.501040	2.91033578392912e-11	6.57261320160447e-12	-6.57261320160447e-12
23110.911379	46.395073	-31.331707	3.65739482681603e-11	8.19838370130252e-12	-8.19838370130252e-12
23205.555472	44.521739	-48.249021	3.43887961702038e-11	7.72773435770815e-12	-7.72773435770815e-12
23309.323871	58.597261	-59.246659	3.23346015632351e-11	7.08928058616375e-12	-7.08928058616375e-12
23408.680374	36.967578	-40.759242	4.39355462077465e-11	9.61017958486338e-12	-9.61017958486338e-12
23486.500059	51.918693	-40.852107	3.17903570256886e-11	7.16154161801655e-12	-7.16154161801655e-12
23587.290193	51.421259	-48.871441	2.71702612568243e-11	6.10555672802333e-12	-6.10555672802333e-12
23684.457457	42.010195	-45.746005	3.12117948611492e-11	7.01379239004531e-12	-7.01379239004531e-12
23770.709727	38.499485	-44.242075	3.32285542925874e-11	7.46703245988136e-12	-7.46703245988136e-12
23841.970771	49.980041	-32.761559	3.49854951093938e-11	7.63445211391685e-12	-7.63445211391685e-12
23933.815359	25.833053	-41.864547	4.04357646020074e-11	9.04168627979082e-12	-9.04168627979082e-12
24010.160080	39.751892	-50.511668	3.01484112878611e-11	6.7580475292427e-12	-6.7580475292427e-12
24128.497030	61.824842	-78.585058	2.03044653871083e-11	4.45171732871875e-12	-4.45171732871875e-12
24235.815739	47.276913	-45.493867	2.93197027231823e-11	6.57229261077094e-12	-6.57229261077094e-12
24333.228422	47.649650	-50.135770	2.74976954530129e-11	6.21001972523569e-12	-6.21001972523569e-12
24407.951796	25.579975	-27.073725	5.12845629588733e-11	1.14959648113246e-11	-1.14959648113246e-11
24492.924196	58.451495	-59.392425	2.28154955439031e-11	5.12700705372115e-12	-5.12700705372115e-12
24601.255446	42.891026	-49.879754	2.90040247262582e-11	6.51762953135747e-12	-6.51762953135747e-12
24676.911744	34.932288	-32.765272	4.17678705168549e-11	9.15754716183661e-12	-9.15754716183661e-12
24773.821933	65.878158	-61.977902	4.11829820295776e-11	6.61164983246265e-12	-6.61164983246265e-12
28123.447640	34.536532	-78.294817	3.18020401389151e-11	7.16411591380812e-12	-7.16411591380812e-12
28211.489331	51.801981	-53.505159	2.43822723266505e-11	5.4655577350683e-12	-5.4655577350683e-12
28299.039546	41.978466	-35.748234	3.48033934282132e-11	7.61255557149693e-12	-7.61255557149693e-12
28398.803146	27.463526	-57.785134	3.02414316444113e-11	6.81252598324676e-12	-6.81252598324676e-12
28473.519037	40.503674	-47.252366	3.07076054786931e-11	6.88338878463085e-12	-6.88338878463085e-12
28550.747580	38.494552	-36.724868	3.72951016677352e-11	8.36004552211499e-12	-8.36004552211499e-12
28632.979019	69.092273	-43.736887	2.55656007547985e-11	5.60514821430047e-12	-5.60514821430047e-12
28738.920995	28.340477	-36.849703	4.06982183932163e-11	9.14545701414472e-12	-9.14545701414472e-12
28802.358541	37.615091	-35.097069	3.59711861752656e-11	8.06325336073222e-12	-8.06325336073222e-12
28872.938192	39.747639	-32.964561	3.67778401283417e-11	8.24408866363012e-12	-8.24408866363012e-12
28957.057935	33.354656	-44.372104	3.52291816156755e-11	7.91655486129227e-12	-7.91655486129227e-12
29023.992563	64.205388	-33.579972	3.74982749586749e-11	8.38484179898488e-12	-8.38484179898488e-12
29136.065585	54.932387	-47.867633	2.82959651073139e-11	6.40608373199041e-12	-6.40608373199041e-12
29257.921754	53.427418	-66.923782	2.45038554730779e-11	5.49274794771512e-12	-5.49274794771512e-12
29344.813575	41.755197	-33.464403	3.59882984601984e-11	8.06716126053654e-12	-8.06716126053654e-12
29423.595870	48.221742	-37.027098	3.27198588001411e-11	6.97592357009261e-12	-6.97592357009261e-12
29502.026023	29.967228	-30.208412	4.34884195626066e-11	9.74829303599495e-12	-9.74829303599495e-12
29580.624794	36.617318	-48.631542	3.17377971965203e-11	7.11436487331478e-12	-7.11436487331478e-12
29671.370095	46.164777	-54.127983	2.80046831712259e-11	6.12547069109097e-12	-6.12547069109097e-12
29764.535578	45.770154	-47.000706	2.83486405914347e-11	6.38611794174566e-12	-6.38611794174566e-12
29844.774944	35.735728	-34.469212	3.71823014103619e-11	8.33477126260258e-12	-8.33477126260258e-12
29924.882462	35.862430	-44.371790	3.18770395531095e-11	7.19886265195437e-12	-7.19886265195437e-12
30022.035121	46.524471	-61.290229	2.35542682950915e-11	5.31928881820546e-12	-5.31928881820546e-12
30133.477687	50.418544	-64.918096	2.21859194880817e-11	4.97315351690278e-12	-4.97315351690278e-12
30230.391905	58.811626	-46.495674	2.41882541884539e-11	5.44890757660059e-12	-5.44890757660059e-12
30344.464601	82.641391	-55.261069	1.84187185087896e-11	4.13894255504491e-12	-4.13894255504491e-12
30483.757665	43.640927	-56.651673	2.52208167192774e-11	5.65351330070843e-12	-5.65351330070843e-12
30585.196484	37.480088	-57.797892	3.58023054050125e-11	6.91604299181784e-12	-6.91604299181784e-12
33993.424230	75.346642	-182.124626	3.65846060114665e-11	8.19738615896909e-12	-8.19738615896909e-12
34102.615230	33.853142	-33.844358	3.14380968671962e-11	7.06274534869414e-12	-7.06274534869414e-12
34178.077821	56.175851	-41.609449	2.1580522722362e-11	4.83681890330905e-12	-4.83681890330905e-12
34278.246836	51.284816	-43.993164	2.17969859705733e-11	4.89687060872648e-12	-4.89687060872648e-12
34367.762326	29.466845	-38.230674	3.06968164011712e-11	6.8800843158783e-12	-6.8800843158783e-12
34434.576595	47.901317	-37.347423	2.44019324837906e-11	5.45641153028957e-12	-5.45641153028957e-12
34524.592561	43.134091	-42.114649	2.43664754486778e-11	5.46128999358087e-12	-5.46128999358087e-12
34626.154778	46.879134	-58.428126	2.08644583622723e-11	4.55302450835006e-12	-4.55302450835006e-12
34749.729153	51.177999	-76.695241	1.72489399152337e-11	3.77239442826605e-12	-3.77239442826605e-12
34852.913208	63.330563	-52.006057	1.86052135149389e-11	4.18964950943229e-12	-4.18964950943229e-12
34966.007307	30.470624	-49.763535	2.77724029663438e-11	6.26862352141517e-12	-6.26862352141517e-12
35046.866910	39.874521	-50.388979	2.52498313926094e-11	5.71275087741731e-12	-5.71275087741731e-12
35150.036873	49.533919	-63.295441	1.98226435430995e-11	4.44289791520378e-12	-4.44289791520378e-12
35251.959389	45.396843	-52.388597	2.2210810921963e-11	4.98984890116668e-12	-4.98984890116668e-12
35324.932423	32.599488	-27.576192	3.55322853160405e-11	7.96385492127628e-12	-7.96385492127628e-12
35415.936024	39.381388	-58.404112	2.14333430663826e-11	4.79266640239108e-12	-4.79266640239108e-12
35491.416406	31.598666	-36.098994	3.10804407707027e-11	6.96610498852232e-12	-6.96610498852232e-12
35580.161244	75.741848	-57.146172	1.61668851086901e-11	3.63201807212826e-12	-3.63201807212826e-12
35702.390276	43.776295	-46.487185	2.70138997652589e-11	5.7716075162371e-12	-5.7716075162371e-12
35795.928299	40.501812	-49.761728	2.42240148478214e-11	5.42931367849344e-12	-5.42931367849344e-12
35891.829274	52.415538	-55.399162	1.99124241620195e-11	4.48395925783603e-12	-4.48395925783603e-12
36004.278710	50.288141	-60.033899	1.92174940253363e-11	4.31731819566866e-12	-4.31731819566866e-12
36093.541210	33.737842	-38.974358	3.03318917277248e-11	6.63376888756945e-12	-6.63376888756945e-12
36210.240121	72.492630	-82.961070	1.31994725095177e-11	2.98633191788322e-12	-2.98633191788322e-12
36347.148920	58.429272	-64.416168	1.69025391225807e-11	3.78841709980328e-12	-3.78841709980328e-12
40067.159071	64.296260	-103.693800	9.73177464324408e-12	2.52183187462803e-12	-2.52183187462803e-12
40201.893066	52.420725	-70.437735	1.7824318874388e-11	4.01815231958156e-12	-4.01815231958156e-12
40319.478531	77.752321	-65.164739	1.57196893601188e-11	3.54368515655512e-12	-3.54368515655512e-12
40453.511021	33.983190	-56.280169	2.54214153811919e-11	5.74636390702042e-12	-5.74636390702042e-12
40565.962678	51.912074	-78.468466	1.68313275024833e-11	3.77377012844368e-12	-3.77377012844368e-12
40711.389086	49.402745	-93.514335	1.42951065836155e-11	3.2225343700889e-12	-3.2225343700889e-12
40813.308872	50.283020	-52.517040	1.98161363808417e-11	4.46722525477985e-12	-4.46722525477985e-12
40901.821536	42.004556	-38.229644	2.57749935028238e-11	5.77909670200022e-12	-5.77909670200022e-12
40998.971738	65.205674	-55.145646	1.69933603252884e-11	3.87299390990023e-12	-3.87299390990023e-12
41137.891306	36.608186	-73.713895	2.04703633306888e-11	4.46694626588789e-12	-4.46694626588789e-12
41262.733516	84.771136	-88.234024	1.27432458406238e-11	2.86498147065687e-12	-2.86498147065687e-12
41423.695938	84.277193	-76.191287	1.30847698653246e-11	2.98217823973866e-12	-2.98217823973866e-12
41546.196794	62.069138	-38.223662	2.06302018189345e-11	4.62549271970922e-12	-4.62549271970922e-12
41648.500403	47.521729	-40.234471	2.35268173222557e-11	5.30364580448789e-12	-5.30364580448789e-12
41738.134989	40.628642	-42.112858	2.50679885022227e-11	5.65115521234402e-12	-5.65115521234402e-12
41849.564834	79.637898	-70.801202	1.39404683374193e-11	3.11716694818157e-12	-3.11716694818157e-12
41964.298196	47.646036	-35.095464	2.51478005926361e-11	5.68462071379297e-12	-5.68462071379297e-12
42090.064329	77.317643	-78.120097	1.6218816330089e-11	3.31806417593971e-12	-3.31806417593971e-12
62843.661345	56.933627	-103.534253	9.71337464235566e-12	2.53026806272689e-12	-2.53026806272689e-12
62992.425034	96.218398	-91.830062	8.23955835565659e-12	2.15910855137584e-12	-2.15910855137584e-12
63190.826751	85.865141	-102.183319	8.33022324821424e-12	2.16349023035589e-12	-2.16349023035589e-12
63359.662121	105.078351	-82.970229	8.28288775050276e-12	2.17046266319836e-12	-2.17046266319836e-12
63558.618413	79.126778	-93.877942	1.21431803535093e-11	2.73333890797192e-12	-2.73333890797192e-12
63751.464780	106.924172	-113.719588	7.17055196056039e-12	1.86235782132371e-12	-1.86235782132371e-12
63977.282816	155.787536	-118.893864	1.14070248486499e-11	2.56763916330486e-12	-2.56763916330486e-12
64386.350401	136.630990	-253.280050	1.15395046471759e-11	2.58596082458753e-12	-2.58596082458753e-12
64946.724216	369.942575	-423.742824	9.81316357172664e-12	1.67160154191542e-12	-1.67160154191542e-12
68655.205055	133.059977	-85.076452	1.0600654007263e-11	2.51873036338533e-12	-2.51873036338533e-12
68926.719435	77.174836	-138.454404	9.10730269486995e-12	2.36667093679323e-12	-2.36667093679323e-12
69119.210215	82.762117	-115.315943	1.36463511277538e-11	3.06611257440949e-12	-3.06611257440949e-12
69292.286540	110.271252	-90.314208	1.03357433459487e-11	2.69450830240113e-12	-2.69450830240113e-12
69691.743585	277.943799	-289.185793	1.04712196019278e-11	2.3872532526592e-12	-2.3872532526592e-12
70583.273366	516.802418	-613.585982	1.05539125140151e-11	2.03000505268552e-12	-2.03000505268552e-12
74493.718262	141.200250	-162.184851	7.75051969803244e-12	2.02719764252806e-12	-2.02719764252806e-12
74824.318123	159.117729	-189.399611	6.65441131314373e-12	1.74051249218561e-12	-1.74051249218561e-12
75250.570968	402.558775	-267.135117	7.14683294088263e-12	1.63346099232242e-12	-1.63346099232242e-12
76228.314102	655.715621	-575.184359	7.09887450918851e-12	1.5268777374919e-12	-1.5268777374919e-12
80165.170537	81.340014	-84.142786	9.23367915712345e-12	2.4191766040335e-12	-2.4191766040335e-12
80331.649203	112.939429	-85.138652	7.73678064603705e-12	2.02108035184056e-12	-2.02108035184056e-12
80524.002514	96.098318	-79.413882	9.92331722082413e-12	2.43161917716793e-12	-2.43161917716793e-12
80724.142927	68.962844	-104.042096	8.96029757021301e-12	2.32023434918807e-12	-2.32023434918807e-12
80929.212809	117.132223	-136.107037	6.07832706367679e-12	1.58779045031237e-12	-1.58779045031237e-12
81181.301395	207.687208	-134.956364	9.69658938156216e-12	2.18243968483924e-12	-2.18243968483924e-12
81575.870450	168.578902	-186.881846	1.36021295408737e-11	3.04816626726213e-12	-3.04816626726213e-12
82218.437038	443.559953	-473.987687	7.05598563855654e-12	1.35056667407839e-12	-1.35056667407839e-12
86041.318265	85.849107	-167.389373	6.1531594218156e-12	1.60736012270763e-12	-1.60736012270763e-12
86351.662483	126.529269	-224.495111	4.42672555708604e-12	1.15974289491022e-12	-1.15974289491022e-12
86651.399780	175.309251	-173.208029	4.42042846253645e-12	1.16842151688474e-12	-1.16842151688474e-12
86937.917287	106.928544	-111.208256	7.12440816128637e-12	1.86650789806084e-12	-1.86650789806084e-12
87131.335137	73.979215	-86.489305	9.68318572952379e-12	2.53686393345904e-12	-2.53686393345904e-12
87856.318184	592.386759	-651.003833	7.20441159971926e-12	1.16818460524156e-12	-1.16818460524156e-12
91883.120290	145.218322	-163.181338	6.14004979117874e-12	1.60071734884572e-12	-1.60071734884572e-12
92231.613146	210.432766	-203.274534	4.517666797761e-12	1.19321793903422e-12	-1.19321793903422e-12
92592.867258	129.998313	-150.821347	6.75288390430009e-12	1.75481059979805e-12	-1.75481059979805e-12
92902.106103	109.101208	-179.240532	6.50636787565566e-12	1.70730860296949e-12	-1.70730860296949e-12
93230.730539	106.428513	-219.523227	5.7487535064847e-12	1.50852239563664e-12	-1.50852239563664e-12
93531.268312	114.291260	-194.109260	6.08868158408146e-12	1.592521157933e-12	-1.592521157933e-12
93923.218068	309.035484	-277.658496	5.79398196166403e-12	1.14211008506824e-12	-1.14211008506824e-12
97707.605790	78.833882	-186.941298	6.7498318476949e-12	1.76572858934637e-12	-1.76572858934637e-12
97888.473875	75.985357	-102.034203	1.02344600173777e-11	2.6511480270082e-12	-2.6511480270082e-12
98152.053758	108.269074	-187.594526	5.84399079449492e-12	1.53892994187489e-12	-1.53892994187489e-12
98360.832889	152.729283	-100.510057	6.63891569050165e-12	1.7482649666283e-12	-1.7482649666283e-12
98766.612574	145.613697	-253.050403	4.20761256529445e-12	1.08494262662971e-12	-1.08494262662971e-12
99102.670356	112.941976	-190.444084	5.0246107247861e-12	1.31881599410478e-12	-1.31881599410478e-12
99758.758234	256.669758	-543.145902	4.43968787932788e-12	7.5893602219629e-13	-7.5893602219629e-13
103563.253087	128.351084	-285.355476	4.75953477215501e-12	1.25114562928023e-12	-1.25114562928023e-12
103848.090010	187.016682	-156.485838	5.79626441590296e-12	1.50732783586163e-12	-1.50732783586163e-12
104232.199117	206.585995	-197.092425	4.91567575701636e-12	1.28288348994098e-12	-1.28288348994098e-12
104594.945060	217.430851	-156.159949	5.27646720100818e-12	1.38711538658687e-12	-1.38711538658687e-12
104981.091070	97.061002	-168.715158	7.5092204195073e-12	1.94930356008627e-12	-1.94930356008627e-12
105287.145109	116.958663	-208.993037	6.06811546676109e-12	1.58946975489362e-12	-1.58946975489362e-12
105627.329571	170.423280	-223.225800	6.05360069102136e-12	1.44186471816919e-12	-1.44186471816919e-12
109137.105040	192.185532	-128.750649	5.03204987041133e-12	1.30863792775654e-12	-1.30863792775654e-12
109485.116685	180.154087	-155.826113	4.8239396505373e-12	1.24998640521603e-12	-1.24998640521603e-12
109762.625009	108.245702	-97.354238	7.89391534898925e-12	2.04918547805427e-12	-2.04918547805427e-12
110018.841816	137.863076	-147.971104	5.70006371263489e-12	1.4797189000227e-12	-1.4797189000227e-12
110361.293716	209.118795	-204.588824	3.93785924567113e-12	1.02778323962639e-12	-1.02778323962639e-12
110778.718295	150.241016	-208.305784	4.56764376851564e-12	1.19215578056697e-12	-1.19215578056697e-12
111190.713405	390.130787	-261.754093	3.85978106076995e-12	8.10532297737976e-13	-8.10532297737976e-13
115048.822157	144.886094	-226.742154	6.26794562242631e-12	1.62981456753956e-12	-1.62981456753956e-12
115349.679517	230.155255	-155.971265	5.12585369447614e-12	1.34235730307532e-12	-1.34235730307532e-12
115842.406517	231.369655	-262.571745	3.99268910844236e-12	1.04753766323054e-12	-1.04753766323054e-12
116327.834625	239.883426	-254.058454	3.99298075225873e-12	1.04759444885886e-12	-1.04759444885886e-12
116884.524972	477.997220	-316.806920	2.48213919782085e-12	6.51238283875026e-13	-6.51238283875026e-13
120921.912648	130.833144	-124.912856	6.31327290906299e-12	1.64937769443778e-12	-1.64937769443778e-12
121202.740887	138.346164	-149.995096	5.58330788983817e-12	1.45007123730463e-12	-1.45007123730463e-12
121554.186046	260.783926	-213.098994	3.36505449949886e-12	8.80895086461376e-13	-8.80895086461376e-13
122196.003342	295.942850	-381.033370	2.36485843952352e-12	6.21487296160799e-13	-6.21487296160799e-13
122815.232871	331.107461	-323.286679	4.47312500987665e-12	8.68482202921788e-13	-8.68482202921788e-13
126755.010055	305.550757	-173.346483	3.51340694074924e-12	9.25584509337331e-13	-9.25584509337331e-13
127235.445949	181.153822	-174.885138	4.76819925606412e-12	1.25355973353421e-12	-1.25355973353421e-12
127591.320227	166.274865	-174.720455	4.9768621667626e-12	1.31376300164712e-12	-1.31376300164712e-12
127982.074015	276.985156	-224.478924	3.42068809880793e-12	8.93860697451284e-13	-8.93860697451284e-13
128708.377780	220.118592	-449.318608	3.56445763645485e-12	7.90187499169392e-13	-7.90187499169392e-13
132861.181174	129.152937	-146.651603	5.94312450309554e-12	1.55655356204279e-12	-1.55655356204279e-12
133239.425982	187.181429	-249.091871	3.77355648887239e-12	9.82317682742194e-13	-9.82317682742194e-13
133678.729965	161.585226	-252.122554	3.97185652303771e-12	1.03391637943596e-12	-1.03391637943596e-12
134189.791905	520.548467	-349.476713	3.25739631347553e-12	6.46440046083051e-13	-6.46440046083051e-13
138654.555548	292.898804	-359.003756	2.45837706891932e-12	6.44963244125434e-13	-6.44963244125434e-13
139176.448035	227.338577	-228.993683	3.51318916464046e-12	9.19838379255527e-13	-9.19838379255527e-13
140024.024949	470.428943	-620.238337	1.84227387517956e-12	4.35745685224997e-13	-4.35745685224997e-13
144006.236694	399.389798	-262.541862	2.54906994873447e-12	6.71048783443879e-13	-6.71048783443879e-13
144723.462666	316.515606	-317.836174	2.66169829655213e-12	7.04487706785526e-13	-7.04487706785526e-13
145299.231529	252.240342	-259.253257	3.33598382719791e-12	8.72016140297015e-13	-8.72016140297015e-13
145922.236216	353.831616	-370.764344	2.96210959203417e-12	6.8825108120605e-13	-6.8825108120605e-13
149823.675862	280.178750	-316.562530	3.13226953442559e-12	8.1447001291617e-13	-8.1447001291617e-13
150490.536750	327.903902	-386.682138	2.58379756852208e-12	6.75406290722099e-13	-6.75406290722099e-13
151395.668971	665.563253	-577.228319	2.7127067274056e-12	6.10493203518955e-13	-6.10493203518955e-13
155629.196388	182.021523	-304.397957	3.25776711424279e-12	8.55943332382237e-13	-8.55943332382237e-13
156099.886034	300.551798	-288.668122	2.68170812458072e-12	7.05923376057043e-13	-7.05923376057043e-13
156997.649772	846.163211	-597.211940	2.19121767248489e-12	5.43971993741745e-13	-5.43971993741745e-13
161502.130356	620.642376	-404.850904	1.49666286960738e-12	4.0232773227933e-13	-4.0232773227933e-13
162771.782605	851.002458	-649.009874	3.05307012570233e-12	6.78851272942068e-13	-6.78851272942068e-13
170303.712542	4776.596982	-3489.276150	1.34024501867383e-12	3.2863427817492e-13	-3.2863427817492e-13
180265.580162	579.525149	-751.851151	1.47724692931118e-12	3.54293768140223e-13	-3.54293768140223e-13
188472.175661	3531.350751	-3138.446429	1.43070051255256e-12	3.02592833435577e-13	-3.02592833435577e-13
200390.163656	3195.668876	-3476.795864	1.10924149056037e-12	2.79812003131667e-13	-2.79812003131667e-13
211636.946557	3526.764755	-3203.216265	1.27797174243024e-12	3.06568950441873e-13	-3.06568950441873e-13
223693.544984	3411.386948	-3679.984992	1.29326987844955e-12	2.63580896498663e-13	-2.63580896498663e-13
231991.038978	933.511614	-395.357386	1.19015172942279e-12	3.19454314023854e-13	-3.19454314023854e-13
239088.028254	4293.064018	-1673.419042	1.16491659011889e-12	3.12407706793977e-13	-3.12407706793977e-13
243985.963425	508.368927	-604.871153	1.46341890913747e-12	3.94080182243999e-13	-3.94080182243999e-13
253493.085122	2532.740061	-4555.271330	1.00609620129132e-12	2.28787700374537e-13	-2.28787700374537e-13
264159.517576	3444.842616	-3641.699544	1.16299491358582e-12	2.54541110162156e-13	-2.54541110162156e-13
274399.308398	4785.889894	-2303.625386	8.78677524638144e-13	2.20269570725546e-13	-2.20269570725546e-13
287512.979690	3252.619941	-3836.235799	9.16526254332898e-13	2.25753879269034e-13	-2.25753879269034e-13
303876.536587	4227.471065	-8623.189935	6.5507615775496e-13	1.4796818424215e-13	-1.4796818424215e-13
316119.880798	3564.459394	-3524.399626	9.77461542756606e-13	2.52304888132211e-13	-2.52304888132211e-13
327943.751607	9080.247405	-3768.475735	6.32521235886443e-13	1.44790669550455e-13	-1.44790669550455e-13
377125.904834	11918.289638	-12452.775482	3.49389718763298e-13	8.91423995563685e-14	-8.91423995563685e-14
398959.426743	7424.201949	-5359.692131	6.10483685318597e-13	1.54078933212922e-13	-1.54078933212922e-13
423143.372981	16661.807971	-12210.420089	3.50198808146542e-13	8.99941637633292e-14	-8.99941637633292e-14
453292.919552	10212.812660	-8751.587080	3.69412542075559e-13	9.42300361365222e-14	-9.42300361365222e-14
472352.676797	8550.781475	-4651.677094	3.7626074629726e-13	9.94025657188233e-14	-9.94025657188233e-14
498459.052240	11064.561532	-13411.449928	2.62458854691627e-13	6.94213688172892e-14	-6.94213688172892e-14
525591.393789	12853.140043	-11622.120017	3.54159657673932e-13	9.14287381860006e-14	-9.14287381860006e-14
545508.221276	4517.409755	-2613.220925	6.73365431709037e-13	1.82209408814846e-13	-1.82209408814846e-13
563058.675133	10125.139059	-8654.943581	3.25390034579892e-13	8.87778267537071e-14	-8.87778267537071e-14
595356.603345	18208.526126	-17784.991474	1.79152347887508e-13	5.10009271936489e-14	-5.10009271936489e-14
635152.037161	24672.261450	-17079.154450	1.59301072698599e-13	4.51183537300734e-14	-4.51183537300734e-14
673404.313949	9581.406682	-9049.026218	3.13214778814065e-13	8.82073534898949e-14	-8.82073534898949e-14
712010.903769	28814.649723	-24590.161897	1.44448855494462e-13	3.81737834918012e-14	-3.81737834918012e-14
764013.177388	23071.604163	-18730.898097	1.73005836696352e-13	4.75156875433642e-14	-4.75156875433642e-14
812985.704846	14538.564326	-21443.306634	2.02964799250515e-13	5.56393662425265e-14	-5.56393662425265e-14
848086.966747	19937.580325	-16054.966555	1.83201669196146e-13	5.25491940483964e-14	-5.25491940483964e-14
897390.578834	22654.331458	-24932.030902	1.84387551698219e-13	4.75028932207285e-14	-4.75028932207285e-14
964745.733851	42059.423460	-40203.131720	1.02012049579186e-13	2.9407908696006e-14	-2.9407908696006e-14
1060527.931551	38536.168480	-49273.788588	1.24675585483033e-13	3.25856643876108e-14	-3.25856643876108e-14
1305058.625152	66005.635779	-114522.460621	8.37179779684114e-14	2.49710520491986e-14	-2.49710520491986e-14
1442627.659048	90436.373963	-67041.517457	6.1927255425705e-14	1.94522989209968e-14	-1.94522989209968e-14
