READ TERR 1 2
NO	NO	NO	NO	NO	NO
!Time	Poserr	Negerr	Flux	PosErr	NegErr
!XRT wt mode data
87.509924	0.375878	-0.422938	1.50517295287719e-08	1.84299319657305e-09	-1.84299319657305e-09
88.286024	0.434186	-0.400222	1.4258064664915e-08	1.78011875452689e-09	-1.78011875452689e-09
89.006170	0.324284	-0.285959	1.95845114688449e-08	2.44512540017696e-09	-2.44512540017696e-09
89.791482	0.540623	-0.461028	1.19907262891263e-08	1.49704166420246e-09	-1.49704166420246e-09
90.788674	0.449006	-0.456569	1.33045533873129e-08	1.67744713360108e-09	-1.67744713360108e-09
91.685782	0.521525	-0.448102	1.269897039212e-08	1.60109478697457e-09	-1.60109478697457e-09
92.582625	0.379034	-0.375318	1.68098267340482e-08	2.09870614380964e-09	-2.09870614380964e-09
93.298734	0.301631	-0.337074	1.97610484785548e-08	2.467166059875e-09	-2.467166059875e-09
94.056053	0.286182	-0.455688	1.66934927433932e-08	2.08418184825569e-09	-2.08418184825569e-09
94.809269	0.408291	-0.467034	1.36699447115918e-08	1.74060052288956e-09	-1.74060052288956e-09
95.564594	0.353946	-0.347033	1.74138275500579e-08	2.15300831096747e-09	-2.15300831096747e-09
96.365322	0.424993	-0.446783	1.40616341132042e-08	1.74208526773176e-09	-1.74208526773176e-09
97.157430	0.378341	-0.367115	1.63807773933523e-08	2.0057270619635e-09	-2.0057270619635e-09
97.903139	0.379859	-0.367368	1.58497309805955e-08	1.97883819208129e-09	-1.97883819208129e-09
98.609661	0.463277	-0.326663	1.48976316298981e-08	1.8419112693881e-09	-1.8419112693881e-09
99.547209	0.397504	-0.474271	1.2954785849211e-08	1.63334815074964e-09	-1.63334815074964e-09
100.230015	0.392547	-0.285302	1.66594025083974e-08	2.02024927898792e-09	-2.02024927898792e-09
100.955135	0.379075	-0.332572	1.53460364510438e-08	1.88302088101516e-09	-1.88302088101516e-09
101.657877	0.370181	-0.323668	1.55812765765014e-08	1.92643566843071e-09	-1.92643566843071e-09
102.339367	0.275805	-0.311308	1.86933169907303e-08	2.31120164589405e-09	-2.31120164589405e-09
102.962791	0.383605	-0.347619	1.5317010955763e-08	1.87547528880707e-09	-1.87547528880707e-09
103.665746	0.298009	-0.319350	1.8292008886312e-08	2.23974580939626e-09	-2.23974580939626e-09
104.400367	0.347975	-0.436612	1.4516828805422e-08	1.777497885282e-09	-1.777497885282e-09
105.156049	0.337741	-0.407707	1.51367908596478e-08	1.85734559005471e-09	-1.85734559005471e-09
105.832294	0.430082	-0.338504	1.40876086295479e-08	1.74176173847951e-09	-1.74176173847951e-09
106.709881	0.481202	-0.447505	1.1323277213224e-08	1.39998574762178e-09	-1.39998574762178e-09
107.575926	0.381963	-0.384843	1.3315653868401e-08	1.67884666184711e-09	-1.67884666184711e-09
108.463411	0.423169	-0.505522	1.10802325185285e-08	1.35670745035873e-09	-1.35670745035873e-09
109.355149	0.340914	-0.468569	1.24820170913812e-08	1.52834749048893e-09	-1.52834749048893e-09
110.087987	0.422934	-0.391924	1.23909924650491e-08	1.51720204367034e-09	-1.51720204367034e-09
110.766978	0.338173	-0.256057	1.74692535933436e-08	2.11845815774624e-09	-2.11845815774624e-09
111.511974	0.361758	-0.406823	1.35593381630904e-08	1.67644754067358e-09	-1.67644754067358e-09
112.296172	0.346131	-0.422439	1.3737328975976e-08	1.69845389019096e-09	-1.69845389019096e-09
113.061360	0.436705	-0.419057	1.27779260562526e-08	1.55298298327207e-09	-1.55298298327207e-09
113.903402	0.375703	-0.405337	1.30183734475946e-08	1.67416012761775e-09	-1.67416012761775e-09
114.696190	0.451133	-0.417085	1.20582789989205e-08	1.46228110613228e-09	-1.46228110613228e-09
115.510613	0.382167	-0.363291	1.37160214817103e-08	1.72932530673424e-09	-1.72932530673424e-09
116.345749	0.372532	-0.452970	1.29671628456417e-08	1.57249946349446e-09	-1.57249946349446e-09
117.173705	0.542666	-0.455423	1.07900328190274e-08	1.32117420771693e-09	-1.32117420771693e-09
118.122611	0.330321	-0.406241	1.48386804658202e-08	1.81690664691383e-09	-1.81690664691383e-09
118.911088	0.383371	-0.458155	1.31518969312503e-08	1.59490177365827e-09	-1.59490177365827e-09
119.816313	0.504704	-0.521854	1.06596262629753e-08	1.30520671670433e-09	-1.30520671670433e-09
120.755936	0.356796	-0.434919	1.3639795672531e-08	1.67011043917156e-09	-1.67011043917156e-09
121.617438	0.571672	-0.504707	9.62481735653487e-09	1.1899918180991e-09	-1.1899918180991e-09
122.744871	0.467221	-0.555761	9.78380165402745e-09	1.22150720629201e-09	-1.22150720629201e-09
123.656031	0.450948	-0.443939	1.14366459015535e-08	1.400348078151e-09	-1.400348078151e-09
124.617404	0.478767	-0.510425	1.04163659469017e-08	1.26316994154794e-09	-1.26316994154794e-09
125.546991	0.403141	-0.450820	1.19630534997684e-08	1.45073333942824e-09	-1.45073333942824e-09
126.519731	0.449832	-0.569600	1.00411397364386e-08	1.22947678781632e-09	-1.22947678781632e-09
127.460939	0.480046	-0.491376	1.06987907478021e-08	1.33574353673505e-09	-1.33574353673505e-09
128.407209	0.603035	-0.466224	1.00054310474048e-08	1.23705005063107e-09	-1.23705005063107e-09
129.465757	0.496320	-0.455513	1.10546004771656e-08	1.38016638210775e-09	-1.38016638210775e-09
130.466068	0.428259	-0.503990	1.13690341230238e-08	1.39206944585659e-09	-1.39206944585659e-09
131.338994	0.459132	-0.444668	1.12769467837732e-08	1.40792627908032e-09	-1.40792627908032e-09
132.313855	0.727885	-0.515728	8.09549190797952e-09	1.000909290595e-09	-1.000909290595e-09
133.630995	0.501335	-0.589255	9.4268170112517e-09	1.16551147513197e-09	-1.16551147513197e-09
134.494313	0.404822	-0.361984	1.3779918582968e-08	1.67106060638386e-09	-1.67106060638386e-09
135.383272	0.474816	-0.484137	1.09554910963274e-08	1.35451344923594e-09	-1.35451344923594e-09
136.515080	0.510104	-0.656992	8.99778611012933e-09	1.12337320617022e-09	-1.12337320617022e-09
137.646896	0.456439	-0.621712	9.89097089308781e-09	1.21108954129187e-09	-1.21108954129187e-09
138.730285	0.579284	-0.626951	8.74183779822004e-09	1.08082212468993e-09	-1.08082212468993e-09
139.823478	0.396990	-0.513909	1.1603406201757e-08	1.40711967114892e-09	-1.40711967114892e-09
140.678629	0.433180	-0.458161	1.13296614817477e-08	1.38817285433142e-09	-1.38817285433142e-09
141.362221	0.267316	-0.250412	9.58156803885637e-09	1.09469843935968e-09	-1.09469843935968e-09
141.864381	0.297116	-0.234844	8.13842571530872e-09	9.97164969425374e-10	-9.97164969425374e-10
142.423084	0.249025	-0.261586	9.51125166027909e-09	1.10858458835467e-09	-1.10858458835467e-09
142.930826	0.257231	-0.258717	9.16836439677461e-09	1.08808466534048e-09	-1.08808466534048e-09
143.469626	0.241496	-0.281569	9.43512092378523e-09	1.11193968964485e-09	-1.11193968964485e-09
143.960620	0.280674	-0.249498	9.47446037882563e-09	1.10138364549102e-09	-1.10138364549102e-09
144.521229	0.291158	-0.279935	7.55908367326782e-09	9.45653490987571e-10	-9.45653490987571e-10
145.054311	0.284698	-0.241925	8.21396057592385e-09	1.00641993969825e-09	-1.00641993969825e-09
145.643895	0.289346	-0.304885	7.65735700709065e-09	9.28590947128426e-10	-9.28590947128426e-10
146.243434	0.275141	-0.310193	7.77061952185961e-09	9.52099338627458e-10	-9.52099338627458e-10
146.810562	0.252425	-0.291987	8.12059766577326e-09	9.84767107622592e-10	-9.84767107622592e-10
147.309883	0.290392	-0.246896	8.20114320042287e-09	1.00484947146234e-09	-1.00484947146234e-09
147.898119	0.324846	-0.297844	7.57236887041904e-09	9.37484257258504e-10	-9.37484257258504e-10
148.487456	0.274586	-0.264491	8.81521541168104e-09	1.10279762979054e-09	-1.10279762979054e-09
149.027803	0.285771	-0.265761	8.39641616319825e-09	1.0182150264866e-09	-1.0182150264866e-09
149.619451	0.295474	-0.305877	7.51982156541105e-09	9.23929254485109e-10	-9.23929254485109e-10
150.225987	0.324076	-0.311062	7.25140883096567e-09	8.79362488167859e-10	-8.79362488167859e-10
150.819271	0.262742	-0.269208	8.70134712537767e-09	1.05519335589467e-09	-1.05519335589467e-09
151.361446	0.307681	-0.279433	7.54887646433332e-09	9.24930115066664e-10	-9.24930115066664e-10
151.969226	0.276340	-0.300100	7.58350148236583e-09	9.19634611966305e-10	-9.19634611966305e-10
152.547490	0.286969	-0.301924	7.71715641265251e-09	9.35842670321803e-10	-9.35842670321803e-10
153.112055	0.263259	-0.277596	8.55585333821912e-09	1.04831052908529e-09	-1.04831052908529e-09
153.652017	0.317516	-0.276703	7.75757534479765e-09	9.50501070756453e-10	-9.50501070756453e-10
154.235111	0.282385	-0.265579	8.30967683351096e-09	1.02876541059162e-09	-1.02876541059162e-09
154.810319	0.306733	-0.292823	7.44210947278015e-09	9.11848414520508e-10	-9.11848414520508e-10
155.439289	0.341375	-0.322237	6.5032237141975e-09	7.96810961291394e-10	-7.96810961291394e-10
156.087583	0.410072	-0.306919	5.7742350074413e-09	7.18356007426141e-10	-7.18356007426141e-10
156.788077	0.277121	-0.290422	7.51755683115104e-09	9.21092663337259e-10	-9.21092663337259e-10
157.399638	0.318498	-0.334441	6.62786263580491e-09	8.03746414499595e-10	-8.03746414499595e-10
157.956132	0.293955	-0.237996	5.54410837652021e-09	8.33329810292441e-10	-8.33329810292441e-10
158.507383	0.304904	-0.257296	5.64705670284301e-09	8.06722361025022e-10	-8.06722361025022e-10
159.106918	0.272912	-0.294631	7.82304684324051e-09	9.48683789849896e-10	-9.48683789849896e-10
159.660669	0.295600	-0.280839	7.69306947505336e-09	9.32921713277684e-10	-9.32921713277684e-10
160.241051	0.264971	-0.284781	7.9825044626385e-09	9.68020842816892e-10	-9.68020842816892e-10
160.767342	0.299107	-0.261320	7.68460006279672e-09	9.51378817135063e-10	-9.51378817135063e-10
161.378683	0.413653	-0.312234	6.06127208456826e-09	7.35037216718266e-10	-7.35037216718266e-10
162.142659	0.309722	-0.350323	6.5366116907721e-09	8.00901861515086e-10	-8.00901861515086e-10
162.791185	0.307014	-0.338803	6.74536086446445e-09	8.17995136418769e-10	-8.17995136418769e-10
163.384019	0.239023	-0.285820	5.98844714984063e-09	8.77099753539745e-10	-8.77099753539745e-10
163.937257	0.315600	-0.314214	7.24192513336176e-09	8.96574220063059e-10	-8.96574220063059e-10
164.596640	0.366092	-0.343784	6.33661407496141e-09	7.68427320530502e-10	-7.68427320530502e-10
165.245479	0.252761	-0.282747	5.33099748264677e-09	8.07203517718078e-10	-8.07203517718078e-10
165.814169	0.326328	-0.315929	6.62002015444273e-09	8.19580346616654e-10	-8.19580346616654e-10
166.423742	0.382150	-0.283245	6.55286382192372e-09	7.94651435797373e-10	-7.94651435797373e-10
167.123660	0.306708	-0.317768	6.96952650936611e-09	8.53944972010035e-10	-8.53944972010035e-10
167.686709	0.330773	-0.256340	5.91581404677183e-09	8.05040339538282e-10	-8.05040339538282e-10
168.340957	0.316997	-0.323475	6.79376237267046e-09	8.2386470202341e-10	-8.2386470202341e-10
168.966546	0.355002	-0.308591	6.44986746622616e-09	7.9027346987854e-10	-7.9027346987854e-10
169.584804	0.270483	-0.263257	6.03491554817802e-09	8.6213079259686e-10	-8.6213079259686e-10
170.156536	0.392613	-0.301249	6.75235530094327e-09	8.18843347191239e-10	-8.18843347191239e-10
170.809535	0.262679	-0.260385	5.66090588882615e-09	8.43878007330713e-10	-8.43878007330713e-10
171.336303	0.308789	-0.264088	4.90467399543053e-09	7.42650916487702e-10	-7.42650916487702e-10
171.977473	0.297419	-0.332382	4.66231802400759e-09	6.95017338207432e-10	-6.95017338207432e-10
172.589100	0.283578	-0.314207	4.93925216211333e-09	7.59754420637607e-10	-7.59754420637607e-10
173.246001	0.327655	-0.373324	4.14637816179633e-09	6.37794795779193e-10	-6.37794795779193e-10
173.842536	0.257744	-0.268879	5.42916438987852e-09	8.22067690747336e-10	-8.22067690747336e-10
174.409343	0.297621	-0.309064	4.68897668994688e-09	6.98991382581816e-10	-6.98991382581816e-10
175.022952	0.265788	-0.315988	4.82912893168949e-09	7.31212114601504e-10	-7.31212114601504e-10
175.555493	0.245637	-0.266752	5.62546188680858e-09	8.4219389375679e-10	-8.4219389375679e-10
176.093667	0.266099	-0.292538	5.17663319774902e-09	7.71686939355083e-10	-7.71686939355083e-10
176.685341	0.281102	-0.325575	4.91224927991798e-09	7.38355662482272e-10	-7.38355662482272e-10
177.237087	0.273771	-0.270644	5.2885924462947e-09	7.88376802827135e-10	-7.88376802827135e-10
177.810909	0.281726	-0.300051	4.82544568440906e-09	7.30654416837945e-10	-7.30654416837945e-10
178.354730	0.262749	-0.262095	5.6728488563494e-09	8.27470078229763e-10	-8.27470078229763e-10
178.897347	0.243192	-0.279869	5.47724391885079e-09	8.16499337794967e-10	-8.16499337794967e-10
179.428358	0.238795	-0.287818	5.57412965030251e-09	8.30942165281453e-10	-8.30942165281453e-10
179.957792	0.307145	-0.290639	5.03091087509032e-09	7.49963902421855e-10	-7.49963902421855e-10
180.637438	0.335594	-0.372501	4.17473052459524e-09	6.22332096744583e-10	-6.22332096744583e-10
181.303760	0.275956	-0.330728	4.74217474619948e-09	7.06921696119859e-10	-7.06921696119859e-10
181.854719	0.235593	-0.275004	5.69196404372578e-09	8.39234288328784e-10	-8.39234288328784e-10
182.372402	0.329921	-0.282089	4.65333698815565e-09	6.93678489770049e-10	-6.93678489770049e-10
183.013521	0.313266	-0.311198	4.51368030072657e-09	6.83447844142175e-10	-6.83447844142175e-10
183.602732	0.238215	-0.275944	5.66088642533246e-09	8.34652162021439e-10	-8.34652162021439e-10
184.103675	0.260344	-0.262729	5.4334499630506e-09	8.09970926879032e-10	-8.09970926879032e-10
184.655965	0.318298	-0.291945	4.55488468650832e-09	7.00631126595951e-10	-7.00631126595951e-10
185.211858	0.331727	-0.237596	5.02260703622622e-09	7.48726071485399e-10	-7.48726071485399e-10
185.898725	0.290685	-0.355140	4.47967744158729e-09	6.67790907729331e-10	-6.67790907729331e-10
186.491632	0.377383	-0.302222	6.53142056713498e-09	7.92051083363382e-10	-7.92051083363382e-10
187.135558	0.272540	-0.266543	5.24917191678922e-09	8.0742620579487e-10	-8.0742620579487e-10
187.766537	0.299839	-0.358440	4.33865871288892e-09	6.46769062874672e-10	-6.46769062874672e-10
188.434264	0.247692	-0.367888	4.57078912715951e-09	6.92095068980351e-10	-6.92095068980351e-10
188.988836	0.290909	-0.306879	4.6387867745908e-09	7.13536958767723e-10	-7.13536958767723e-10
189.614030	0.288390	-0.334286	4.45114636320087e-09	6.84674148235993e-10	-6.84674148235993e-10
190.184812	0.229989	-0.282391	5.53247188733693e-09	8.41124188553673e-10	-8.41124188553673e-10
190.705999	0.238980	-0.291198	5.73503712336159e-09	8.27781276362221e-10	-8.27781276362221e-10
191.214382	0.285686	-0.269403	5.16437420436997e-09	7.69859454078164e-10	-7.69859454078164e-10
191.831915	0.312200	-0.331847	4.39871404353245e-09	6.66040004801162e-10	-6.66040004801162e-10
192.409878	0.244848	-0.265763	5.52115246007554e-09	8.3599620686777e-10	-8.3599620686777e-10
193.010223	0.258304	-0.355497	4.62853490160861e-09	6.89981251879973e-10	-6.89981251879973e-10
193.507444	0.287708	-0.238917	5.19733669842756e-09	8.122482892595e-10	-8.122482892595e-10
194.038823	0.302512	-0.243672	5.20187529431329e-09	7.75449806196507e-10	-7.75449806196507e-10
194.637455	0.401290	-0.296120	5.67831432956981e-09	7.23413962716998e-10	-7.23413962716998e-10
195.281240	0.268116	-0.242495	5.76793108100508e-09	8.50435030366662e-10	-8.50435030366662e-10
195.823857	0.261018	-0.274501	5.44970398701308e-09	8.12393931043969e-10	-8.12393931043969e-10
196.407871	0.299701	-0.322995	4.66758183716813e-09	7.17966169348258e-10	-7.17966169348258e-10
197.011094	0.258679	-0.303523	6.01051192190477e-09	8.53309431922744e-10	-8.53309431922744e-10
197.558093	0.273876	-0.288319	5.19294734376462e-09	7.86300394635228e-10	-7.86300394635228e-10
198.163292	0.245112	-0.331323	5.5919440558098e-09	7.9082030580286e-10	-7.9082030580286e-10
198.737199	0.309893	-0.328796	6.81086500801054e-09	8.34504899806688e-10	-8.34504899806688e-10
199.379330	0.320704	-0.332238	6.73528442807239e-09	8.16773207012942e-10	-8.16773207012942e-10
199.982870	0.240230	-0.282836	5.65426887782159e-09	8.46506655131284e-10	-8.46506655131284e-10
200.479150	0.355960	-0.256050	7.19347971651073e-09	8.813849567339e-10	-8.813849567339e-10
201.099430	0.290761	-0.264321	5.29564694714702e-09	7.89428428989929e-10	-7.89428428989929e-10
201.698690	0.269719	-0.308499	7.67412251517408e-09	9.40275947909232e-10	-9.40275947909232e-10
202.243635	0.308330	-0.275226	8.12823482285178e-09	9.85693282405143e-10	-9.85693282405143e-10
202.868679	0.302424	-0.316714	8.03303568649133e-09	9.84251983305412e-10	-9.84251983305412e-10
203.428850	0.267093	-0.257747	6.21396898642084e-09	9.34015929758543e-10	-9.34015929758543e-10
204.041367	0.316399	-0.345424	7.02926361584527e-09	8.5242341158973e-10	-8.5242341158973e-10
204.625431	0.269632	-0.267666	5.92867305309336e-09	8.81246372965481e-10	-8.81246372965481e-10
205.254073	0.267245	-0.359010	7.47249674729137e-09	9.11266159999886e-10	-9.11266159999886e-10
205.787613	0.313702	-0.266294	6.0297914474493e-09	8.83116058664992e-10	-8.83116058664992e-10
206.319393	0.287197	-0.218078	6.4508403966317e-09	9.80747496109923e-10	-9.80747496109923e-10
206.894575	0.325815	-0.287985	8.0472870388961e-09	9.7587688100933e-10	-9.7587688100933e-10
207.481178	0.260499	-0.260787	6.34585270447174e-09	9.35644914199652e-10	-9.35644914199652e-10
208.042217	0.231410	-0.300541	5.87909318087991e-09	9.04320537179728e-10	-9.04320537179728e-10
208.559799	0.327620	-0.286172	7.7359026818869e-09	9.38115999439588e-10	-9.38115999439588e-10
209.201202	0.328483	-0.313783	7.11925555611773e-09	8.72290599447881e-10	-8.72290599447881e-10
209.813667	0.274666	-0.283982	8.1997133858797e-09	9.94361320231633e-10	-9.94361320231633e-10
210.385061	0.286828	-0.296727	7.83377906522397e-09	9.69847682499308e-10	-9.69847682499308e-10
210.994238	0.287894	-0.322349	7.64340276533063e-09	9.29561550228762e-10	-9.29561550228762e-10
211.524632	0.284123	-0.242500	5.85871269195108e-09	8.67449909887862e-10	-8.67449909887862e-10
212.099174	0.243314	-0.290419	8.51130460320652e-09	1.03214726602026e-09	-1.03214726602026e-09
212.643377	0.264863	-0.300888	8.59666170691605e-09	1.04249838090526e-09	-1.04249838090526e-09
213.193546	0.300029	-0.285305	8.27892313631748e-09	1.01437951112039e-09	-1.01437951112039e-09
213.769104	0.386288	-0.275529	6.09629491324623e-09	7.87028261033338e-10	-7.87028261033338e-10
214.439289	0.308543	-0.283897	7.30307474338099e-09	8.94813141752e-10	-8.94813141752e-10
215.015658	0.285477	-0.267826	7.98467274918786e-09	9.78326306120102e-10	-9.78326306120102e-10
215.572306	0.283918	-0.271172	8.09461186643572e-09	9.91796672895592e-10	-9.91796672895592e-10
216.156583	0.329454	-0.300359	7.20152764158584e-09	8.7331352705503e-10	-8.7331352705503e-10
216.743208	0.262336	-0.257171	8.92713507084474e-09	1.07774439057886e-09	-1.07774439057886e-09
217.254772	0.268500	-0.249228	9.22508831872373e-09	1.09014050755359e-09	-1.09014050755359e-09
217.804043	0.306342	-0.280771	7.34758498147853e-09	9.19194672675767e-10	-9.19194672675767e-10
218.410619	0.288654	-0.300233	7.44823638944798e-09	9.15133858181562e-10	-9.15133858181562e-10
218.975028	0.327358	-0.275755	7.13547939434315e-09	8.83395917364217e-10	-8.83395917364217e-10
219.569302	0.263264	-0.266917	8.65973347470516e-09	1.03055165154843e-09	-1.03055165154843e-09
220.100032	0.305416	-0.267466	7.62420232000543e-09	9.24570356233655e-10	-9.24570356233655e-10
220.668129	0.265722	-0.262681	8.5436653367955e-09	1.03607159749478e-09	-1.03607159749478e-09
221.202127	0.253012	-0.268277	9.8863502122287e-09	1.14157737863098e-09	-1.14157737863098e-09
221.737742	0.288488	-0.282603	7.9875393407885e-09	9.8888369015109e-10	-9.8888369015109e-10
222.303817	0.249025	-0.277587	8.45207931227502e-09	1.04639531219681e-09	-1.04639531219681e-09
222.801087	0.264145	-0.248245	8.93544345191007e-09	1.06798974619369e-09	-1.06798974619369e-09
223.377334	0.251883	-0.312102	7.77643656297919e-09	9.43031468538195e-10	-9.43031468538195e-10
223.903369	0.238239	-0.274151	8.98309633279743e-09	1.06609738810209e-09	-1.06609738810209e-09
224.421874	0.249916	-0.280266	8.41741149177991e-09	1.03134784808383e-09	-1.03134784808383e-09
224.927481	0.258478	-0.255691	1.05517099161169e-08	1.17524983476085e-09	-1.17524983476085e-09
225.446264	0.252085	-0.260305	9.51714059784834e-09	1.10634511087146e-09	-1.10634511087146e-09
225.994330	0.287567	-0.295981	7.51515806445497e-09	9.30401381051541e-10	-9.30401381051541e-10
226.569433	0.247971	-0.287536	8.3430415985416e-09	1.01174242229357e-09	-1.01174242229357e-09
227.154435	0.342598	-0.337031	6.54680309955198e-09	7.93916504739616e-10	-7.93916504739616e-10
227.806416	0.304419	-0.309383	7.1402584475571e-09	8.65883536444908e-10	-8.65883536444908e-10
228.341204	0.271345	-0.230370	8.83621575769636e-09	1.06676800098825e-09	-1.06676800098825e-09
228.888135	0.325739	-0.275585	7.05188779961617e-09	8.73046945596714e-10	-8.73046945596714e-10
229.521523	0.291908	-0.307649	7.22980305509625e-09	8.95073441137845e-10	-8.95073441137845e-10
230.091082	0.297003	-0.277652	7.95553899882062e-09	9.74756652553163e-10	-9.74756652553163e-10
230.653335	0.241803	-0.265250	1.05200166889164e-08	1.21282500633045e-09	-1.21282500633045e-09
231.116702	0.280151	-0.221565	9.20257797084944e-09	1.12755078975178e-09	-1.12755078975178e-09
231.670904	0.309505	-0.274051	7.78817216519011e-09	9.54249988801572e-10	-9.54249988801572e-10
232.264542	0.256719	-0.284133	8.21283784555755e-09	1.01677642404341e-09	-1.01677642404341e-09
232.812393	0.324436	-0.291132	7.22325375767022e-09	8.85033006673073e-10	-8.85033006673073e-10
233.442548	0.251146	-0.305719	8.2985763489578e-09	1.00635022807747e-09	-1.00635022807747e-09
233.969082	0.267248	-0.275387	8.62558963414456e-09	1.04600638020821e-09	-1.04600638020821e-09
234.529702	0.263497	-0.293372	8.30149075349035e-09	1.00670359290033e-09	-1.00670359290033e-09
235.026393	0.275638	-0.233194	9.10362772489251e-09	1.09594800216968e-09	-1.09594800216968e-09
235.542925	0.278613	-0.240894	8.64250361652535e-09	1.04805750379395e-09	-1.04805750379395e-09
236.114567	0.269180	-0.293029	7.92567036602315e-09	9.61128683397469e-10	-9.61128683397469e-10
236.689738	0.252646	-0.305991	8.09071903071712e-09	9.81143795127577e-10	-9.81143795127577e-10
237.234979	0.223342	-0.292595	8.81516327586266e-09	1.07206658091354e-09	-1.07206658091354e-09
237.763054	0.285939	-0.304733	7.47067192929934e-09	9.15348068818566e-10	-9.15348068818566e-10
238.323298	0.289681	-0.274305	8.04294725316515e-09	9.75350595004015e-10	-9.75350595004015e-10
238.940945	0.243135	-0.327967	8.60709483163791e-09	1.03617242636294e-09	-1.03617242636294e-09
239.469325	0.246717	-0.285245	9.12564315571233e-09	1.10664675153514e-09	-1.10664675153514e-09
239.992701	0.260629	-0.276659	8.62251730959423e-09	1.04563382822642e-09	-1.04563382822642e-09
240.537140	0.345993	-0.283811	7.15376401218116e-09	8.67521316597914e-10	-8.67521316597914e-10
241.163855	0.290379	-0.280723	7.92708454685486e-09	9.61300224438867e-10	-9.61300224438867e-10
241.714065	0.247222	-0.259831	9.50149114930176e-09	1.13072501807439e-09	-1.13072501807439e-09
242.193656	0.285358	-0.232369	9.02223386360508e-09	1.11698234251593e-09	-1.11698234251593e-09
242.749629	0.243556	-0.270614	1.01989123116594e-08	1.18873491991383e-09	-1.18873491991383e-09
243.229257	0.276318	-0.236072	9.17144296413248e-09	1.0884500547287e-09	-1.0884500547287e-09
243.755094	0.278883	-0.249519	8.57340349906496e-09	1.04552106050841e-09	-1.04552106050841e-09
244.344636	0.313793	-0.310659	7.45611207511967e-09	9.04186416707548e-10	-9.04186416707548e-10
245.023341	0.334272	-0.364912	6.45861685782466e-09	7.91345484768268e-10	-7.91345484768268e-10
245.628424	0.319860	-0.270811	7.4156363036693e-09	8.99278001004814e-10	-8.99278001004814e-10
246.233639	0.312427	-0.285354	7.63450923397155e-09	9.35422332704473e-10	-9.35422332704473e-10
246.785964	0.283155	-0.239898	8.93737320712827e-09	1.09505643566672e-09	-1.09505643566672e-09
247.374009	0.335598	-0.304889	7.31156513046211e-09	8.95853438709769e-10	-8.95853438709769e-10
247.974518	0.258154	-0.264911	5.81971023299078e-09	8.95186250047211e-10	-8.95186250047211e-10
248.508897	0.309110	-0.276225	7.94323307205418e-09	9.63258498652815e-10	-9.63258498652815e-10
249.077387	0.320618	-0.259380	7.83396663794132e-09	9.59860945110189e-10	-9.59860945110189e-10
249.730870	0.364555	-0.332865	6.67587445101065e-09	8.09568702581855e-10	-8.09568702581855e-10
250.426109	0.299123	-0.330685	6.45556446228302e-09	8.68493012838059e-10	-8.68493012838059e-10
250.974527	0.280876	-0.249295	6.2982567209312e-09	9.36181834054065e-10	-9.36181834054065e-10
251.592118	0.296653	-0.336715	7.10844469677937e-09	8.62025555315825e-10	-8.62025555315825e-10
252.129996	0.308528	-0.241225	7.83761838782993e-09	9.60308368544756e-10	-9.60308368544756e-10
252.730575	0.268376	-0.292051	8.1301509379864e-09	9.98917899703686e-10	-9.98917899703686e-10
253.270824	0.263646	-0.271874	8.68382287437341e-09	1.0530681878579e-09	-1.0530681878579e-09
253.797981	0.257774	-0.263511	6.08975198871809e-09	8.88281609493317e-10	-8.88281609493317e-10
254.330697	0.233893	-0.274942	6.03032351070661e-09	8.89122727999497e-10	-8.89122727999497e-10
254.878797	0.381421	-0.314207	6.65240381043368e-09	8.00855334743852e-10	-8.00855334743852e-10
255.526767	0.290311	-0.266549	8.17555065122548e-09	1.00171370699636e-09	-1.00171370699636e-09
256.168391	0.321198	-0.351313	6.69342269937751e-09	8.20115223352783e-10	-8.20115223352783e-10
256.832134	0.342423	-0.342544	6.38959343850294e-09	7.74852049888539e-10	-7.74852049888539e-10
257.464978	0.390988	-0.290421	6.30623610972798e-09	7.7267495271461e-10	-7.7267495271461e-10
258.185930	0.283824	-0.329965	7.22645350084552e-09	8.7633622271604e-10	-8.7633622271604e-10
258.780908	0.277731	-0.311154	7.65793892237522e-09	9.38293066461523e-10	-9.38293066461523e-10
259.298775	0.288266	-0.240136	6.25665964127734e-09	9.03071004329563e-10	-9.03071004329563e-10
259.923734	0.376720	-0.336693	6.74781311983777e-09	8.18292507744186e-10	-8.18292507744186e-10
260.635971	0.345893	-0.335517	4.3990796919942e-09	6.66095353779499e-10	-6.66095353779499e-10
261.285040	0.289264	-0.303176	7.40611051797111e-09	8.98122838493051e-10	-8.98122838493051e-10
261.864731	0.319805	-0.290427	7.30201103514112e-09	8.8549888638938e-10	-8.8549888638938e-10
262.466859	0.256754	-0.282323	5.81870120269336e-09	8.48744829843998e-10	-8.48744829843998e-10
263.000413	0.246266	-0.276800	5.80719470768875e-09	8.59822087801748e-10	-8.59822087801748e-10
263.612549	0.367132	-0.365870	5.90028703953545e-09	7.22935853783424e-10	-7.22935853783424e-10
264.261935	0.262161	-0.282254	5.77523591855045e-09	8.71296214109344e-10	-8.71296214109344e-10
264.802231	0.337445	-0.278135	7.62362962774505e-09	9.34089315521553e-10	-9.34089315521553e-10
265.425961	0.242112	-0.286285	6.26655888757574e-09	9.04499881713428e-10	-9.04499881713428e-10
265.920976	0.282605	-0.252903	5.94375452477058e-09	8.80041332518821e-10	-8.80041332518821e-10
266.534610	0.350376	-0.331028	6.66681206677428e-09	8.0846971474585e-10	-8.0846971474585e-10
267.219566	0.369957	-0.334580	6.20850654835144e-09	7.607005984633e-10	-7.607005984633e-10
267.900248	0.281726	-0.310725	5.19731152941037e-09	7.74769464465501e-10	-7.74769464465501e-10
268.542383	0.367250	-0.360409	6.74593816437499e-09	8.24147489718895e-10	-8.24147489718895e-10
269.192400	0.261638	-0.282766	5.67651361517156e-09	8.59520517773608e-10	-8.59520517773608e-10
269.826320	0.462127	-0.372283	3.52025593859112e-09	5.247687508306e-10	-5.247687508306e-10
270.595490	0.237373	-0.307042	6.05280816712014e-09	8.68104783569493e-10	-8.68104783569493e-10
271.104092	0.246498	-0.271229	5.86944646650496e-09	9.02836680669981e-10	-9.02836680669981e-10
271.585840	0.326957	-0.235250	5.8013925901186e-09	8.4970278563048e-10	-8.4970278563048e-10
272.219636	0.276716	-0.306839	5.05970874610564e-09	7.69248088984323e-10	-7.69248088984323e-10
272.735806	0.306737	-0.239454	5.17195070863467e-09	7.95548071048407e-10	-7.95548071048407e-10
273.342890	0.265406	-0.300347	5.28952176712383e-09	7.79897452317096e-10	-7.79897452317096e-10
273.857819	0.296666	-0.249523	5.97812888995385e-09	8.45435125957218e-10	-8.45435125957218e-10
274.433378	0.349141	-0.278893	4.48948035275304e-09	6.90570664716051e-10	-6.90570664716051e-10
275.086298	0.327793	-0.303779	4.50445807584031e-09	6.71484969353295e-10	-6.71484969353295e-10
275.702167	0.300818	-0.288076	5.88555018478497e-09	8.00921924816074e-10	-8.00921924816074e-10
276.232305	0.274165	-0.229319	5.80010833965751e-09	8.64629101940221e-10	-8.64629101940221e-10
276.787264	0.265389	-0.280794	5.37368984241938e-09	8.01062378970149e-10	-8.01062378970149e-10
277.339906	0.321210	-0.287253	5.91184575400702e-09	7.97153114359921e-10	-7.97153114359921e-10
277.998298	0.370914	-0.337181	6.12975409242283e-09	7.43341850602176e-10	-7.43341850602176e-10
278.589966	0.296973	-0.220754	5.49250548711024e-09	8.18774368827928e-10	-8.18774368827928e-10
279.212487	0.250888	-0.325547	4.87603410650424e-09	7.38314374241886e-10	-7.38314374241886e-10
279.723705	0.266282	-0.260331	5.57911814883514e-09	8.22596124713075e-10	-8.22596124713075e-10
280.288411	0.299361	-0.298423	4.94009413638576e-09	7.36425767396554e-10	-7.36425767396554e-10
280.815559	0.295277	-0.227788	5.73775582748556e-09	8.55334115948095e-10	-8.55334115948095e-10
281.453897	0.389942	-0.343062	4.02280720646806e-09	5.9968468258699e-10	-5.9968468258699e-10
282.207437	0.371199	-0.363598	3.94832257959717e-09	5.8858118550922e-10	-5.8858118550922e-10
283.021286	0.370402	-0.442650	3.62119196663509e-09	5.39815431460909e-10	-5.39815431460909e-10
283.724071	0.311651	-0.332383	4.63010882250371e-09	6.90215858165393e-10	-6.90215858165393e-10
284.281962	0.346201	-0.246241	4.89649912950422e-09	7.4141312407322e-10	-7.4141312407322e-10
284.876228	0.273221	-0.248065	5.46628984163932e-09	8.27689110893136e-10	-8.27689110893136e-10
285.449715	0.331326	-0.300267	4.62718595987838e-09	6.89780126146571e-10	-6.89780126146571e-10
286.055234	0.304025	-0.274193	5.15572551187435e-09	7.68570165220731e-10	-7.68570165220731e-10
286.630090	0.310942	-0.270830	5.11843754305727e-09	7.63011636510038e-10	-7.63011636510038e-10
287.290823	0.335159	-0.349792	4.20197789369879e-09	6.36250793579116e-10	-6.36250793579116e-10
287.969346	0.298903	-0.343363	4.41792539656409e-09	6.68948939414574e-10	-6.68948939414574e-10
288.536503	0.256592	-0.268253	5.58281697901954e-09	8.39148083519374e-10	-8.39148083519374e-10
289.153135	0.328484	-0.360040	4.2055330851457e-09	6.26923848602217e-10	-6.26923848602217e-10
289.817075	0.296116	-0.335456	4.73916970818011e-09	7.09506155776769e-10	-7.09506155776769e-10
290.446592	0.367577	-0.333401	4.27692829637293e-09	6.37566853824332e-10	-6.37566853824332e-10
291.081764	0.276813	-0.267595	5.51314101111803e-09	8.12868287952001e-10	-8.12868287952001e-10
291.721769	0.376915	-0.363192	3.83752355241645e-09	5.81066232346505e-10	-5.81066232346505e-10
292.527674	0.334257	-0.428990	3.81550924785066e-09	5.77732893791311e-10	-5.77732893791311e-10
293.197992	0.283078	-0.336061	4.93453831095632e-09	7.35597565565158e-10	-7.35597565565158e-10
293.797417	0.270770	-0.316347	5.13209113306621e-09	7.77085754095553e-10	-7.77085754095553e-10
294.551954	0.373758	-0.483767	3.33051504702715e-09	5.12298933156271e-10	-5.12298933156271e-10
295.273493	0.301597	-0.347781	4.32314035447735e-09	6.5459685785724e-10	-6.5459685785724e-10
295.862725	0.269234	-0.287634	5.11051990203753e-09	7.61831339638589e-10	-7.61831339638589e-10
296.508821	0.336570	-0.376863	3.99529280521181e-09	5.95583108703797e-10	-5.95583108703797e-10
297.205724	0.303282	-0.360333	4.25676634222246e-09	6.44546727689525e-10	-6.44546727689525e-10
297.794937	0.285160	-0.285931	4.96046795377447e-09	7.51099054320593e-10	-7.51099054320593e-10
298.411100	0.286349	-0.331004	4.51526143344981e-09	6.94536315657402e-10	-6.94536315657402e-10
299.038862	0.339995	-0.341413	4.12436232473245e-09	6.24498472120302e-10	-6.24498472120302e-10
299.739899	0.242085	-0.361041	4.48053465049833e-09	7.11531302076073e-10	-7.11531302076073e-10
300.258927	0.367103	-0.276944	4.41103402654927e-09	6.5755810565983e-10	-6.5755810565983e-10
300.987655	0.321562	-0.361625	4.16379078304476e-09	6.30468616170203e-10	-6.30468616170203e-10
301.665185	0.366353	-0.355968	4.0071230702069e-09	6.06746449113591e-10	-6.06746449113591e-10
302.410038	0.343816	-0.378500	3.91226201603373e-09	6.11414752106016e-10	-6.11414752106016e-10
303.153264	0.346045	-0.399411	3.83359173575369e-09	5.80470851400218e-10	-5.80470851400218e-10
303.932284	0.419230	-0.432975	3.26720049218723e-09	5.02559917733584e-10	-5.02559917733584e-10
304.767930	0.380626	-0.416415	3.57480442667512e-09	5.32900399881458e-10	-5.32900399881458e-10
305.695081	0.465773	-0.546525	2.80924244101181e-09	4.18777124708496e-10	-4.18777124708496e-10
306.500186	0.326063	-0.339332	4.24898017245842e-09	6.43367733237093e-10	-6.43367733237093e-10
307.255321	0.348409	-0.429072	3.7064377740388e-09	5.52523119962528e-10	-5.52523119962528e-10
307.956091	0.362852	-0.352360	3.91632662199079e-09	6.02408324888918e-10	-6.02408324888918e-10
308.816405	0.338730	-0.497462	3.48693647730295e-09	5.14120732537898e-10	-5.14120732537898e-10
309.561053	0.424921	-0.405918	3.37788634816661e-09	5.19585590697018e-10	-5.19585590697018e-10
310.379364	0.318260	-0.393390	4.01292431301374e-09	6.17266937414938e-10	-6.17266937414938e-10
311.108131	0.434581	-0.410508	3.52310245686558e-09	5.25193122585293e-10	-5.25193122585293e-10
311.938734	0.484647	-0.396022	3.45390403776927e-09	5.14877594191999e-10	-5.14877594191999e-10
312.740759	0.476100	-0.317378	3.87730385672153e-09	5.77994334974754e-10	-5.77994334974754e-10
313.612850	0.402837	-0.395991	3.65792404618642e-09	5.53871810927557e-10	-5.53871810927557e-10
314.355840	0.282544	-0.340153	4.59399804682103e-09	6.84832792156164e-10	-6.84832792156164e-10
315.140609	0.403354	-0.502225	3.09886231093063e-09	4.69220366134501e-10	-4.69220366134501e-10
315.963765	0.471524	-0.419802	3.18042260738591e-09	4.83532575112389e-10	-4.83532575112389e-10
316.745927	0.468622	-0.310638	3.647228392362e-09	5.43696724654474e-10	-5.43696724654474e-10
317.577004	0.390118	-0.362456	3.77865171357126e-09	5.63288130096286e-10	-5.63288130096286e-10
318.445881	0.302281	-0.478759	3.67793927149303e-09	5.48274826648631e-10	-5.48274826648631e-10
319.187176	0.359816	-0.439014	3.61998452908768e-09	5.48127123259891e-10	-5.48127123259891e-10
319.990482	0.342878	-0.443489	3.76593788429483e-09	5.61392901415292e-10	-5.61392901415292e-10
320.706999	0.359334	-0.373640	4.00953853657147e-09	5.9770669996743e-10	-5.9770669996743e-10
321.651900	0.473017	-0.585567	2.7154725195664e-09	4.11168660676217e-10	-4.11168660676217e-10
322.603338	0.270595	-0.478420	3.85435147554598e-09	5.74572797264682e-10	-5.74572797264682e-10
323.304782	0.346631	-0.430850	3.60164616871156e-09	5.54004259171956e-10	-5.54004259171956e-10
324.140106	0.409761	-0.488692	3.18180495448799e-09	4.74315495086288e-10	-4.74315495086288e-10
325.001737	0.393207	-0.451870	3.3714118624454e-09	5.02580435963565e-10	-5.02580435963565e-10
325.846737	0.485808	-0.451793	3.1175542659025e-09	4.59658300083588e-10	-4.59658300083588e-10
326.954921	0.688827	-0.622376	2.21469562004516e-09	3.30147298293204e-10	-3.30147298293204e-10
328.323494	0.586997	-0.679746	2.33627167293507e-09	3.48270794616643e-10	-3.48270794616643e-10
329.335853	0.503346	-0.425362	3.14488481036522e-09	4.68811729581613e-10	-4.68811729581613e-10
330.517614	0.616782	-0.678415	2.13667153936617e-09	3.33922529234461e-10	-3.33922529234461e-10
331.648526	0.480397	-0.514131	2.86927786235038e-09	4.27726669463103e-10	-4.27726669463103e-10
332.550200	0.503873	-0.421276	3.09983916991503e-09	4.6209675618317e-10	-4.6209675618317e-10
333.611202	0.483664	-0.557129	2.76824652265303e-09	4.12665831137338e-10	-4.12665831137338e-10
334.614393	0.489235	-0.519527	2.86022453440222e-09	4.26377100135052e-10	-4.26377100135052e-10
335.709738	0.496932	-0.606110	2.61552403331327e-09	3.8989929905096e-10	-3.8989929905096e-10
336.781820	0.513667	-0.575150	2.57925034810621e-09	3.96739598246954e-10	-3.96739598246954e-10
337.825681	0.418078	-0.530194	2.99258930526803e-09	4.53128810751048e-10	-4.53128810751048e-10
338.658722	0.506614	-0.414963	3.07638337105697e-09	4.65816669939277e-10	-4.65816669939277e-10
339.854398	0.611484	-0.689062	2.17689598853162e-09	3.29619031885553e-10	-3.29619031885553e-10
341.210831	0.694356	-0.744949	1.96327184983872e-09	2.97272684876995e-10	-2.97272684876995e-10
342.360550	0.512480	-0.455363	2.87893526899964e-09	4.42837063434551e-10	-4.42837063434551e-10
343.362560	0.613532	-0.489531	2.58465913689368e-09	3.8529825111711e-10	-3.8529825111711e-10
344.593452	0.551531	-0.617359	2.40418588213686e-09	3.64034553728615e-10	-3.64034553728615e-10
345.917119	0.692071	-0.772136	1.88063427570378e-09	2.93908588064849e-10	-2.93908588064849e-10
347.157948	0.381729	-0.548758	3.11213631071382e-09	4.63929889742481e-10	-4.63929889742481e-10
348.164755	0.588288	-0.625078	2.35905811688276e-09	3.57201445232288e-10	-3.57201445232288e-10
349.501662	0.758289	-0.748619	1.87648898299591e-09	2.84132276531171e-10	-2.84132276531171e-10
350.958058	0.698512	-0.698107	2.04743225846471e-09	3.05213174114582e-10	-3.05213174114582e-10
352.339984	0.757662	-0.683413	2.01280387428957e-09	3.00051087726908e-10	-3.00051087726908e-10
353.620849	0.672358	-0.523204	2.42306937203605e-09	3.74153299917695e-10	-3.74153299917695e-10
354.975441	0.677023	-0.682234	2.15029446786155e-09	3.20546960758276e-10	-3.20546960758276e-10
356.382084	0.656306	-0.729619	2.08660161035843e-09	3.11052210027847e-10	-3.11052210027847e-10
357.661362	0.545919	-0.622972	2.46091610460016e-09	3.6685174033827e-10	-3.6685174033827e-10
359.094628	0.532400	-0.887348	2.00112741647751e-09	3.03004642488208e-10	-3.03004642488208e-10
360.305748	0.531082	-0.678720	2.34624614833495e-09	3.55261489029424e-10	-3.55261489029424e-10
361.601219	0.767434	-0.764389	1.87030303551613e-09	2.78808288627202e-10	-2.78808288627202e-10
362.906449	0.575943	-0.537796	2.56446394435314e-09	3.82287706546001e-10	-3.82287706546001e-10
364.393692	0.629408	-0.911299	1.82915699332784e-09	2.81360421640485e-10	-2.81360421640485e-10
366.029922	0.861248	-1.006822	1.57715709516701e-09	2.35108673397415e-10	-2.35108673397415e-10
367.804641	1.025764	-0.913471	1.54219927202521e-09	2.2989746388592e-10	-2.2989746388592e-10
369.483518	0.597618	-0.653112	2.34621516603514e-09	3.49753115804082e-10	-3.49753115804082e-10
371.125502	1.006974	-1.044366	1.40439007586928e-09	2.09354126534293e-10	-2.09354126534293e-10
372.888402	0.772330	-0.755926	1.86337183823156e-09	2.77775081467711e-10	-2.77775081467711e-10
374.431732	0.791060	-0.771000	1.79860659055017e-09	2.72339604057121e-10	-2.72339604057121e-10
376.055903	0.896206	-0.833111	1.58318186630439e-09	2.47422287261077e-10	-2.47422287261077e-10
377.763860	0.835724	-0.811752	1.70915426180257e-09	2.58795003546893e-10	-2.58795003546893e-10
379.627475	1.179996	-1.027890	1.27968620396745e-09	1.93766203680907e-10	-1.93766203680907e-10
381.901608	0.866448	-1.094137	1.4794650275883e-09	2.20545642685123e-10	-2.20545642685123e-10
383.497199	0.808007	-0.729143	1.90700393114927e-09	2.84279336012128e-10	-2.84279336012128e-10
385.534501	0.960809	-1.229295	1.33551314017775e-09	2.02219375679316e-10	-2.02219375679316e-10
387.526281	0.938519	-1.030971	1.50350171656249e-09	2.2412877636999e-10	-2.2412877636999e-10
NO	NO	NO	NO	NO	NO
!Time	Poserr	Negerr	Flux	PosErr	NegErr
!XRT pc mode data
3760.050364	11.618688	-18.469041	1.75704192465673e-10	3.75067769854324e-11	-3.75067769854324e-11
3783.777890	15.471602	-12.108838	1.79900592792808e-10	3.96607974482821e-11	-3.96607974482821e-11
3821.973490	19.900302	-22.723998	1.21074204305724e-10	2.65555816460295e-11	-2.65555816460295e-11
3869.014904	17.990468	-27.141112	1.14414372166491e-10	2.53538669507694e-11	-2.53538669507694e-11
3903.416626	18.691106	-16.411254	1.36494756979965e-10	3.0684981082544e-11	-3.0684981082544e-11
3936.892836	12.795296	-14.785104	1.67132704707986e-10	3.77753112079615e-11	-3.77753112079615e-11
3966.202656	16.080516	-16.514524	1.58163014906323e-10	3.42185025967085e-11	-3.42185025967085e-11
3997.446860	12.416731	-15.163689	1.75097557306382e-10	3.97900167985331e-11	-3.97900167985331e-11
4028.402003	16.563928	-18.538412	1.39824955821392e-10	3.16031912342776e-11	-3.16031912342776e-11
4061.127276	16.433676	-16.161344	1.49793185041514e-10	3.36746019007472e-11	-3.36746019007472e-11
4092.971661	12.169670	-15.410710	1.7566494040881e-10	3.97037787737925e-11	-3.97037787737925e-11
4121.430703	13.798328	-16.289371	1.63390043144932e-10	3.67312439643143e-11	-3.67312439643143e-11
4152.355110	15.468941	-17.126079	1.58832095149692e-10	3.51966808362037e-11	-3.51966808362037e-11
4183.737581	14.174191	-15.913529	1.64331724753319e-10	3.71422302883019e-11	-3.71422302883019e-11
4219.334711	21.201321	-21.422939	1.14524583910729e-10	2.60251234825069e-11	-2.60251234825069e-11
4255.452702	15.171030	-14.916670	1.76703272334748e-10	3.84186834747053e-11	-3.84186834747053e-11
4286.031109	17.187583	-15.407377	1.46495072746714e-10	3.38399734955212e-11	-3.38399734955212e-11
4320.140084	8.151708	-16.921392	1.95664164592742e-10	4.39866950721228e-11	-4.39866950721228e-11
4341.950518	13.921673	-13.658727	1.737148406642e-10	3.9052337742974e-11	-3.9052337742974e-11
4367.525182	15.927370	-11.652990	1.68407842109614e-10	3.76571561551458e-11	-3.76571561551458e-11
4404.636345	13.918507	-21.183793	1.38492128290149e-10	2.98159853212862e-11	-2.98159853212862e-11
4428.327121	20.315451	-9.772269	1.46221294141686e-10	3.32280183526257e-11	-3.32280183526257e-11
4467.318833	13.918739	-18.676261	1.40569028403555e-10	3.14741429974128e-11	-3.14741429974128e-11
4498.087336	20.759856	-16.849764	1.28973163862068e-10	2.79032785903714e-11	-2.79032785903714e-11
4536.758910	24.712502	-17.911718	1.02274021876387e-10	2.34957778433632e-11	-2.34957778433632e-11
4576.006577	13.045215	-14.535165	1.70490623138145e-10	3.83275199860324e-11	-3.83275199860324e-11
4605.462477	16.184315	-16.410685	1.54127724591342e-10	3.46490259651871e-11	-3.46490259651871e-11
4638.936360	17.812752	-17.289568	1.4526799115401e-10	3.30114020044967e-11	-3.30114020044967e-11
4670.172045	16.664747	-13.422933	1.74854683187928e-10	3.83514143514011e-11	-3.83514143514011e-11
4700.507779	16.416712	-13.670988	1.83160243319772e-10	3.90983787171596e-11	-3.90983787171596e-11
4738.350925	13.675867	-21.426433	1.35254007804851e-10	3.04060438669569e-11	-3.04060438669569e-11
4775.619564	19.031448	-23.592772	1.28758039575478e-10	2.6758588159417e-11	-2.6758588159417e-11
4815.330000	14.423352	-20.678988	1.35135749171242e-10	3.03795109436288e-11	-3.03795109436288e-11
4849.423461	17.939531	-19.670109	1.28747724710939e-10	2.94166317202844e-11	-2.94166317202844e-11
4880.425155	19.532837	-13.062163	1.53930241481004e-10	3.42872435017332e-11	-3.42872435017332e-11
4918.636373	18.931219	-18.678381	1.3753380041271e-10	2.96096863543097e-11	-2.96096863543097e-11
4947.935733	9.690339	-10.368141	2.61832037688498e-10	5.60950987920589e-11	-5.60950987920589e-11
4977.425090	15.303322	-19.799018	1.41167872665401e-10	3.19066988494325e-11	-3.19066988494325e-11
5009.270571	13.545561	-16.542159	1.71880083948603e-10	3.8639880439369e-11	-3.8639880439369e-11
5038.354386	17.056746	-15.538254	1.58775588813018e-10	3.55032741420569e-11	-3.55032741420569e-11
5076.380126	19.147986	-20.968994	1.4619420409923e-10	3.07692464706279e-11	-3.07692464706279e-11
5109.809273	15.806519	-14.281161	1.67978313386505e-10	3.79663948789788e-11	-3.79663948789788e-11
5151.124168	19.623224	-25.508376	1.19482055957393e-10	2.61066417802654e-11	-2.61066417802654e-11
5182.902072	15.425720	-12.154680	1.77757477045413e-10	4.01767307301939e-11	-4.01767307301939e-11
5216.287556	19.649916	-17.959764	1.35177061772976e-10	2.96488387851291e-11	-2.96488387851291e-11
5262.015379	21.560973	-26.077907	1.08574551569502e-10	2.33750181012688e-11	-2.33750181012688e-11
5302.998413	15.680299	-19.422061	1.37063324004526e-10	3.09790229748858e-11	-3.09790229748858e-11
5340.978341	27.846591	-22.299629	9.97152512389177e-11	2.25376369496028e-11	-2.25376369496028e-11
5393.125587	25.845565	-24.300655	1.02435047534704e-10	2.29051849110993e-11	-2.29051849110993e-11
5430.750388	13.293843	-11.779237	1.93894849705797e-10	4.3588917141232e-11	-4.3588917141232e-11
5469.759990	16.908562	-25.715758	1.11958048909904e-10	2.49381405093147e-11	-2.49381405093147e-11
5505.700499	18.577712	-19.031948	1.26503636013575e-10	2.80327899842515e-11	-2.80327899842515e-11
5544.328083	17.559829	-20.049872	1.20433018701795e-10	2.72202593956917e-11	-2.72202593956917e-11
5576.386173	15.589479	-14.498261	1.56551252228684e-10	3.4691241368254e-11	-3.4691241368254e-11
5615.061090	22.046182	-23.085438	1.02715414293636e-10	2.29984996195458e-11	-2.29984996195458e-11
5659.172252	13.037399	-22.064981	1.53433138711692e-10	3.25980117547447e-11	-3.25980117547447e-11
5682.462076	14.820695	-10.252425	2.16293623131178e-10	4.65659017535134e-11	-4.65659017535134e-11
5714.200977	18.184175	-16.918205	1.43881339225644e-10	3.21728658554206e-11	-3.21728658554206e-11
5753.437173	14.050318	-21.052022	1.37558119767412e-10	3.07589393648957e-11	-3.07589393648957e-11
5798.687646	23.960766	-31.200154	8.38881035663913e-11	1.9166959024867e-11	-1.9166959024867e-11
5835.182669	10.031523	-12.534257	2.20340058295639e-10	4.95340395484123e-11	-4.95340395484123e-11
5874.149941	21.210550	-28.935750	1.05331360647159e-10	2.36792141050888e-11	-2.36792141050888e-11
5918.333137	17.144334	-22.972646	1.3715410857958e-10	3.03928924285578e-11	-3.03928924285578e-11
5970.181363	22.964308	-34.703892	8.48645833316281e-11	1.91810424361563e-11	-1.91810424361563e-11
6013.692645	22.077346	-20.546974	1.0747118569658e-10	2.45552780327564e-11	-2.45552780327564e-11
6053.560976	17.311416	-17.790984	1.29919061785837e-10	3.00109659367458e-11	-3.00109659367458e-11
6086.477915	14.482237	-15.605523	1.70528397380064e-10	3.68937368218519e-11	-3.68937368218519e-11
6132.887072	33.263260	-31.926920	1.15528585934142e-10	2.09589557479238e-11	-2.09589557479238e-11
9553.034778	25.713093	-26.940475	8.46983644350012e-11	1.9143356364339e-11	-1.9143356364339e-11
9605.942405	22.951707	-27.194533	8.97362797629488e-11	2.01732908369459e-11	-2.01732908369459e-11
9649.823306	19.187765	-20.929194	1.11750610077106e-10	2.53944414646138e-11	-2.53944414646138e-11
9695.924260	23.233032	-26.913188	9.65235190123867e-11	2.12793334382487e-11	-2.12793334382487e-11
9756.927568	27.419864	-37.770276	8.03456179271753e-11	1.7804127017413e-11	-1.7804127017413e-11
9821.022450	31.022361	-36.675019	8.84731967799761e-11	1.91409104912742e-11	-1.91409104912742e-11
9897.541964	22.200187	-45.497153	7.98287088984472e-11	1.78502454934381e-11	-1.78502454934381e-11
9940.920430	23.953301	-21.178279	1.15464641049356e-10	2.6238422350516e-11	-2.6238422350516e-11
9994.698457	25.336094	-29.824726	9.3988088706936e-11	2.10163671212865e-11	-2.10163671212865e-11
10059.637005	23.080307	-39.602453	8.34541166822554e-11	1.91717501760548e-11	-1.91717501760548e-11
10116.286133	49.172339	-33.568821	6.48196868880825e-11	1.49727611098049e-11	-1.49727611098049e-11
10187.890947	17.684444	-22.432476	1.3941358965653e-10	3.11738284491167e-11	-3.11738284491167e-11
10244.533623	36.261049	-38.958231	7.33607985993026e-11	1.61729599383453e-11	-1.61729599383453e-11
10310.496087	27.966685	-29.701415	8.62431298708962e-11	1.93879673553671e-11	-1.93879673553671e-11
10382.695824	38.508127	-44.233053	5.88096411227245e-11	1.32920487845199e-11	-1.32920487845199e-11
10458.172331	28.221661	-36.968379	7.60528624122278e-11	1.73764512387957e-11	-1.73764512387957e-11
10516.889537	24.665235	-30.495545	9.79249334130283e-11	2.14781270126274e-11	-2.14781270126274e-11
10577.513332	39.260720	-35.958561	6.8299213335014e-11	1.53540897616087e-11	-1.53540897616087e-11
10645.223016	19.189915	-28.448964	1.08318106363134e-10	2.42206318761278e-11	-2.42206318761278e-11
10690.975149	31.105883	-26.562217	8.85873086078285e-11	2.00222984935119e-11	-2.00222984935119e-11
10784.861864	37.511588	-62.780832	4.96292454196029e-11	1.15272781021947e-11	-1.15272781021947e-11
10876.757227	30.864765	-54.383775	5.96426958482045e-11	1.36271024454423e-11	-1.36271024454423e-11
10944.833867	40.514744	-37.211876	6.98893593103388e-11	1.596825826151e-11	-1.596825826151e-11
11017.625923	40.434708	-32.277312	8.55125349984526e-11	1.87556585082839e-11	-1.87556585082839e-11
11085.250285	35.493126	-27.189654	1.01364220188172e-10	2.26657418379028e-11	-2.26657418379028e-11
11153.076456	27.842476	-32.333045	1.00296698010764e-10	2.26688114778315e-11	-2.26688114778315e-11
11224.884992	33.760619	-43.966061	7.79910263966791e-11	1.69564851139703e-11	-1.69564851139703e-11
11310.120747	46.310044	-51.475136	5.33468361192402e-11	1.19444153186088e-11	-1.19444153186088e-11
11379.555754	27.021297	-23.124963	1.0958665595435e-10	2.34778205538284e-11	-2.34778205538284e-11
11449.927587	34.376165	-43.350535	6.28686592182591e-11	1.44427099380983e-11	-1.44427099380983e-11
11530.809268	53.778335	-46.505517	7.9730694894037e-11	1.41417132452275e-11	-1.41417132452275e-11
26922.792516	26.811196	-33.364124	5.48055725148309e-11	1.20441473881915e-11	-1.20441473881915e-11
27000.860662	44.020609	-51.256951	2.31248820447161e-11	5.20999091555243e-12	-5.20999091555243e-12
27078.975226	33.603226	-34.093954	1.87334117472039e-11	4.22115854591485e-12	-4.22115854591485e-12
27149.300919	35.989352	-36.722468	1.73665309659419e-11	3.92830154468818e-12	-3.92830154468818e-12
27228.530428	36.993544	-43.240156	1.56254375965007e-11	3.54816498490615e-12	-3.54816498490615e-12
27302.623243	40.627109	-37.099271	1.59655388906696e-11	3.65370200539901e-12	-3.65370200539901e-12
27375.961563	32.478649	-32.711211	1.92900907388255e-11	4.3633984525462e-12	-4.3633984525462e-12
27437.029693	26.571139	-28.589481	2.43205452666342e-11	5.32655683963995e-12	-5.32655683963995e-12
27490.424935	33.351137	-26.824103	2.19031201553472e-11	4.93536063445549e-12	-4.93536063445549e-12
27557.995347	20.941345	-34.219275	2.51540161208064e-11	5.62463705477758e-12	-5.62463705477758e-12
27609.270964	27.333687	-30.334273	2.30718407892307e-11	5.19876168168003e-12	-5.19876168168003e-12
27667.563008	39.246084	-30.958356	1.82077738251038e-11	4.10270272775552e-12	-4.10270272775552e-12
27736.262828	38.243404	-29.453736	1.86338171445443e-11	4.1987204274302e-12	-4.1987204274302e-12
27802.833146	29.341005	-28.326914	2.20550918386968e-11	4.95055797603756e-12	-4.95055797603756e-12
27871.145788	36.247463	-38.971637	1.83531082686224e-11	4.06413972897327e-12	-4.06413972897327e-12
27955.773044	44.390388	-48.379792	1.53804431569021e-11	3.47904508406103e-12	-3.47904508406103e-12
28022.851698	27.457814	-22.688266	3.01106455665989e-11	6.73296829366261e-12	-6.73296829366261e-12
28087.536146	35.485186	-37.226634	2.04340576774903e-11	4.6043550584742e-12	-4.6043550584742e-12
28169.521876	33.733136	-46.500544	1.83314305949877e-11	4.13057955424725e-12	-4.13057955424725e-12
28235.665643	30.272009	-32.410631	2.46855416708475e-11	5.46635402248888e-12	-5.46635402248888e-12
28305.545323	25.582249	-39.607671	2.3580811764657e-11	5.31341804832797e-12	-5.31341804832797e-12
28376.310670	35.050681	-45.183099	2.0861246660431e-11	4.58563710652703e-12	-4.58563710652703e-12
28441.318548	25.203544	-29.957196	2.78202028387244e-11	6.24465186523531e-12	-6.24465186523531e-12
28513.273782	35.989390	-46.751690	1.70750457046735e-11	3.8623359509681e-12	-3.8623359509681e-12
28617.802371	66.855361	-68.539199	1.63852038596625e-11	3.70538804451189e-12	-3.70538804451189e-12
28731.753659	25.615973	-47.095927	2.53122364397414e-11	5.5640713149384e-12	-5.5640713149384e-12
28799.087515	43.530597	-41.717884	1.5415348858524e-11	3.38858193623867e-12	-3.38858193623867e-12
28873.703194	24.075678	-31.085082	2.40235608891432e-11	5.37181658075582e-12	-5.37181658075582e-12
28930.746266	27.208005	-32.967395	2.30509221811851e-11	5.19402941424413e-12	-5.19402941424413e-12
29005.282976	32.905156	-47.328704	1.915477672742e-11	4.22601671327583e-12	-4.22601671327583e-12
29071.528491	44.386200	-33.340360	1.83646204018098e-11	4.17014388423723e-12	-4.17014388423723e-12
29139.856637	23.696915	-23.941945	2.9640078583434e-11	6.65312389719812e-12	-6.65312389719812e-12
29230.567987	83.373376	-67.014435	1.27526494895475e-11	2.62906111713837e-12	-2.62906111713837e-12
32726.397249	55.676362	-47.123218	1.63487845842372e-11	3.65569803802325e-12	-3.65569803802325e-12
32861.021926	76.504706	-78.948314	1.04063444335013e-11	2.39754227777108e-12	-2.39754227777108e-12
33005.955402	54.429210	-68.428770	1.31074604226519e-11	2.94174148919861e-12	-2.94174148919861e-12
33122.296852	50.916459	-61.912241	1.39940144277514e-11	3.12917754033916e-12	-3.12917754033916e-12
33224.096226	49.409306	-50.882914	1.53900244919063e-11	3.47977124280592e-12	-3.47977124280592e-12
33332.667666	38.622726	-59.162134	1.54666850369078e-11	3.52333741870124e-12	-3.52333741870124e-12
33412.275521	41.755910	-40.985130	1.84182625139141e-11	4.1490395734547e-12	-4.1490395734547e-12
33497.648630	46.645761	-43.617199	1.69071758620704e-11	3.7945311886611e-12	-3.7945311886611e-12
33590.293380	36.742052	-45.998988	1.93020990489798e-11	4.34814003889247e-12	-4.34814003889247e-12
33667.394762	37.367110	-40.359330	2.16165290690043e-11	4.90592012654905e-12	-4.90592012654905e-12
33770.437157	52.168055	-65.675285	1.47221404772207e-11	3.31640392612964e-12	-3.31640392612964e-12
33874.619568	43.263283	-52.014357	1.72800644450354e-11	3.87820208100037e-12	-3.87820208100037e-12
33997.602992	35.615960	-79.720140	1.31689046927421e-11	2.99987951193454e-12	-2.99987951193454e-12
34096.007271	52.547781	-62.788319	1.38174486571758e-11	3.14767071411996e-12	-3.14767071411996e-12
34210.347598	43.514414	-61.792546	1.67835149621965e-11	3.80902943218154e-12	-3.80902943218154e-12
34313.261138	68.473593	-59.399127	1.52260275366594e-11	3.42994960865846e-12	-3.42994960865846e-12
34434.875995	47.151097	-53.141263	1.74261341341803e-11	3.91103547223085e-12	-3.91103547223085e-12
34521.132968	43.635324	-39.105876	1.94737163895198e-11	4.35444818873251e-12	-4.35444818873251e-12
34600.366127	34.606824	-35.597836	2.18915730865039e-11	4.94981074035083e-12	-4.94981074035083e-12
34682.099764	45.643668	-47.126812	1.74451689376136e-11	3.91527602705159e-12	-3.91527602705159e-12
34770.109611	40.375061	-42.366179	2.03640603804047e-11	4.60445213710704e-12	-4.60445213710704e-12
34869.016286	56.804666	-58.531615	1.54746654576394e-11	3.48592569093105e-12	-3.48592569093105e-12
35008.384009	95.449122	-82.563058	1.70358376835719e-11	2.95471518041876e-12	-2.95471518041876e-12
50844.536611	190.580500	-175.485980	7.43156234820204e-12	1.67670255447832e-12	-1.67670255447832e-12
51181.957306	181.616865	-146.840195	8.2761914380436e-12	1.88845502007381e-12	-1.88845502007381e-12
51566.124419	155.994753	-202.550247	8.20785725742467e-12	1.81417674259787e-12	-1.81417674259787e-12
51926.105306	319.617037	-203.986135	9.60633580836717e-12	1.87433003506694e-12	-1.87433003506694e-12
56545.677488	88.663164	-114.428616	7.52308899743828e-12	1.71188761750997e-12	-1.71188761750997e-12
56691.868154	100.432857	-57.527503	9.72933527637131e-12	2.18312150933653e-12	-2.18312150933653e-12
56903.714587	96.692905	-111.413575	7.40828527461286e-12	1.68576893373766e-12	-1.68576893373766e-12
57078.867704	89.529468	-78.460212	9.37252854460633e-12	2.11041411091498e-12	-2.11041411091498e-12
57267.898195	116.127597	-99.501023	7.1044227441588e-12	1.63386049561128e-12	-1.63386049561128e-12
57492.623734	100.261478	-108.597942	7.6367684520079e-12	1.71955624362442e-12	-1.71955624362442e-12
57681.153947	89.750365	-88.268735	9.11826926743539e-12	1.99636229266109e-12	-1.99636229266109e-12
57857.265785	64.077227	-86.361473	1.02627850136847e-11	2.30279064216414e-12	-2.30279064216414e-12
57996.928969	69.835362	-75.585958	1.37741624155524e-11	2.71582504212861e-12	-2.71582504212861e-12
97047.348478	172.319733	-248.906547	2.26481718816512e-12	6.09172618601478e-13	-6.09172618601478e-13
97474.536502	166.358250	-254.868290	2.64318578822416e-12	6.68322735389982e-13	-6.68322735389982e-13
97971.071410	299.155502	-330.176658	2.06031813677183e-12	4.70698017646312e-13	-4.70698017646312e-13
103404.754646	742.370318	-596.137854	1.5691358975247e-12	3.11251065246101e-13	-3.11251065246101e-13
109334.337147	813.404316	-765.886176	9.12869799143227e-13	2.07467719888231e-13	-2.07467719888231e-13
114186.558672	274.033260	-335.241740	1.7467567567548e-12	4.54980681990231e-13	-4.54980681990231e-13
114986.844741	504.246391	-526.252809	1.08305425253275e-12	2.77617408001918e-13	-2.77617408001918e-13
123958.001628	3533.387144	-4169.718876	7.23776938186718e-13	1.56873471567533e-13	-1.56873471567533e-13
136589.400840	7340.558032	-4920.138568	8.73856695910961e-13	2.1311750146994e-13	-2.1311750146994e-13
159173.329035	13257.953037	-10253.899264	4.35386281258172e-13	1.09222202226964e-13	-1.09222202226964e-13
201689.155858	23361.369714	-18296.785086	2.40112417746806e-13	6.3813399256218e-14	-6.3813399256218e-14
239999.327499	13430.064392	-9875.955867	3.37713387879961e-13	8.84279671968201e-14	-8.84279671968201e-14
289075.604306	27954.906905	-30566.304215	1.61344725191621e-13	4.43407805922296e-14	-4.43407805922296e-14
353283.206738	27526.823053	-31113.907547	1.76898821001461e-13	4.86936059121474e-14	-4.86936059121474e-14
529805.694527	31228.312865	-143613.709243	6.36092873417325e-14	3.65056950163775e-14	-3.65056950163775e-14
