READ TERR 1 2
NO	NO	NO	NO	NO	NO
!Time	Poserr	Negerr	Flux	PosErr	NegErr
!XRT wt mode data
82.824306	0.564364	-0.645444	3.56930792380916e-09	5.32081036773345e-10	-5.32081036773345e-10
83.974537	0.581226	-0.585868	3.6643198374022e-09	5.54840258441707e-10	-5.54840258441707e-10
85.252956	0.615808	-0.697192	3.26699948508268e-09	4.94679196840036e-10	-4.94679196840036e-10
86.658655	0.695668	-0.789891	2.89339600767238e-09	4.38109282524433e-10	-4.38109282524433e-10
88.045557	0.780107	-0.691234	2.94987456292776e-09	4.39741291256462e-10	-4.39741291256462e-10
89.595802	0.706510	-0.770138	2.89327795893497e-09	4.38091430112529e-10	-4.38091430112529e-10
91.136670	0.574708	-0.834358	3.12198952647049e-09	4.6031228028253e-10	-4.6031228028253e-10
92.367381	0.491538	-0.656002	3.73657477052003e-09	5.57015658836838e-10	-5.57015658836838e-10
93.666813	0.570900	-0.807894	3.1512234660138e-09	4.69756640172627e-10	-4.69756640172627e-10
94.787390	0.642342	-0.549677	3.60459139652196e-09	5.54457314586719e-10	-5.54457314586719e-10
96.014189	0.431421	-0.584457	4.28275756084157e-09	6.48482179490122e-10	-6.48482179490122e-10
97.115586	0.614533	-0.669977	3.37669358322039e-09	5.03367769156231e-10	-5.03367769156231e-10
98.705303	0.825271	-0.975183	2.27386922377061e-09	3.55364010958628e-10	-3.55364010958628e-10
100.107933	0.493679	-0.577359	4.0184685056758e-09	5.99037908166499e-10	-5.99037908166499e-10
101.396749	0.642390	-0.795137	2.9711312376875e-09	4.57018651446162e-10	-4.57018651446162e-10
102.994386	0.830996	-0.955246	2.44266026681789e-09	3.69860230219648e-10	-3.69860230219648e-10
104.588264	0.663970	-0.762882	3.02324722973057e-09	4.65035113075862e-10	-4.65035113075862e-10
105.969343	0.757765	-0.717109	3.00046545478231e-09	4.47283019053218e-10	-4.47283019053218e-10
107.515024	0.644279	-0.787916	3.0468355379611e-09	4.54195397243813e-10	-4.54195397243813e-10
108.914162	1.020704	-0.754858	2.41718524959735e-09	3.60332684472189e-10	-3.60332684472189e-10
110.598867	0.720143	-0.664001	3.07567634335372e-09	4.58494748159807e-10	-4.58494748159807e-10
111.876402	0.577697	-0.557391	3.74224571455731e-09	5.66639506161262e-10	-5.66639506161262e-10
113.182193	0.672083	-0.728095	3.10297451302424e-09	4.62564124862719e-10	-4.62564124862719e-10
114.493816	0.643161	-0.639540	3.31674144387787e-09	5.0221100015402e-10	-5.0221100015402e-10
116.031582	0.825816	-0.894605	2.47591162748997e-09	3.69087145231927e-10	-3.69087145231927e-10
117.742444	0.693026	-0.885046	2.64938863876148e-09	4.01162394977464e-10	-4.01162394977464e-10
119.387022	0.704821	-0.951552	2.55448686869136e-09	3.80800458120134e-10	-3.80800458120134e-10
120.783144	0.730209	-0.691302	2.94202809057488e-09	4.45473001313108e-10	-4.45473001313108e-10
122.519996	1.210136	-1.006643	1.91843406055929e-09	2.85983243405994e-10	-2.85983243405994e-10
124.480668	0.729681	-0.750536	2.87923027134334e-09	4.29210346361231e-10	-4.29210346361231e-10
126.047502	0.651982	-0.837152	2.81719638951423e-09	4.26571336243044e-10	-4.26571336243044e-10
127.600382	0.764351	-0.900899	2.54192953039452e-09	3.78928499388591e-10	-3.78928499388591e-10
129.082253	0.675541	-0.717520	3.05243139277145e-09	4.55029590346599e-10	-4.55029590346599e-10
130.361703	0.814021	-0.603909	2.90652260213082e-09	4.54236166940574e-10	-4.54236166940574e-10
131.968926	0.879174	-0.793202	2.5389498018729e-09	3.84440124303247e-10	-3.84440124303247e-10
133.677216	0.866387	-0.829116	2.54388769964736e-09	3.79220404749176e-10	-3.79220404749176e-10
135.130428	0.747519	-0.586825	3.2414994788645e-09	4.83214214969067e-10	-4.83214214969067e-10
136.850151	0.780229	-0.972204	2.4700570083635e-09	3.68214360593021e-10	-3.68214360593021e-10
138.482571	0.638709	-0.852191	2.83459808877761e-09	4.36017100697519e-10	-4.36017100697519e-10
139.774532	0.684629	-0.653253	3.14370768387208e-09	4.83564229610669e-10	-4.83564229610669e-10
141.276977	0.610830	-0.817816	2.98932059172093e-09	4.45621576806653e-10	-4.45621576806653e-10
142.569479	0.743392	-0.681672	2.94900119886024e-09	4.46528868301168e-10	-4.46528868301168e-10
144.180610	0.756609	-0.867739	2.7412671512896e-09	4.08643983885211e-10	-4.08643983885211e-10
145.648569	0.815127	-0.711349	3.00550290463711e-09	4.55084142795718e-10	-4.55084142795718e-10
147.337896	1.312330	-0.874200	2.17137937754173e-09	3.23690173012278e-10	-3.23690173012278e-10
149.531230	0.727317	-0.881004	2.75955793450185e-09	4.17843882145498e-10	-4.17843882145498e-10
151.137789	0.737985	-0.879242	2.60359307368001e-09	4.00484014591044e-10	-4.00484014591044e-10
152.798089	0.922632	-0.922315	2.33295142475144e-09	3.47775905787081e-10	-3.47775905787081e-10
154.701950	0.778307	-0.981229	2.44481843526211e-09	3.70187042704928e-10	-3.70187042704928e-10
156.248524	0.783125	-0.768267	2.81163202376417e-09	4.19133328695716e-10	-4.19133328695716e-10
158.036789	0.823791	-1.005141	2.35671938380828e-09	3.5131899266002e-10	-3.5131899266002e-10
159.724202	0.742932	-0.863622	2.65839109289291e-09	3.96289531299865e-10	-3.96289531299865e-10
161.184630	0.744938	-0.717496	3.01592611076586e-09	4.49587730802391e-10	-4.49587730802391e-10
162.886012	0.998796	-0.956444	2.31232789527364e-09	3.50125674788026e-10	-3.50125674788026e-10
164.711040	0.613069	-0.826232	3.21135658780621e-09	4.86253955346985e-10	-4.86253955346985e-10
166.076164	1.116021	-0.752055	2.41313524263984e-09	3.71187768418825e-10	-3.71187768418825e-10
167.920922	0.760392	-0.728736	3.01336272440673e-09	4.56274265414973e-10	-4.56274265414973e-10
169.376413	0.756666	-0.695099	3.05052106650627e-09	4.61900695227651e-10	-4.61900695227651e-10
170.928186	0.553463	-0.795108	3.28999149070759e-09	4.90442959009361e-10	-4.90442959009361e-10
172.485457	0.901615	-1.003808	2.27602557999585e-09	3.44628920972655e-10	-3.44628920972655e-10
173.953210	0.858936	-0.566138	3.01681768934766e-09	4.56797442825385e-10	-4.56797442825385e-10
175.485137	0.600870	-0.672990	3.38759061735152e-09	5.04992160919206e-10	-5.04992160919206e-10
177.123257	0.795242	-1.037251	2.34574291287326e-09	3.49682707760428e-10	-3.49682707760428e-10
178.914667	0.823872	-0.996167	2.38306127321774e-09	3.55245785743534e-10	-3.55245785743534e-10
180.336305	0.624475	-0.597766	3.57275378847353e-09	5.32594677499044e-10	-5.32594677499044e-10
181.667471	0.851821	-0.706691	2.74635164453583e-09	4.15844241128785e-10	-4.15844241128785e-10
183.374905	0.740250	-0.855612	2.64592020348587e-09	4.00637269912723e-10	-4.00637269912723e-10
184.886187	0.705652	-0.771032	2.85999939430077e-09	4.33052424218215e-10	-4.33052424218215e-10
186.314237	0.599475	-0.722398	3.33903253833343e-09	4.97753620267634e-10	-4.97753620267634e-10
187.806429	0.786784	-0.892717	2.71485860182588e-09	4.04707190323355e-10	-4.04707190323355e-10
189.441037	0.856547	-0.847824	2.62691963086248e-09	4.04072102202617e-10	-4.04072102202617e-10
191.036385	0.711192	-0.738802	3.12898902360311e-09	4.7378202542268e-10	-4.7378202542268e-10
192.733122	0.966144	-0.985545	2.29899129169239e-09	3.53630263243146e-10	-3.53630263243146e-10
194.664921	1.019838	-0.965655	2.23703712281421e-09	3.44100459465192e-10	-3.44100459465192e-10
196.814111	0.756508	-1.129352	2.35384930124283e-09	3.56412737918227e-10	-3.56412737918227e-10
198.473803	0.972004	-0.903184	2.31566572745515e-09	3.5619505815167e-10	-3.5619505815167e-10
200.531625	0.791155	-1.085819	2.29692991238127e-09	3.47794198232326e-10	-3.47794198232326e-10
202.339090	0.846435	-1.016310	2.30310442569953e-09	3.43326553068705e-10	-3.43326553068705e-10
204.155154	0.777481	-0.969629	2.4146968443649e-09	3.6562609150613e-10	-3.6562609150613e-10
205.898136	0.984388	-0.965501	2.20002094476664e-09	3.27959794867116e-10	-3.27959794867116e-10
207.598044	0.723796	-0.715520	2.99909527017491e-09	4.47078766941642e-10	-4.47078766941642e-10
209.073023	0.919405	-0.751184	2.56972396640012e-09	3.95274222807886e-10	-3.95274222807886e-10
210.907146	0.880409	-0.914717	2.47919022451725e-09	3.75391529310827e-10	-3.75391529310827e-10
212.746725	0.714996	-0.959170	2.70383302071933e-09	4.0306362432954e-10	-4.0306362432954e-10
214.227076	0.921222	-0.765355	2.63722510850357e-09	3.93134328854449e-10	-3.93134328854449e-10
216.218095	0.703994	-1.069798	2.38662699301782e-09	3.67110287456139e-10	-3.67110287456139e-10
217.730048	0.789687	-0.807959	2.69221805456541e-09	4.01332209012366e-10	-4.01332209012366e-10
219.413905	0.790664	-0.894170	2.53198190527509e-09	3.77445565864258e-10	-3.77445565864258e-10
221.063772	0.804275	-0.859204	2.51716868097204e-09	3.81142107318762e-10	-3.81142107318762e-10
222.491873	0.726511	-0.623826	3.13607660718451e-09	4.67498688325714e-10	-4.67498688325714e-10
224.296256	0.765292	-1.077872	2.26887294093631e-09	3.43545889102215e-10	-3.43545889102215e-10
225.993015	1.048689	-0.931466	2.119923888996e-09	3.20992510908313e-10	-3.20992510908313e-10
228.131296	0.922596	-1.089592	2.12297579085801e-09	3.16474521174725e-10	-3.16474521174725e-10
229.893408	0.786602	-0.839516	2.61978470774304e-09	4.02974589108351e-10	-4.02974589108351e-10
231.355763	0.688824	-0.675753	3.26673774212802e-09	4.86976528012506e-10	-4.86976528012506e-10
233.371926	1.384041	-1.327339	1.67908417679907e-09	2.50303116056586e-10	-2.50303116056586e-10
235.584066	0.927893	-0.828100	2.53681268232268e-09	3.84116513090036e-10	-3.84116513090036e-10
237.597401	0.976565	-1.085442	2.16830741448115e-09	3.23232185666489e-10	-3.23232185666489e-10
239.601641	0.838596	-1.027675	2.39818945642735e-09	3.57501011406726e-10	-3.57501011406726e-10
241.505803	0.927043	-1.065566	2.25449168862646e-09	3.41368294687973e-10	-3.41368294687973e-10
243.319492	0.965436	-0.886645	2.49306649065344e-09	3.7164444107805e-10	-3.7164444107805e-10
245.566259	1.015507	-1.281331	1.95586755692329e-09	3.00850994324906e-10	-3.00850994324906e-10
247.371772	1.110076	-0.790006	2.3329044970869e-09	3.5324132988505e-10	-3.5324132988505e-10
249.490176	0.918465	-1.008329	2.26038230303409e-09	3.36957918232602e-10	-3.36957918232602e-10
251.381262	0.879437	-0.972621	2.33905348606692e-09	3.48685493225565e-10	-3.48685493225565e-10
252.893962	0.578342	-0.633263	3.58835123707903e-09	5.3491978001854e-10	-5.3491978001854e-10
254.348660	1.034398	-0.876356	2.22885539300686e-09	3.42841939395662e-10	-3.42841939395662e-10
256.303962	0.792385	-0.920904	2.52194379760269e-09	3.75949160780997e-10	-3.75949160780997e-10
257.999299	0.920651	-0.902952	2.34688031912922e-09	3.49852299198995e-10	-3.49852299198995e-10
259.911493	0.830269	-0.991543	2.33987387329187e-09	3.48807785317336e-10	-3.48807785317336e-10
262.107186	1.392221	-1.365424	1.48913440108923e-09	2.32724337196138e-10	-2.32724337196138e-10
264.574292	0.880345	-1.074885	2.12608022510904e-09	3.27033076530638e-10	-3.27033076530638e-10
266.385945	0.890511	-0.931307	2.33983875726945e-09	3.48802594433377e-10	-3.48802594433377e-10
268.379593	0.937517	-1.103137	2.01276032983445e-09	3.14557471846531e-10	-3.14557471846531e-10
270.798560	1.461216	-1.481449	1.41765445048821e-09	2.18063247540185e-10	-2.18063247540185e-10
273.625459	1.205126	-1.365683	1.66931834506316e-09	2.48847257930553e-10	-2.48847257930553e-10
276.334408	1.187985	-1.503824	1.58327508786581e-09	2.39734733447082e-10	-2.39734733447082e-10
278.842341	1.094316	-1.319948	1.77602232745851e-09	2.68919934330371e-10	-2.68919934330371e-10
281.218787	1.007607	-1.282130	1.90796736793962e-09	2.84422978287691e-10	-2.84422978287691e-10
283.105611	1.067123	-0.879217	2.27581019691264e-09	3.39257739508058e-10	-3.39257739508058e-10
285.096152	0.893079	-0.923418	2.35415044019869e-09	3.73850816190829e-10	-3.73850816190829e-10
287.225837	1.081581	-1.236606	1.86293407523839e-09	2.91142390675445e-10	-2.91142390675445e-10
289.322295	0.842519	-1.014877	2.32604984152001e-09	3.52203399547923e-10	-3.52203399547923e-10
291.273091	1.010634	-1.108277	2.00506536895223e-09	3.036009764559e-10	-3.036009764559e-10
293.020065	1.258066	-0.736339	2.13409808989227e-09	3.2313864531033e-10	-3.2313864531033e-10
295.489858	0.916096	-1.211728	1.9808797754258e-09	3.04698356461083e-10	-3.04698356461083e-10
297.232088	0.862259	-0.826134	2.51500652773803e-09	3.86857632349947e-10	-3.86857632349947e-10
299.197415	1.515781	-1.103068	1.65775031885337e-09	2.5101157768176e-10	-2.5101157768176e-10
302.032234	1.182404	-1.319038	1.74549957768697e-09	2.64298303285602e-10	-2.64298303285602e-10
303.954395	0.873905	-0.739757	2.69000194904125e-09	4.01001777431597e-10	-4.01001777431597e-10
305.890645	0.916043	-1.062345	2.127424879273e-09	3.22128213191148e-10	-3.22128213191148e-10
307.882988	1.494507	-1.076301	1.63029840396553e-09	2.50772026770659e-10	-2.50772026770659e-10
310.836291	1.197431	-1.458796	1.66867013894092e-09	2.48750610110163e-10	-2.48750610110163e-10
313.195330	0.978682	-1.161609	2.12269707778145e-09	3.16432979251082e-10	-3.16432979251082e-10
315.308387	0.920506	-1.134374	2.17350837816711e-09	3.24007480763347e-10	-3.24007480763347e-10
317.388339	1.357992	-1.159446	1.74493411708993e-09	2.60119394424342e-10	-2.60119394424342e-10
320.130963	1.202208	-1.384632	1.65330003257115e-09	2.50337657554084e-10	-2.50337657554084e-10
322.904757	1.061521	-1.571585	1.61559977401018e-09	2.44629192066461e-10	-2.44629192066461e-10
325.108584	1.209679	-1.142305	1.82220361564832e-09	2.71638108932918e-10	-2.71638108932918e-10
327.559703	1.308038	-1.241440	1.64942466453951e-09	2.49750905660868e-10	-2.49750905660868e-10
329.850497	0.945805	-0.982755	2.19932773814631e-09	3.27856466570501e-10	-3.27856466570501e-10
331.988518	0.868019	-1.192216	2.06666589481411e-09	3.08080338582537e-10	-3.08080338582537e-10
334.116634	0.817891	-1.260097	2.09380626183256e-09	3.12126172343114e-10	-3.12126172343114e-10
336.308876	1.123533	-1.374351	1.77410139336385e-09	2.72891807216793e-10	-2.72891807216793e-10
338.348999	1.366018	-0.916590	2.06908072043879e-09	3.08440310888807e-10	-3.08440310888807e-10
340.848291	0.955424	-1.133274	2.18909993702826e-09	3.2633176287321e-10	-3.2633176287321e-10
343.597714	1.830060	-1.793999	1.17645196912871e-09	1.8096153358576e-10	-1.8096153358576e-10
346.383437	0.955106	-0.955663	2.2121409890733e-09	3.34955748335945e-10	-3.34955748335945e-10
348.645394	1.107420	-1.306851	1.8278888926979e-09	2.72485620217224e-10	-2.72485620217224e-10
350.962322	1.167368	-1.209508	1.91673393312631e-09	2.85729788912857e-10	-2.85729788912857e-10
353.560608	0.894407	-1.430918	1.94875245845766e-09	2.90502873516506e-10	-2.90502873516506e-10
355.673620	1.238360	-1.218604	1.77030718245016e-09	2.7230820470065e-10	-2.7230820470065e-10
358.545520	1.321561	-1.633540	1.45734878437836e-09	2.20667339805744e-10	-2.20667339805744e-10
361.402376	1.656450	-1.535295	1.3644207999194e-09	2.06596467307831e-10	-2.06596467307831e-10
364.296828	1.202960	-1.238002	1.82582136789619e-09	2.7217735232227e-10	-2.7217735232227e-10
366.446618	0.917688	-0.946829	2.39036515882651e-09	3.56334625878846e-10	-3.56334625878846e-10
368.278600	0.932409	-0.914295	2.36949650754708e-09	3.5322371053961e-10	-3.5322371053961e-10
370.356752	0.994535	-1.145743	1.97726610447104e-09	2.99391622790118e-10	-2.99391622790118e-10
372.515594	1.233961	-1.164307	1.8061716972167e-09	2.69248189735181e-10	-2.69248189735181e-10
375.116822	0.872645	-1.367267	1.96397679175371e-09	2.92772330436609e-10	-2.92772330436609e-10
377.278056	1.278660	-1.288589	1.70189097779511e-09	2.57695238116183e-10	-2.57695238116183e-10
379.824947	1.103357	-1.268231	1.90652823366685e-09	2.81102253680807e-10	-2.81102253680807e-10
382.200787	1.444222	-1.272483	1.6284573790343e-09	2.42756118059396e-10	-2.42756118059396e-10
384.958742	1.392299	-1.313733	1.63933997771599e-09	2.48223942699505e-10	-2.48223942699505e-10
387.602950	0.984440	-1.251909	2.01527801300522e-09	3.05147278682276e-10	-3.05147278682276e-10
390.055554	1.691556	-1.468164	1.39762658328451e-09	2.14982531316743e-10	-2.14982531316743e-10
393.387777	1.661366	-1.640666	1.27861963270504e-09	1.96676960618854e-10	-1.96676960618854e-10
396.112567	1.220978	-1.063425	1.8595001749271e-09	2.77197919513646e-10	-2.77197919513646e-10
398.826402	1.410653	-1.492857	1.41884904086194e-09	2.21740086496163e-10	-2.21740086496163e-10
401.162864	1.255409	-0.925808	1.97218986738855e-09	2.93996701576875e-10	-2.93996701576875e-10
404.188960	1.296501	-1.770687	1.36106527938969e-09	2.09358684673782e-10	-2.09358684673782e-10
407.144179	1.273270	-1.658718	1.39526360042679e-09	2.18054114046176e-10	-2.18054114046176e-10
410.008931	1.345848	-1.591482	1.42608207263606e-09	2.19359539869758e-10	-2.19359539869758e-10
412.719716	1.380227	-1.364937	1.57930898001026e-09	2.39134149571652e-10	-2.39134149571652e-10
415.294871	1.334979	-1.194929	1.71638989690556e-09	2.59890556302762e-10	-2.59890556302762e-10
418.163348	1.418064	-1.533499	1.46230858282716e-09	2.17988073203257e-10	-2.17988073203257e-10
420.857169	1.067336	-1.275757	1.8034146598173e-09	2.73067614026665e-10	-2.73067614026665e-10
423.214222	1.370072	-1.289717	1.60828703762692e-09	2.43521972309357e-10	-2.43521972309357e-10
426.052689	1.652185	-1.468395	1.40804626356988e-09	2.0989916956395e-10	-2.0989916956395e-10
429.040732	1.304337	-1.335858	1.68886186780256e-09	2.51760660344673e-10	-2.51760660344673e-10
431.986887	1.224344	-1.641819	1.57840385318981e-09	2.35294601485328e-10	-2.35294601485328e-10
434.519479	1.006386	-1.308248	1.97247674616413e-09	2.94039499860751e-10	-2.94039499860751e-10
436.615331	0.965434	-1.089467	2.17255272631145e-09	3.23865017928166e-10	-3.23865017928166e-10
439.161200	1.461856	-1.580435	1.39388920007451e-09	2.14407661170585e-10	-2.14407661170585e-10
442.050373	1.203987	-1.427317	1.5794375342396e-09	2.42948704947124e-10	-2.42948704947124e-10
444.350785	1.632749	-1.096425	1.55574907359477e-09	2.3191735076364e-10	-2.3191735076364e-10
447.645948	1.196610	-1.662414	1.4816577901795e-09	2.20872516567751e-10	-2.20872516567751e-10
450.094385	1.468447	-1.251828	1.56241660240822e-09	2.32911312534565e-10	-2.32911312534565e-10
453.100972	1.292447	-1.538139	1.50742736260323e-09	2.24713964094211e-10	-2.24713964094211e-10
455.821791	1.532081	-1.428371	1.47088217292291e-09	2.26250653918783e-10	-2.26250653918783e-10
459.258915	1.647865	-1.905044	1.32268292824936e-09	2.00276681039684e-10	-2.00276681039684e-10
462.515498	1.406881	-1.608718	1.56993958734541e-09	2.38684332833343e-10	-2.38684332833343e-10
465.951617	1.838550	-2.029238	1.14086301189545e-09	1.70069831177528e-10	-1.70069831177528e-10
469.661853	1.729268	-1.871685	1.17489061972902e-09	1.77898433508429e-10	-1.77898433508429e-10
472.953459	1.374989	-1.562338	1.45707843052953e-09	2.20626395795446e-10	-2.20626395795446e-10
475.500891	1.254269	-1.172443	1.79924733627387e-09	2.68215941592851e-10	-2.68215941592851e-10
478.266593	1.379632	-1.511433	1.48893053407704e-09	2.25449352504542e-10	-2.25449352504542e-10
481.096358	1.378677	-1.450132	1.50044794326347e-09	2.30798540469576e-10	-2.30798540469576e-10
484.080263	1.495761	-1.605229	1.39588184550084e-09	2.08085735339236e-10	-2.08085735339236e-10
487.153187	1.484705	-1.577163	1.40180608907273e-09	2.08968954175745e-10	-2.08968954175745e-10
489.754882	1.124698	-1.116991	1.91055315290767e-09	2.84808440649774e-10	-2.84808440649774e-10
492.343769	1.252519	-1.464188	1.59156714287607e-09	2.37256775634759e-10	-2.37256775634759e-10
495.300237	1.610544	-1.703949	1.30024324791565e-09	1.96878939253425e-10	-1.96878939253425e-10
498.233039	1.223685	-1.322257	1.71591891103998e-09	2.55794106832353e-10	-2.55794106832353e-10
500.400349	1.185978	-0.943625	1.97796834046948e-09	3.09120105979536e-10	-3.09120105979536e-10
502.577675	0.987010	-0.991348	2.17767488847127e-09	3.29736934924563e-10	-3.29736934924563e-10
504.882777	1.354157	-1.318092	1.62056176324291e-09	2.41579123559207e-10	-2.41579123559207e-10
508.016894	1.648406	-1.779960	1.22422702537351e-09	1.88310227717671e-10	-1.88310227717671e-10
511.425549	1.394115	-1.760249	1.34605867795985e-09	2.03816157812406e-10	-2.03816157812406e-10
514.162765	1.507058	-1.343101	1.50693019453832e-09	2.24639917248409e-10	-2.24639917248409e-10
517.347958	1.421097	-1.678135	1.38134016950834e-09	2.05918046515497e-10	-2.05918046515497e-10
520.131725	1.302431	-1.362670	1.5818010262363e-09	2.3951151588303e-10	-2.3951151588303e-10
522.712753	1.534193	-1.278597	1.52260667461931e-09	2.34206982279974e-10	-2.34206982279974e-10
525.947810	1.238245	-1.700864	1.52199806802525e-09	2.34113348595705e-10	-2.34113348595705e-10
528.972286	1.892976	-1.786231	1.2737794505013e-09	1.89883809754327e-10	-1.89883809754327e-10
532.226904	1.266118	-1.361642	1.78379217325864e-09	2.65911994793849e-10	-2.65911994793849e-10
534.934987	1.525617	-1.441966	1.52112481600282e-09	2.37723853279008e-10	-2.37723853279008e-10
537.777441	1.156133	-1.316837	1.87095075141322e-09	2.78904895929704e-10	-2.78904895929704e-10
540.383341	1.878949	-1.449766	1.37251333467552e-09	2.04602197288999e-10	-2.04602197288999e-10
543.557063	1.142633	-1.294773	1.82384648501579e-09	2.76161285994779e-10	-2.76161285994779e-10
546.505298	1.379013	-1.805601	1.38206069998045e-09	2.09267455353243e-10	-2.09267455353243e-10
549.684390	1.628291	-1.800079	1.27094405306859e-09	1.92442466176335e-10	-1.92442466176335e-10
553.178639	1.357826	-1.865958	1.33219058677814e-09	2.01716313010137e-10	-2.01716313010137e-10
556.235688	1.325264	-1.699223	1.38266262311639e-09	2.12680767788738e-10	-2.12680767788738e-10
559.301681	1.922471	-1.740729	1.15783788259523e-09	1.72600282864291e-10	-1.72600282864291e-10
562.321132	1.555689	-1.096979	1.58413982416317e-09	2.39865689269772e-10	-2.39865689269772e-10
565.834130	1.663187	-1.957309	1.17984184745581e-09	1.75880454044413e-10	-1.75880454044413e-10
569.032850	1.520998	-1.535533	1.40095236371728e-09	2.12127993970274e-10	-2.12127993970274e-10
572.003348	1.738687	-1.449500	1.36273624117923e-09	2.06341449782827e-10	-2.06341449782827e-10
575.369895	1.435767	-1.627860	1.42786923699538e-09	2.16203628976022e-10	-2.16203628976022e-10
578.948335	1.524101	-2.142672	1.17148223684317e-09	1.80197121409621e-10	-1.80197121409621e-10
581.868226	1.328044	-1.395790	1.56455755671921e-09	2.40659815871077e-10	-2.40659815871077e-10
584.735318	1.529917	-1.539048	1.3854928381452e-09	2.09787096979107e-10	-2.09787096979107e-10
588.347656	1.870793	-2.082421	1.07927872271727e-09	1.60889387393499e-10	-1.60889387393499e-10
592.273960	1.693094	-2.055511	1.12517933525809e-09	1.70371265573039e-10	-1.70371265573039e-10
595.853790	2.226583	-1.886736	1.00294031747827e-09	1.56741189043773e-10	-1.56741189043773e-10
599.930857	1.264765	-1.850484	1.35668490574356e-09	2.08684880739052e-10	-2.08684880739052e-10
602.685819	1.383065	-1.490198	1.48264221783047e-09	2.28059605981679e-10	-2.28059605981679e-10
605.511789	1.848470	-1.442905	1.34238878024542e-09	2.00111522992558e-10	-2.00111522992558e-10
608.718224	1.554455	-1.357965	1.53887994702555e-09	2.29402697120357e-10	-2.29402697120357e-10
612.305070	1.776694	-2.032391	1.18612184972507e-09	1.76816578899066e-10	-1.76816578899066e-10
616.020077	2.041589	-1.938313	1.13716388610601e-09	1.69518332973773e-10	-1.69518332973773e-10
619.373246	1.652435	-1.311580	1.52829436142982e-09	2.27824688089454e-10	-2.27824688089454e-10
623.010055	2.009730	-1.984374	1.09132770310009e-09	1.65245572643664e-10	-1.65245572643664e-10
626.842021	1.446011	-1.822235	1.28153677086269e-09	1.97125603583153e-10	-1.97125603583153e-10
630.338588	1.769212	-2.050556	1.11932393114485e-09	1.66858929581613e-10	-1.66858929581613e-10
633.858158	1.905732	-1.750358	1.16558511607355e-09	1.79290005135534e-10	-1.79290005135534e-10
637.750781	1.594477	-1.986891	1.21594022572806e-09	1.84114016552391e-10	-1.84114016552391e-10
641.157389	1.728304	-1.812131	1.23523095242728e-09	1.84137359376196e-10	-1.84137359376196e-10
645.157421	1.969706	-2.271728	1.00894605383756e-09	1.52771575144524e-10	-1.52771575144524e-10
649.057462	1.795135	-1.930335	1.1228836877172e-09	1.72721682539656e-10	-1.72721682539656e-10
653.147979	1.809042	-2.295382	1.03496417018435e-09	1.54283382526024e-10	-1.54283382526024e-10
657.042791	1.636149	-2.085770	1.11423980217282e-09	1.71392111006622e-10	-1.71392111006622e-10
660.685764	1.896559	-2.006824	8.83488883327107e-10	1.48031610763379e-10	-1.48031610763379e-10
664.278751	1.724821	-1.696427	1.21661875782847e-09	1.9013513034403e-10	-1.9013513034403e-10
667.728867	1.841841	-1.725296	1.18328216684498e-09	1.84925318566434e-10	-1.84925318566434e-10
671.159573	1.284401	-1.588865	1.50184076564526e-09	2.27404207334064e-10	-2.27404207334064e-10
674.082800	1.369672	-1.638826	1.42897838047242e-09	2.13019501112996e-10	-2.13019501112996e-10
677.333498	1.531349	-1.881025	1.24376024945716e-09	1.85408812384378e-10	-1.85408812384378e-10
681.110829	2.141300	-2.245982	9.66088481775053e-10	1.44016017298538e-10	-1.44016017298538e-10
684.802398	1.910126	-1.550269	1.22394907473146e-09	1.82455551531582e-10	-1.82455551531582e-10
688.861957	2.145354	-2.149434	9.62822798553232e-10	1.48101116954428e-10	-1.48101116954428e-10
692.536665	1.612576	-1.529354	1.33817164800885e-09	2.02621888135837e-10	-2.02621888135837e-10
696.110566	1.883363	-1.961325	1.10649277344935e-09	1.67541772760146e-10	-1.67541772760146e-10
700.391785	2.003659	-2.397857	6.37636644007845e-10	1.22046934023978e-10	-1.22046934023978e-10
703.925808	1.997651	-1.530364	9.39340135496848e-10	1.63518122362268e-10	-1.63518122362268e-10
708.048949	1.740513	-2.125490	8.12972752554686e-10	1.48427804969737e-10	-1.48427804969737e-10
711.880766	1.787186	-2.091304	1.25502397276482e-09	1.87087885171987e-10	-1.87087885171987e-10
715.946020	1.602202	-2.278068	1.16735451824578e-09	1.79562143297479e-10	-1.79562143297479e-10
719.541248	2.271517	-1.993025	1.03178394085069e-09	1.56229638822773e-10	-1.56229638822773e-10
723.549708	1.976088	-1.736943	1.11393060554561e-09	1.76897739554169e-10	-1.76897739554169e-10
727.389494	1.520177	-1.863698	9.00222692009797e-10	1.59138419110575e-10	-1.59138419110575e-10
730.872644	1.885260	-1.962974	1.06577425560566e-09	1.665609383651e-10	-1.665609383651e-10
735.153325	1.835327	-2.395421	9.90923898846415e-10	1.52423640043584e-10	-1.52423640043584e-10
739.018065	2.338319	-2.029413	9.86412348819486e-10	1.47045644973012e-10	-1.47045644973012e-10
743.032493	1.608152	-1.676108	8.51793718752557e-10	1.5920847990478e-10	-1.5920847990478e-10
746.364201	2.409342	-1.723556	8.77937187029619e-10	1.43139751708142e-10	-1.43139751708142e-10
750.638532	1.871160	-1.864990	1.13338208168011e-09	1.6895458914196e-10	-1.6895458914196e-10
754.396393	2.027371	-1.886700	1.08156865458146e-09	1.61230697863525e-10	-1.61230697863525e-10
758.809482	1.716914	-2.385718	1.01055815661532e-09	1.55443742381526e-10	-1.55443742381526e-10
762.584767	1.681338	-2.058370	7.60783790929086e-10	1.38899510816515e-10	-1.38899510816515e-10
766.018754	1.303884	-1.752649	1.40598103255102e-09	2.09591274177284e-10	-2.09591274177284e-10
769.228974	1.973911	-1.906335	1.06117335907428e-09	1.68519660490228e-10	-1.68519660490228e-10
772.948881	1.924337	-1.745995	8.9348614584701e-10	1.56435370245811e-10	-1.56435370245811e-10
776.996509	2.094994	-2.123291	1.03631894787743e-09	1.61957658563574e-10	-1.61957658563574e-10
780.766644	1.797707	-1.675141	8.74242144312624e-10	1.59614082679269e-10	-1.59614082679269e-10
784.814626	1.608644	-2.250275	7.42242015892686e-10	1.42068974816399e-10	-1.42068974816399e-10
788.165068	2.042379	-1.741798	9.01011902413009e-10	1.52298805119209e-10	-1.52298805119209e-10
791.905927	1.847313	-1.698480	8.16994902542803e-10	1.52704249887526e-10	-1.52704249887526e-10
795.511903	1.527376	-1.758663	9.11845007872962e-10	1.66479382757327e-10	-1.66479382757327e-10
798.893423	1.524390	-1.854144	8.67658527935448e-10	1.66074329777642e-10	-1.66074329777642e-10
802.845698	2.053732	-2.427885	9.92247012455464e-10	1.50243060621877e-10	-1.50243060621877e-10
806.989525	2.154858	-2.090095	1.03431031271295e-09	1.54185903611478e-10	-1.54185903611478e-10
811.255625	1.817064	-2.111242	1.10840031349715e-09	1.65230552555695e-10	-1.65230552555695e-10
814.949358	1.500106	-1.876670	9.10333008050835e-10	1.68206201614277e-10	-1.68206201614277e-10
818.609662	2.691459	-2.160197	9.4804762805678e-10	1.41326600740836e-10	-1.41326600740836e-10
823.357732	2.471263	-2.056612	1.03687808163493e-09	1.5456870393331e-10	-1.5456870393331e-10
827.224760	2.004122	-1.395765	9.32125051538879e-10	1.70181956416026e-10	-1.70181956416026e-10
831.601197	2.272959	-2.372315	1.03808990487597e-09	1.54749269135979e-10	-1.54749269135979e-10
835.356250	1.734560	-1.482093	9.79540444785841e-10	1.83085595578191e-10	-1.83085595578191e-10
839.078151	1.766595	-1.987342	1.22972769543499e-09	1.83316957198856e-10	-1.83316957198856e-10
842.492661	1.584744	-1.647915	8.82661113029364e-10	1.68945843578041e-10	-1.68945843578041e-10
845.820839	2.183094	-1.743433	7.13546969223701e-10	1.33368857395735e-10	-1.33368857395735e-10
849.805343	2.358163	-1.801410	8.7262489295646e-10	1.42273612353284e-10	-1.42273612353284e-10
853.582141	1.885197	-1.418634	8.24477035916803e-10	1.5780914303582e-10	-1.5780914303582e-10
857.424000	1.297352	-1.956663	8.7898672648949e-10	1.60480258848294e-10	-1.60480258848294e-10
860.399074	1.933879	-1.677721	8.26428759523456e-10	1.51840022901709e-10	-1.51840022901709e-10
864.393726	1.670050	-2.060773	7.99300334320939e-10	1.49396964076313e-10	-1.49396964076313e-10
867.644430	2.139493	-1.580655	9.17518036147569e-10	1.58237398248398e-10	-1.58237398248398e-10
871.718626	1.710702	-1.934703	7.64068803829919e-10	1.46246648952421e-10	-1.46246648952421e-10
874.970804	1.821066	-1.541476	8.53894336753696e-10	1.55899056780747e-10	-1.55899056780747e-10
879.121019	1.890934	-2.329150	1.03722356977357e-09	1.54620167972232e-10	-1.54620167972232e-10
882.920957	1.852048	-1.909003	1.17472837274086e-09	1.75118148340461e-10	-1.75118148340461e-10
886.698535	1.979644	-1.925531	1.09447955727836e-09	1.65722796846811e-10	-1.65722796846811e-10
890.066508	1.995549	-1.388329	8.77724671141973e-10	1.58611578310675e-10	-1.58611578310675e-10
893.892077	1.907909	-1.830020	7.55231543626484e-10	1.37885782145883e-10	-1.37885782145883e-10
897.891092	1.863872	-2.091106	7.14055296313642e-10	1.30368113437468e-10	-1.30368113437468e-10
901.722490	1.325630	-1.967526	8.61450378890336e-10	1.57278630899039e-10	-1.57278630899039e-10
905.045955	1.934009	-1.997835	6.99669114504967e-10	1.33920273549494e-10	-1.33920273549494e-10
908.837371	2.207893	-1.857407	8.8210803444254e-10	1.45769319772975e-10	-1.45769319772975e-10
912.652644	1.813853	-1.607381	8.62642176311944e-10	1.54935110198213e-10	-1.54935110198213e-10
916.438164	1.645291	-1.971667	7.85759685039164e-10	1.43459399754174e-10	-1.43459399754174e-10
920.267471	2.203307	-2.184016	9.61281559258743e-10	1.45554362299936e-10	-1.45554362299936e-10
924.587335	2.532278	-2.116557	9.02669227197427e-10	1.36082482008668e-10	-1.36082482008668e-10
929.198630	1.975601	-2.079017	7.04701195394044e-10	1.31715415554445e-10	-1.31715415554445e-10
933.004955	1.761333	-1.830723	9.03706622165913e-10	1.57315118217984e-10	-1.57315118217984e-10
936.402400	1.571612	-1.636112	9.08064380151264e-10	1.69725957019005e-10	-1.69725957019005e-10
939.799732	2.333875	-1.825721	9.05928590436058e-10	1.50416516156952e-10	-1.50416516156952e-10
944.001027	2.272586	-1.867419	1.06519610381369e-09	1.58790094253317e-10	-1.58790094253317e-10
947.779700	2.157119	-1.506086	8.74654083522773e-10	1.53138191370272e-10	-1.53138191370272e-10
952.155275	2.159970	-2.218457	9.69511147838659e-10	1.46800479447439e-10	-1.46800479447439e-10
956.607513	2.577181	-2.292267	8.9042109923882e-10	1.36396941054577e-10	-1.36396941054577e-10
961.072644	1.679194	-1.887951	9.48122921586836e-10	1.65047054854318e-10	-1.65047054854318e-10
964.416588	2.071408	-1.664750	7.99323949615667e-10	1.45935939575827e-10	-1.45935939575827e-10
968.076986	2.415778	-1.588991	6.69282580906689e-10	1.34468455898799e-10	-1.34468455898799e-10
972.655145	1.853104	-2.162380	7.2190410450882e-10	1.31801063916881e-10	-1.31801063916881e-10
976.437290	1.654128	-1.929040	8.26442461927683e-10	1.508870349995e-10	-1.508870349995e-10
980.021168	1.747669	-1.929750	8.22294899627439e-10	1.50129854103163e-10	-1.50129854103163e-10
983.284331	2.078331	-1.515494	8.34568390227404e-10	1.52370652225824e-10	-1.52370652225824e-10
987.485247	1.640261	-2.122586	7.69012576621515e-10	1.43735872501436e-10	-1.43735872501436e-10
991.339626	1.701715	-2.214118	7.2978980421442e-10	1.36404810129276e-10	-1.36404810129276e-10
995.193319	2.251356	-2.151978	6.608503206164e-10	1.20654228573197e-10	-1.20654228573197e-10
999.922848	1.905572	-2.478173	6.39256522385938e-10	1.22356969462975e-10	-1.22356969462975e-10
1003.607408	2.033673	-1.778988	8.895688158705e-10	1.54201024518252e-10	-1.54201024518252e-10
1007.520611	2.000741	-1.879530	1.11627384312781e-09	1.6902283984826e-10	-1.6902283984826e-10
1010.961252	1.753611	-1.439899	9.14662602693377e-10	1.66993763122796e-10	-1.66993763122796e-10
1014.381273	1.995018	-1.666411	7.93468305823637e-10	1.44866809112956e-10	-1.44866809112956e-10
1018.555780	2.028142	-2.179490	6.60965988841345e-10	1.26512303622405e-10	-1.26512303622405e-10
1021.967082	1.815682	-1.383160	8.81885873185782e-10	1.64833017332228e-10	-1.64833017332228e-10
1025.116084	1.883334	-1.333320	8.90444551819232e-10	1.62572223600114e-10	-1.62572223600114e-10
1029.308704	1.973067	-2.309285	6.65748641241048e-10	1.215485207655e-10	-1.215485207655e-10
1033.213567	2.307821	-1.931796	6.74918840838435e-10	1.26148818331569e-10	-1.26148818331569e-10
1037.616653	1.642681	-2.095266	8.25336354058944e-10	1.5068515565949e-10	-1.5068515565949e-10
1042.113491	2.170088	-2.854157	6.50918609782067e-10	1.18840966513526e-10	-1.18840966513526e-10
1046.780684	2.993252	-2.497105	5.95547404173272e-10	1.13990843864747e-10	-1.13990843864747e-10
1051.839511	2.097565	-2.065575	7.6965299196161e-10	1.40518816628853e-10	-1.40518816628853e-10
1055.173411	2.165348	-1.236334	9.07386007011374e-10	1.65665287435675e-10	-1.65665287435675e-10
1059.654075	1.799792	-2.315316	1.05799613519579e-09	1.60198611732683e-10	-1.60198611732683e-10
1062.979857	2.427212	-1.525990	1.11437395857163e-09	1.71412669742469e-10	-1.71412669742469e-10
1067.433904	2.433413	-2.026834	1.03339688116841e-09	1.56473824238127e-10	-1.56473824238127e-10
1071.748155	1.499495	-1.880839	9.0477954302879e-10	1.69112012731112e-10	-1.69112012731112e-10
1075.097951	1.578068	-1.850302	8.75239941685629e-10	1.59796208599321e-10	-1.59796208599321e-10
1079.485521	2.609698	-2.809502	5.17622978489385e-10	9.67487133915266e-11	-9.67487133915266e-11
1083.825725	1.857985	-1.730506	7.96209075384221e-10	1.48819166893008e-10	-1.48819166893008e-10
1087.488470	1.701893	-1.804760	8.58371708077212e-10	1.56716522821607e-10	-1.56716522821607e-10
1091.504141	2.482726	-2.313777	6.23665224311756e-10	1.16569095786947e-10	-1.16569095786947e-10
1095.937448	1.426174	-1.950582	8.58036589473023e-10	1.64232616968665e-10	-1.64232616968665e-10
1099.335510	2.225067	-1.971888	6.95185241786409e-10	1.29936814325947e-10	-1.29936814325947e-10
1103.354964	1.561037	-1.794387	8.45906057422035e-10	1.58108033660644e-10	-1.58108033660644e-10
1106.745622	1.666351	-1.829621	8.2067308104976e-10	1.50782514852108e-10	-1.50782514852108e-10
1110.449687	1.952849	-2.037714	6.82870516834397e-10	1.30704936883811e-10	-1.30704936883811e-10
1114.454661	1.876165	-2.052125	7.07445748676437e-10	1.32228482693104e-10	-1.32228482693104e-10
1118.847094	2.166388	-2.516268	5.7059076115385e-10	1.11875679582762e-10	-1.11875679582762e-10
1122.746973	1.972422	-1.733492	7.61490422229052e-10	1.39028469913837e-10	-1.39028469913837e-10
1127.496797	1.969285	-2.777402	6.12582149694554e-10	1.11841692048242e-10	-1.11841692048242e-10
1131.661782	1.645430	-2.195700	7.86129004644907e-10	1.43526874251617e-10	-1.43526874251617e-10
1135.419568	2.161102	-2.112356	7.30235323469791e-10	1.33322109963433e-10	-1.33322109963433e-10
1139.544781	1.314792	-1.964110	9.43820542527071e-10	1.72317249849748e-10	-1.72317249849748e-10
1142.811326	2.149117	-1.951753	7.4399848481793e-10	1.3583489048608e-10	-1.3583489048608e-10
1146.381959	1.846745	-1.421515	9.49457576306581e-10	1.70527605385742e-10	-1.70527605385742e-10
1149.940405	1.889225	-1.711701	8.22092852326116e-10	1.50092968678881e-10	-1.50092968678881e-10
1153.716558	2.046716	-1.886928	8.91591360519054e-10	1.48598590327183e-10	-1.48598590327183e-10
1157.835385	1.920234	-2.072112	7.21984064127454e-10	1.31815623296679e-10	-1.31815623296679e-10
1161.637875	2.056712	-1.882256	8.60869022498264e-10	1.46308891631319e-10	-1.46308891631319e-10
1166.024315	1.607459	-2.329728	7.25595427519811e-10	1.32475011612355e-10	-1.32475011612355e-10
1170.068280	2.071797	-2.436505	6.36060619634183e-10	1.16128265937052e-10	-1.16128265937052e-10
1174.230638	2.510236	-2.090562	9.53766215488232e-10	1.44416360374611e-10	-1.44416360374611e-10
1179.320420	2.432252	-2.579546	5.92194938096675e-10	1.13349127666057e-10	-1.13349127666057e-10
1183.701002	1.841205	-1.948330	8.17175328257376e-10	1.52737909902541e-10	-1.52737909902541e-10
1187.110722	2.357992	-1.568515	7.6346597604359e-10	1.4269919420014e-10	-1.4269919420014e-10
1191.559840	2.625316	-2.091126	6.20610459180509e-10	1.13307456265613e-10	-1.13307456265613e-10
1196.643618	2.156571	-2.458461	6.10167940949548e-10	1.14046300128271e-10	-1.14046300128271e-10
1200.260666	1.809550	-1.460477	8.84802050403249e-10	1.65378013254324e-10	-1.65378013254324e-10
1204.808919	2.308678	-2.738703	5.82653903507492e-10	1.11522958638291e-10	-1.11522958638291e-10
1208.942704	1.396883	-1.825107	9.54833573894425e-10	1.78467575739761e-10	-1.78467575739761e-10
1212.071425	1.634244	-1.731837	8.89127375698153e-10	1.6618651471187e-10	-1.6618651471187e-10
1215.841522	2.192758	-2.135853	6.81262127531473e-10	1.2438084161724e-10	-1.2438084161724e-10
1219.932053	1.922006	-1.897773	7.49619710156994e-10	1.36861236689248e-10	-1.36861236689248e-10
1224.166175	1.893715	-2.312117	6.57876690372453e-10	1.25920953919042e-10	-1.25920953919042e-10
1228.062122	1.892270	-2.002233	7.39318449081862e-10	1.34980463361161e-10	-1.34980463361161e-10
1233.093525	2.205355	-3.139132	5.21432511776118e-10	9.98048187447388e-11	-9.98048187447388e-11
1238.209944	3.136162	-2.911064	4.63573663809996e-10	8.87304159128819e-11	-8.87304159128819e-11
1243.595913	1.989848	-2.249807	6.54189691678885e-10	1.28266933292154e-10	-1.28266933292154e-10
1247.873697	2.401811	-2.287936	6.13096402550158e-10	1.17349785056816e-10	-1.17349785056816e-10
1253.620248	3.118810	-3.344740	4.72655308379386e-10	8.62947047110563e-11	-8.62947047110563e-11
1259.130260	2.462222	-2.391201	6.2581650294522e-10	1.16971148905334e-10	-1.16971148905334e-10
1263.281707	2.011365	-1.689226	8.16160714434736e-10	1.52548298921719e-10	-1.52548298921719e-10
1268.590519	2.173354	-3.297448	5.27402096681415e-10	1.03407731792003e-10	-1.03407731792003e-10
1272.698996	1.918440	-1.935123	7.35019137184634e-10	1.44115148953166e-10	-1.44115148953166e-10
1276.890592	2.000303	-2.273155	6.79898623137217e-10	1.24131949450711e-10	-1.24131949450711e-10
1280.386021	2.098703	-1.495126	7.88140838398882e-10	1.43894194265057e-10	-1.43894194265057e-10
1284.919541	1.657149	-2.434818	7.06213370061744e-10	1.28936346619719e-10	-1.28936346619719e-10
1289.256961	2.313717	-2.680271	5.93544705762028e-10	1.08365960068444e-10	-1.08365960068444e-10
1293.978488	2.313989	-2.407810	6.23595882402979e-10	1.16556070379158e-10	-1.16556070379158e-10
1299.042863	2.978384	-2.750385	5.03276360249572e-10	9.40672065563707e-11	-9.40672065563707e-11
1304.674779	2.205255	-2.653533	5.90571752692232e-10	1.07823148752675e-10	-1.07823148752675e-10
1308.787846	2.429660	-1.907812	6.57510181875717e-10	1.2004436146791e-10	-1.2004436146791e-10
1313.629286	1.641067	-2.411779	6.89560725797496e-10	1.28885526101538e-10	-1.28885526101538e-10
1317.143881	2.102815	-1.873528	7.15990808038596e-10	1.30721474979535e-10	-1.30721474979535e-10
1859.468493	3.327760	-3.075302	4.78813482676563e-10	8.94948885683062e-11	-8.94948885683062e-11
1870.832232	6.449885	-8.035979	4.0320462390558e-10	7.36147275893321e-11	-7.36147275893321e-11
1880.992178	4.048679	-3.710061	3.80711019260673e-10	7.11585571955811e-11	-7.11585571955811e-11
1889.440068	3.133620	-4.399210	3.8650328870173e-10	7.22412151079846e-11	-7.22412151079846e-11
1899.434570	8.679746	-6.860882	3.36316088706814e-10	6.43726360731449e-11	-6.43726360731449e-11
1911.100110	2.629133	-2.985794	5.18363938235165e-10	9.68872002529762e-11	-9.68872002529762e-11
1918.462498	5.128400	-4.733254	2.85016662663701e-10	5.58831627423765e-11	-5.58831627423765e-11
1927.330081	3.133576	-3.739184	4.16844931867742e-10	7.97862184479615e-11	-7.97862184479615e-11
NO	NO	NO	NO	NO	NO
!Time	Poserr	Negerr	Flux	PosErr	NegErr
!XRT pc mode data
1340.131206	9.671066	-15.402062	4.04670608047636e-10	9.18704744925297e-11	-9.18704744925297e-11
1361.775847	8.084925	-11.973575	6.41737923116159e-10	1.29387033661011e-10	-1.29387033661011e-10
1376.885116	8.019536	-7.024344	7.77555239269533e-10	1.62842559428702e-10	-1.62842559428702e-10
1394.503059	10.460093	-9.598407	5.13327317642214e-10	1.14758931232374e-10	-1.14758931232374e-10
1415.042002	7.472310	-10.078850	6.07089573128876e-10	1.33756875725888e-10	-1.33756875725888e-10
1432.285523	7.780009	-9.771211	5.90104289631889e-10	1.34654133454081e-10	-1.34654133454081e-10
1454.182451	10.956220	-14.116920	4.79439170099301e-10	1.02685589077618e-10	-1.02685589077618e-10
1476.913090	8.284042	-11.774418	5.4491556186431e-10	1.24342664012158e-10	-1.24342664012158e-10
1496.845603	10.917349	-11.648471	4.94831577678058e-10	1.11769946651496e-10	-1.11769946651496e-10
1526.037373	14.320638	-18.274422	3.43470634199361e-10	7.8778431770653e-11	-7.8778431770653e-11
1554.126258	11.304913	-13.768247	5.06179248861212e-10	1.06008602208484e-10	-1.06008602208484e-10
1576.264557	9.225114	-10.833386	5.89928024058425e-10	1.26314575590626e-10	-1.26314575590626e-10
1595.691323	7.349549	-10.201651	6.04868639239669e-10	1.31993109664644e-10	-1.31993109664644e-10
1615.147243	10.459429	-12.106371	4.64478693436744e-10	1.01844661707472e-10	-1.01844661707472e-10
1636.621593	14.058219	-11.014921	3.9141145663736e-10	8.88603292573397e-11	-8.88603292573397e-11
1664.459065	8.786566	-13.779254	4.42844463212539e-10	9.95228100011837e-11	-9.95228100011837e-11
1685.084129	10.727283	-11.838497	4.96397415112741e-10	1.05832281940218e-10	-1.05832281940218e-10
1708.450320	14.941572	-12.638908	3.81258502797089e-10	8.52519932859471e-11	-8.52519932859471e-11
1739.126123	11.846208	-15.734232	4.64895552644986e-10	9.77912836087306e-11	-9.77912836087306e-11
1762.354257	8.676575	-11.381925	6.72033254342737e-10	1.41362911494609e-10	-1.41362911494609e-10
1779.046808	9.535224	-8.015976	6.87334597909519e-10	1.5604235902238e-10	-1.5604235902238e-10
1804.633902	11.528590	-16.051870	4.8260208741609e-10	1.0383894145967e-10	-1.0383894145967e-10
1841.335934	97.432129	-25.173442	3.6625901177366e-10	6.82489630645844e-11	-6.82489630645844e-11
6691.296555	23.712436	-31.448412	6.59859537912138e-11	1.49056164024372e-11	-1.49056164024372e-11
6732.549484	20.069128	-17.540492	9.71690938993004e-11	2.1838147666867e-11	-2.1838147666867e-11
6768.034347	12.164664	-15.415736	1.30749917631402e-10	2.96868370314481e-11	-2.96868370314481e-11
6807.381412	30.485759	-27.182401	6.17877965065015e-11	1.42480421429928e-11	-1.42480421429928e-11
6864.430280	18.568492	-26.563108	8.19434930958086e-11	1.87011805133884e-11	-1.87011805133884e-11
6913.283278	32.398254	-30.284506	6.71350201261433e-11	1.44460613831701e-11	-1.44460613831701e-11
6966.863086	16.428065	-21.181555	1.00804988757659e-10	2.25406684902256e-11	-2.25406684902256e-11
7009.366553	19.056218	-26.075402	8.5705236025728e-11	1.89765463980535e-11	-1.89765463980535e-11
7051.273925	19.773147	-22.851153	9.07404835311397e-11	2.0091406651602e-11	-2.0091406651602e-11
7107.830181	30.914291	-36.783109	5.99808144239238e-11	1.30886425417911e-11	-1.30886425417911e-11
7155.786319	20.567793	-17.041847	9.90150946915833e-11	2.24813832753365e-11	-2.24813832753365e-11
7201.419900	22.573172	-25.065788	7.60551158600471e-11	1.75380943804182e-11	-1.75380943804182e-11
7252.805301	33.870551	-28.812229	5.58577536010228e-11	1.31540978110527e-11	-1.31540978110527e-11
7329.913852	34.485592	-43.238000	7.70871100113116e-11	1.35057615173521e-11	-1.35057615173521e-11
7698.261347	24.891836	-22.746864	4.97433531443548e-11	9.92894634099102e-12	-9.92894634099102e-12
16878.902762	79.502110	-75.951018	1.72808365782653e-11	3.31582069720439e-12	-3.31582069720439e-12
18922.673908	48.920524	-61.401064	1.87726950930984e-11	4.21245278024412e-12	-4.21245278024412e-12
19112.924084	165.525839	-141.329653	1.660602246392e-11	2.9158236549768e-12	-2.9158236549768e-12
23165.710954	1887.576090	-573.198722	1.36497326628669e-11	2.25487580455265e-12	-2.25487580455265e-12
28471.038910	76.531942	-141.603698	6.93443016536466e-12	1.80676569047718e-12	-1.80676569047718e-12
28650.587980	80.016231	-103.017129	8.28516738303306e-12	2.15216967305458e-12	-2.15216967305458e-12
28827.950644	80.672328	-97.346432	1.1294799171321e-11	2.55447391293367e-12	-2.55447391293367e-12
29047.003696	152.464615	-138.380725	8.97392284549605e-12	1.78530099317938e-12	-1.78530099317938e-12
34256.052977	106.829955	-151.422745	6.95762187205648e-12	1.83418992712456e-12	-1.83418992712456e-12
34468.892895	109.618476	-106.009964	8.46603529352775e-12	2.19888148284401e-12	-2.19888148284401e-12
34709.582700	112.137371	-131.071329	7.42973598235412e-12	1.9527753247052e-12	-1.9527753247052e-12
34904.511764	127.822047	-82.791693	8.58313054939627e-12	2.25597809938391e-12	-2.25597809938391e-12
35189.087491	129.075940	-156.753680	6.32541947446646e-12	1.66250513747073e-12	-1.66250513747073e-12
40059.598072	172.370320	-173.638220	5.14392041443003e-12	1.33896594663907e-12	-1.33896594663907e-12
40420.163078	120.204034	-188.194686	5.80021006724271e-12	1.50244783132394e-12	-1.50244783132394e-12
40787.463291	191.682461	-247.096179	4.03526262079073e-12	1.05551772069254e-12	-1.05551772069254e-12
41202.117117	175.686235	-222.971365	7.43079453026659e-12	1.4949084164285e-12	-1.4949084164285e-12
45888.491739	166.082152	-225.057988	4.94517766947088e-12	1.25672977333547e-12	-1.25672977333547e-12
46428.258144	471.278008	-373.684252	3.14212896555841e-12	6.79484944345607e-13	-6.79484944345607e-13
53542.870331	3725.527260	-2100.628260	3.99651633169158e-12	1.04618264506224e-12	-1.04618264506224e-12
57743.685118	374.687073	-475.287527	2.53822597311909e-12	5.79972484466624e-13	-5.79972484466624e-13
63416.515171	461.170581	-368.745719	3.72019060050401e-12	8.65466260838076e-13	-8.65466260838076e-13
69033.606868	268.177584	-248.328864	3.1525178148421e-12	8.27822809655845e-13	-8.27822809655845e-13
69705.896729	473.440074	-404.112277	2.35365248988818e-12	5.47951202621518e-13	-5.47951202621518e-13
76382.915765	4640.404827	-5293.929773	2.09309039282403e-12	3.90699009172761e-13	-3.90699009172761e-13
144466.172477	30291.691475	-16705.648545	6.02712040411673e-13	1.04406810150054e-13	-1.04406810150054e-13
269308.658807	49870.482385	-49372.277355	2.06424743224127e-13	5.43987774708544e-14	-5.43987774708544e-14
349964.809608	55914.120804	-26685.072876	1.6480428355259e-13	4.70869381578829e-14	-4.70869381578829e-14
480435.792967	69323.658305	-70468.312044	7.03577029617787e-14	2.14527363035914e-14	-2.14527363035914e-14
652931.565032	105914.184740	-98276.786420	4.66324310328068e-14	2.5452399004261e-14	-2.5452399004261e-14
