READ TERR 1 2
NO	NO	NO	NO	NO	NO
!Time	Poserr	Negerr	Flux	PosErr	NegErr
!XRT wt mode data
113.001985	0.262614	-0.255114	7.50603830919846e-09	9.10240844713487e-10	-9.10240844713487e-10
113.561155	0.249653	-0.296556	4.85865771583761e-09	7.16369973263484e-10	-7.16369973263484e-10
114.074939	0.299855	-0.264130	6.95670463717826e-09	8.52758579909667e-10	-8.52758579909667e-10
114.681171	0.303848	-0.306378	6.4536247605253e-09	7.91090623940083e-10	-7.91090623940083e-10
115.242964	0.270448	-0.257945	5.34860283170288e-09	7.75603553236607e-10	-7.75603553236607e-10
115.786997	0.288628	-0.273586	6.99096536175995e-09	8.56958321256925e-10	-8.56958321256925e-10
116.311162	0.308878	-0.235537	7.25520153683255e-09	8.79822399086901e-10	-8.79822399086901e-10
116.945513	0.306115	-0.325473	6.17529117315065e-09	7.56972302659874e-10	-7.56972302659874e-10
117.535848	0.267300	-0.284221	7.09701643251372e-09	8.6063968043555e-10	-8.6063968043555e-10
118.033562	0.280053	-0.230414	5.30124174473279e-09	7.88999019502234e-10	-7.88999019502234e-10
118.590690	0.245981	-0.277074	5.10560243189658e-09	7.89971255072027e-10	-7.89971255072027e-10
119.068387	0.309135	-0.231716	5.76644366990816e-09	8.31099561332028e-10	-8.31099561332028e-10
119.628625	0.261286	-0.251104	8.54369195268376e-09	1.0139496974079e-09	-1.0139496974079e-09
120.236952	0.216946	-0.347040	4.72594521702441e-09	7.04502297706581e-10	-7.04502297706581e-10
120.736017	0.248061	-0.282120	4.82807354245459e-09	7.31551804590791e-10	-7.31551804590791e-10
121.385473	0.328050	-0.401395	3.60209155330573e-09	5.36968109092686e-10	-5.36968109092686e-10
122.004638	0.215956	-0.291115	5.24135360290427e-09	7.8133487017512e-10	-7.8133487017512e-10
122.530509	0.270071	-0.309915	4.57969473171872e-09	6.8270058330021e-10	-6.8270058330021e-10
123.105872	0.310278	-0.305291	4.24520159119306e-09	6.43234783560593e-10	-6.43234783560593e-10
123.809491	0.266716	-0.393342	3.99183499001868e-09	5.95067622967815e-10	-5.95067622967815e-10
124.354997	0.260288	-0.278789	5.08640794041211e-09	7.41928836703443e-10	-7.41928836703443e-10
124.942965	0.262992	-0.327680	4.42674044532933e-09	6.5989948415894e-10	-6.5989948415894e-10
125.511513	0.393637	-0.305556	3.76767958351416e-09	5.61652512442871e-10	-5.61652512442871e-10
126.250996	0.317759	-0.345846	3.92554910385298e-09	6.04657150171256e-10	-6.04657150171256e-10
126.929829	0.215353	-0.361075	4.6961980702155e-09	7.00067866580881e-10	-7.00067866580881e-10
127.568779	0.263154	-0.423597	3.99375559451738e-09	5.9830900057819e-10	-5.9830900057819e-10
128.133331	0.260808	-0.301398	4.84668037572708e-09	7.22500427022554e-10	-7.22500427022554e-10
128.766709	0.367549	-0.372570	3.69858458936059e-09	5.51352446452294e-10	-5.51352446452294e-10
129.475904	0.323752	-0.341645	4.23117107390782e-09	6.23852148823525e-10	-6.23852148823525e-10
130.258801	0.378810	-0.459145	3.2674248343685e-09	4.95081617213502e-10	-4.95081617213502e-10
131.031005	0.449910	-0.393395	3.29961148964166e-09	4.91877041078855e-10	-4.91877041078855e-10
131.971889	0.533808	-0.490973	2.6826791506993e-09	4.06480687210791e-10	-4.06480687210791e-10
132.917744	0.500640	-0.412048	3.05272244392985e-09	4.55072997506929e-10	-4.55072997506929e-10
133.949798	0.482695	-0.531414	2.80540743961414e-09	4.18205459670878e-10	-4.18205459670878e-10
134.852199	0.355996	-0.419706	3.76294671609423e-09	5.60946994114042e-10	-5.60946994114042e-10
135.878154	0.643041	-0.669959	2.28850238701235e-09	3.4114978270516e-10	-3.4114978270516e-10
137.136195	0.596562	-0.615000	2.52837906743887e-09	3.76908473686325e-10	-3.76908473686325e-10
138.248175	0.537817	-0.515418	2.896033591201e-09	4.31715168291153e-10	-4.31715168291153e-10
139.389739	0.538471	-0.603747	2.65924841100591e-09	3.96417355299117e-10	-3.96417355299117e-10
140.709078	0.804342	-0.780868	1.90728893138898e-09	2.84321854998969e-10	-2.84321854998969e-10
142.365513	0.601438	-0.852093	2.20292196322716e-09	3.28392245145034e-10	-3.28392245145034e-10
143.728192	0.861327	-0.761242	2.0737313043344e-09	3.09133604385069e-10	-3.09133604385069e-10
145.409347	0.888132	-0.819828	2.06630975527145e-09	3.13088136502533e-10	-3.13088136502533e-10
147.193036	0.869311	-0.895557	2.13073567770005e-09	3.22849977335673e-10	-3.22849977335673e-10
149.175071	1.080928	-1.112725	1.72277352858563e-09	2.61035371274648e-10	-2.61035371274648e-10
151.363328	0.659351	-1.107328	2.13124476165212e-09	3.17707226553398e-10	-3.17707226553398e-10
153.207701	0.973046	-1.185023	1.69925468684674e-09	2.57471820833285e-10	-2.57471820833285e-10
155.586996	1.737465	-1.406249	1.1464082689564e-09	1.73704240668031e-10	-1.73704240668031e-10
158.859084	1.511244	-1.534623	1.17066233773032e-09	1.74512045208314e-10	-1.74512045208314e-10
162.225015	1.579020	-1.854688	1.02591621903058e-09	1.52934541663501e-10	-1.52934541663501e-10
165.733704	1.818923	-1.929670	9.29822758556454e-10	1.386097799272e-10	-1.386097799272e-10
169.545106	2.220476	-1.992479	7.27123653471847e-10	1.14968325348656e-10	-1.14968325348656e-10
173.463909	1.349308	-1.698328	1.11832102719664e-09	1.66709489377857e-10	-1.66709489377857e-10
176.413375	1.100546	-1.600158	1.19260513839127e-09	1.77783064485957e-10	-1.77783064485957e-10
178.601238	1.248646	-1.087317	1.2736471305259e-09	1.89864113626943e-10	-1.89864113626943e-10
180.904212	1.176704	-1.054329	1.20835399238094e-09	1.86964203853158e-10	-1.86964203853158e-10
183.119862	0.653000	-1.038945	1.55599262526038e-09	2.3195369154409e-10	-2.3195369154409e-10
184.584561	0.791291	-0.811699	1.60968424831432e-09	2.52086218374859e-10	-2.52086218374859e-10
186.135643	0.731122	-0.759791	1.7878678779304e-09	2.75387493425785e-10	-2.75387493425785e-10
187.697385	0.875549	-0.830619	1.57612965580936e-09	2.38815832352399e-10	-2.38815832352399e-10
189.152521	0.760081	-0.579587	1.99372674529215e-09	2.97207212656947e-10	-2.97207212656947e-10
190.300317	0.464489	-0.387716	3.04625129143084e-09	4.61569301601602e-10	-4.61569301601602e-10
191.401179	0.552085	-0.636372	2.21653920831926e-09	3.30422174200565e-10	-3.30422174200565e-10
192.603676	0.765761	-0.650413	1.84434227504003e-09	2.79455560133176e-10	-2.79455560133176e-10
194.043447	0.733285	-0.674009	1.87621421449854e-09	2.79689508586275e-10	-2.79689508586275e-10
195.364757	0.573730	-0.588025	2.25352007497882e-09	3.35934950303869e-10	-3.35934950303869e-10
196.557763	0.684828	-0.619277	2.02104731959964e-09	3.01279925275086e-10	-3.01279925275086e-10
197.918624	0.681430	-0.676033	2.05367945922555e-09	3.11174406958527e-10	-3.11174406958527e-10
199.135054	0.331414	-0.534999	3.42151370279433e-09	5.1842924372431e-10	-5.1842924372431e-10
200.019447	0.461111	-0.552979	3.00908498342135e-09	4.48567921801798e-10	-4.48567921801798e-10
201.142049	0.607032	-0.661490	2.40073316742337e-09	3.6376012142496e-10	-3.6376012142496e-10
202.558568	0.718788	-0.809487	2.04517629529079e-09	3.04876881050513e-10	-3.04876881050513e-10
203.820062	0.622606	-0.542707	2.72470500674338e-09	4.0617506404926e-10	-4.0617506404926e-10
205.074699	0.677411	-0.632031	2.44513742740777e-09	3.70488260049691e-10	-3.70488260049691e-10
206.372921	0.548076	-0.620810	2.8346577279391e-09	4.22565840592642e-10	-4.22565840592642e-10
207.750127	0.588823	-0.829130	2.3907875900594e-09	3.56397554458726e-10	-3.56397554458726e-10
208.911400	0.688956	-0.572450	2.73945996587484e-09	4.08374555308523e-10	-4.08374555308523e-10
210.019529	0.465036	-0.419173	3.84499796079628e-09	5.73178485059531e-10	-5.73178485059531e-10
211.050896	0.677269	-0.566331	2.69244008637052e-09	4.01365243156571e-10	-4.01365243156571e-10
212.259539	0.441806	-0.531375	3.37906587902142e-09	5.03721417533783e-10	-5.03721417533783e-10
213.551947	0.846687	-0.850602	1.88124030866804e-09	2.85046367050775e-10	-2.85046367050775e-10
214.972872	0.608870	-0.574238	2.72259537222024e-09	4.05860529641082e-10	-4.05860529641082e-10
216.284284	0.770581	-0.702542	2.17869505949065e-09	3.24780653541951e-10	-3.24780653541951e-10
217.528472	0.398168	-0.473608	3.75112151660708e-09	5.53072668159755e-10	-5.53072668159755e-10
218.529949	0.432137	-0.603309	3.01410405450978e-09	4.56698374041347e-10	-4.56698374041347e-10
219.370358	0.413677	-0.408273	3.67537236977598e-09	5.47892171962181e-10	-5.47892171962181e-10
220.356143	0.465107	-0.572108	2.76313129511134e-09	4.11903273589011e-10	-4.11903273589011e-10
221.234826	0.397709	-0.413576	3.47166215206396e-09	5.11868639962728e-10	-5.11868639962728e-10
222.057790	0.400262	-0.425255	3.31899079949039e-09	4.94765952193316e-10	-4.94765952193316e-10
222.894304	0.335882	-0.436252	3.48324281808378e-09	5.27782482956934e-10	-5.27782482956934e-10
223.661707	0.393987	-0.431521	3.26275776473974e-09	4.86383187640291e-10	-4.86383187640291e-10
224.464964	0.378887	-0.409270	3.26594557951596e-09	5.03057614382401e-10	-5.03057614382401e-10
225.143508	0.221628	-0.299657	4.98532627699204e-09	7.43168536339233e-10	-7.43168536339233e-10
225.634331	0.309024	-0.269194	4.43764983654219e-09	6.83536618171529e-10	-6.83536618171529e-10
226.242080	0.320401	-0.298726	4.32028840638314e-09	6.44030548281972e-10	-6.44030548281972e-10
226.916642	0.288098	-0.354161	6.3970724327613e-09	7.70116996062445e-10	-7.70116996062445e-10
227.478025	0.242664	-0.273284	5.03264479111034e-09	7.62548528141089e-10	-7.62548528141089e-10
228.072159	0.338834	-0.351470	3.74804259609295e-09	5.58725208913025e-10	-5.58725208913025e-10
228.698024	0.248488	-0.287032	5.57118021518437e-09	7.72583683060532e-10	-7.72583683060532e-10
229.273787	0.282967	-0.327275	6.38827315449646e-09	7.83079769265706e-10	-7.83079769265706e-10
229.836840	0.308808	-0.280086	5.75724985527175e-09	7.82492077514206e-10	-7.82492077514206e-10
230.372630	0.280061	-0.226982	5.73074180067851e-09	8.44951803615505e-10	-8.44951803615505e-10
231.012639	0.287627	-0.359947	6.37121019458854e-09	7.80988207640953e-10	-7.80988207640953e-10
231.610441	0.239577	-0.310175	4.86606825259307e-09	7.25390612698419e-10	-7.25390612698419e-10
232.138171	0.295403	-0.288154	6.7655643374899e-09	8.29328476858625e-10	-8.29328476858625e-10
232.717531	0.294260	-0.283958	6.7371476700331e-09	8.25845110236659e-10	-8.25845110236659e-10
233.294501	0.320416	-0.282710	6.46864148249737e-09	7.8443800175048e-10	-7.8443800175048e-10
233.938212	0.334985	-0.323294	5.91746521109278e-09	7.17598048473638e-10	-7.17598048473638e-10
234.563257	0.297046	-0.290060	6.58234188541537e-09	8.06868905264092e-10	-8.06868905264092e-10
235.124414	0.292746	-0.264111	7.00580682039106e-09	8.49578858816887e-10	-8.49578858816887e-10
235.666563	0.266545	-0.249403	8.03596261290841e-09	9.47047279396125e-10	-9.47047279396125e-10
236.190300	0.251641	-0.257192	5.46998656395191e-09	7.89524570676505e-10	-7.89524570676505e-10
236.716856	0.239254	-0.274915	5.40166819242772e-09	7.87914270166671e-10	-7.87914270166671e-10
237.259338	0.225175	-0.303228	5.81990657562228e-09	8.23059104977034e-10	-8.23059104977034e-10
237.819984	0.353053	-0.335471	6.27938545277391e-09	7.69732232110134e-10	-7.69732232110134e-10
238.488704	0.317703	-0.315667	6.72654176307348e-09	8.42649587023154e-10	-8.42649587023154e-10
239.078887	0.245238	-0.272480	5.71398273877995e-09	8.33470027180543e-10	-8.33470027180543e-10
239.626092	0.315384	-0.301967	6.62677181522554e-09	8.30151164788762e-10	-8.30151164788762e-10
240.278272	0.277005	-0.336796	6.64566781092577e-09	8.05905580008682e-10	-8.05905580008682e-10
240.869367	0.283699	-0.314091	6.65508122621276e-09	8.0704712883357e-10	-8.0704712883357e-10
241.387942	0.272177	-0.234876	8.00985884005938e-09	9.57361235940105e-10	-9.57361235940105e-10
241.957008	0.291991	-0.296890	6.58891317679208e-09	8.07674389980097e-10	-8.07674389980097e-10
242.547051	0.363758	-0.298052	5.97187924841226e-09	7.24196758923018e-10	-7.24196758923018e-10
243.217585	0.321258	-0.306776	6.44876717458823e-09	7.82027902608551e-10	-7.82027902608551e-10
243.822051	0.300349	-0.283207	7.03548406934796e-09	8.53177742957868e-10	-8.53177742957868e-10
244.391887	0.296276	-0.269488	7.24104318339062e-09	8.87613016681257e-10	-8.87613016681257e-10
245.001622	0.321673	-0.313459	6.31762225960527e-09	7.82851173574834e-10	-7.82851173574834e-10
245.563142	0.281429	-0.239846	7.94671560989039e-09	9.43101622012276e-10	-9.43101622012276e-10
246.121071	0.283936	-0.276500	6.85091584247153e-09	8.48934521447925e-10	-8.48934521447925e-10
246.672129	0.245269	-0.267121	7.82330897670119e-09	9.44896988064543e-10	-9.44896988064543e-10
247.185272	0.239179	-0.267874	8.9290996824588e-09	1.0110214467559e-09	-1.0110214467559e-09
247.736029	0.275536	-0.311578	6.77704518770726e-09	8.21837448265558e-10	-8.21837448265558e-10
248.345986	0.380790	-0.334422	5.6122413190574e-09	6.80584225583366e-10	-6.80584225583366e-10
249.021005	0.305341	-0.294229	6.71728897830791e-09	8.14590929131052e-10	-8.14590929131052e-10
249.631034	0.317996	-0.304688	6.48047019421447e-09	7.85872419548212e-10	-7.85872419548212e-10
250.240570	0.348939	-0.291540	6.33213775857361e-09	7.67884525284391e-10	-7.67884525284391e-10
250.861427	0.256484	-0.271918	7.66681626043242e-09	9.39804645743713e-10	-9.39804645743713e-10
251.452029	0.302797	-0.334118	6.43479284145641e-09	7.80333264309961e-10	-7.80333264309961e-10
252.093935	0.326286	-0.339109	6.07976576806001e-09	7.45262706706367e-10	-7.45262706706367e-10
252.681834	0.272136	-0.261612	5.37088407795284e-09	7.75220371586297e-10	-7.75220371586297e-10
253.287012	0.309213	-0.333042	6.28574669811362e-09	7.70512022334228e-10	-7.70512022334228e-10
253.896584	0.299198	-0.300358	6.79324797116597e-09	8.32721921485841e-10	-8.32721921485841e-10
254.441526	0.268416	-0.245744	5.80092825970399e-09	8.28704061969377e-10	-8.28704061969377e-10
255.030173	0.291790	-0.320231	6.75957362086604e-09	8.28594106943035e-10	-8.28594106943035e-10
255.642352	0.336111	-0.320389	6.40428372209397e-09	7.76633490815722e-10	-7.76633490815722e-10
256.286440	0.300487	-0.307976	6.85081161166968e-09	8.4892155392632e-10	-8.4892155392632e-10
256.871392	0.370256	-0.284466	6.29751883258614e-09	7.71955047339726e-10	-7.71955047339726e-10
257.543649	0.302891	-0.302001	6.6559857148427e-09	8.158962341805e-10	-8.158962341805e-10
258.101295	0.268300	-0.254755	7.63508527532569e-09	9.25890086739948e-10	-9.25890086739948e-10
258.711899	0.315979	-0.342304	5.8852219760782e-09	7.292700936279e-10	-7.292700936279e-10
259.338076	0.326732	-0.310198	6.14045129752884e-09	7.52701579231786e-10	-7.52701579231786e-10
259.936316	0.235545	-0.271508	5.37803144760562e-09	7.92947457258586e-10	-7.92947457258586e-10
260.488762	0.323587	-0.316900	6.39562782088273e-09	7.75583813667459e-10	-7.75583813667459e-10
261.074686	0.278515	-0.262337	5.50329893705165e-09	7.8618556243595e-10	-7.8618556243595e-10
261.632072	0.247742	-0.278871	5.46311856510572e-09	7.96877743823718e-10	-7.96877743823718e-10
262.154645	0.326511	-0.274830	6.99982862875429e-09	8.48853898626376e-10	-8.48853898626376e-10
262.770864	0.229799	-0.289708	5.4400980708042e-09	8.10961929042458e-10	-8.10961929042458e-10
263.304180	0.303161	-0.303517	7.07006294068024e-09	8.66654119860632e-10	-8.66654119860632e-10
263.921542	0.319157	-0.314201	6.83966451177151e-09	8.23398854053874e-10	-8.23398854053874e-10
264.478357	0.280070	-0.237657	5.45483297115888e-09	8.08179132704851e-10	-8.08179132704851e-10
265.007872	0.254038	-0.249445	5.14215362870132e-09	7.92052226384886e-10	-7.92052226384886e-10
265.548220	0.327478	-0.286311	4.21331781399339e-09	6.48982517657823e-10	-6.48982517657823e-10
266.175148	0.262761	-0.299450	4.82623715089758e-09	7.19452961630905e-10	-7.19452961630905e-10
266.760867	0.369124	-0.322958	5.94589592429279e-09	7.26406794825854e-10	-7.26406794825854e-10
267.439837	0.254140	-0.309846	4.84777950311077e-09	7.34537649382207e-10	-7.34537649382207e-10
268.006957	0.249225	-0.312980	4.80930155354117e-09	7.40782590484082e-10	-7.40782590484082e-10
268.542573	0.238454	-0.286390	5.49303409683409e-09	8.13838904220366e-10	-8.13838904220366e-10
269.053480	0.271962	-0.272453	5.20347035290387e-09	7.7568755232186e-10	-7.7568755232186e-10
269.598496	0.253566	-0.273054	5.39120848967994e-09	8.16878247069668e-10	-8.16878247069668e-10
270.132985	0.267039	-0.280923	5.65654313203044e-09	8.20258129306953e-10	-8.20258129306953e-10
270.714071	0.267724	-0.314046	4.88329465242785e-09	7.27958565762266e-10	-7.27958565762266e-10
271.283102	0.298261	-0.301307	4.49689226418283e-09	7.04240321240331e-10	-7.04240321240331e-10
271.835379	0.253037	-0.254016	5.668994184886e-09	8.26907794108938e-10	-8.26907794108938e-10
272.413796	0.192347	-0.325380	5.28895381888317e-09	7.79813688419151e-10	-7.79813688419151e-10
272.912082	0.266943	-0.305939	4.51192953820398e-09	6.83649549829514e-10	-6.83649549829514e-10
273.485585	0.271658	-0.306560	6.79657550268461e-09	8.2420583465764e-10	-8.2420583465764e-10
274.033240	0.234609	-0.275997	5.59395907721891e-09	7.99136995159388e-10	-7.99136995159388e-10
274.568882	0.346538	-0.301033	6.14356960036708e-09	7.4501722045803e-10	-7.4501722045803e-10
275.245181	0.335633	-0.329762	5.90496679958996e-09	7.23835689209677e-10	-7.23835689209677e-10
275.887517	0.346225	-0.306702	6.05677658923046e-09	7.34492038469788e-10	-7.34492038469788e-10
276.549506	0.312269	-0.315764	6.36010481054389e-09	7.71275993921159e-10	-7.71275993921159e-10
277.206288	0.290631	-0.344513	6.3041304763362e-09	7.64488115579941e-10	-7.64488115579941e-10
277.746010	0.268627	-0.249090	5.22356349908627e-09	7.73914604634815e-10	-7.73914604634815e-10
278.278794	0.337202	-0.264157	5.57159936162192e-09	7.31586846845878e-10	-7.31586846845878e-10
278.914536	0.233407	-0.298539	5.41163426138439e-09	7.73090632770371e-10	-7.73090632770371e-10
279.433828	0.340369	-0.285886	6.41363800088683e-09	7.8618903759353e-10	-7.8618903759353e-10
280.068063	0.312833	-0.293866	6.65634978746378e-09	8.07200994950931e-10	-8.07200994950931e-10
280.660015	0.279529	-0.279118	7.09607627764611e-09	8.69842868572627e-10	-8.69842868572627e-10
281.235837	0.322843	-0.296293	5.59861916594468e-09	7.31657553117373e-10	-7.31657553117373e-10
281.913848	0.279970	-0.355168	6.09633855135151e-09	7.55430674698909e-10	-7.55430674698909e-10
282.495307	0.267830	-0.301488	6.90792372661982e-09	8.37708780990386e-10	-8.37708780990386e-10
283.058112	0.309929	-0.294976	6.51459732360561e-09	7.90010960276268e-10	-7.90010960276268e-10
283.640230	0.290017	-0.272189	6.9580212612516e-09	8.52919977457054e-10	-8.52919977457054e-10
284.161454	0.279405	-0.231206	5.43789020200862e-09	7.84891849302482e-10	-7.84891849302482e-10
284.701584	0.297923	-0.260725	7.01571528025425e-09	8.50780449273483e-10	-8.50780449273483e-10
285.275298	0.311327	-0.275791	6.65107636825851e-09	8.15294421727508e-10	-8.15294421727508e-10
285.827985	0.310150	-0.241360	7.21127658878886e-09	8.74495745818994e-10	-8.74495745818994e-10
286.373352	0.270035	-0.235217	8.41562208150972e-09	9.91790588470292e-10	-9.91790588470292e-10
286.874970	0.307493	-0.231584	7.51199196055886e-09	9.10962829898355e-10	-9.10962829898355e-10
287.480815	0.294100	-0.298352	6.84910352367933e-09	8.39568755676521e-10	-8.39568755676521e-10
288.050481	0.249278	-0.275566	7.80844999146628e-09	9.50056212318393e-10	-9.50056212318393e-10
288.534014	0.313718	-0.234256	7.29797581282058e-09	8.85009539706747e-10	-8.85009539706747e-10
289.113640	0.283844	-0.265908	7.12064031027473e-09	8.6350447188548e-10	-8.6350447188548e-10
289.676264	0.290543	-0.278780	6.79458900697062e-09	8.41954698350017e-10	-8.41954698350017e-10
290.232627	0.255455	-0.265821	8.53263514599389e-09	9.81672905779209e-10	-9.81672905779209e-10
290.808779	0.332236	-0.320697	6.01729711440433e-09	7.37605233942364e-10	-7.37605233942364e-10
291.403658	0.279992	-0.262643	7.15211171535802e-09	8.86257314827029e-10	-8.86257314827029e-10
291.921021	0.296370	-0.237371	5.46636824780093e-09	7.76525164587717e-10	-7.76525164587717e-10
292.501241	0.283692	-0.283851	6.90896023148125e-09	8.37834493223443e-10	-8.37834493223443e-10
293.069450	0.275908	-0.284516	6.9872940874993e-09	8.47333876583563e-10	-8.47333876583563e-10
293.601512	0.272238	-0.256154	7.41865965239808e-09	8.99644653615246e-10	-8.99644653615246e-10
294.139339	0.255691	-0.265589	9.95120012182853e-09	1.06011779768128e-09	-1.06011779768128e-09
294.646086	0.266672	-0.251056	7.51727350902027e-09	9.21473600332565e-10	-9.21473600332565e-10
295.180736	0.253308	-0.267978	7.74363654695188e-09	9.25541570937886e-10	-9.25541570937886e-10
295.747531	0.314546	-0.313487	6.04082556641916e-09	7.65082431760526e-10	-7.65082431760526e-10
296.297173	0.271958	-0.235095	8.25421587350431e-09	9.75821140365818e-10	-9.75821140365818e-10
296.830479	0.322207	-0.261348	6.76866775249184e-09	8.23545675721653e-10	-8.23545675721653e-10
297.469617	0.323530	-0.316931	6.06916125497576e-09	7.43962786527127e-10	-7.43962786527127e-10
298.022679	0.281070	-0.229532	8.49535860565783e-09	9.8095951504771e-10	-9.8095951504771e-10
298.584415	0.295769	-0.280667	6.80490793905926e-09	8.3415119522887e-10	-8.3415119522887e-10
299.119606	0.272970	-0.239421	8.34961878858604e-09	9.80274270161742e-10	-9.80274270161742e-10
299.684744	0.246908	-0.292169	5.06979613546158e-09	7.39505749334614e-10	-7.39505749334614e-10
300.228319	0.365172	-0.296666	5.97592738179335e-09	7.24687664215702e-10	-7.24687664215702e-10
300.866225	0.264564	-0.272734	7.72514370816138e-09	9.16805870624924e-10	-9.16805870624924e-10
301.441351	0.312134	-0.310562	6.35440061369233e-09	7.70584248917545e-10	-7.70584248917545e-10
302.043094	0.263690	-0.289610	7.07597578758715e-09	8.58088120086843e-10	-8.58088120086843e-10
302.556087	0.307557	-0.249303	5.56655727612032e-09	7.57512474988925e-10	-7.57512474988925e-10
303.120368	0.280575	-0.256723	7.29280067963604e-09	8.84381969237081e-10	-8.84381969237081e-10
303.730606	0.332174	-0.329664	6.22029168319205e-09	7.54321195769437e-10	-7.54321195769437e-10
304.357794	0.252959	-0.295014	6.22666694495878e-09	8.55298490498168e-10	-8.55298490498168e-10
304.963091	0.329071	-0.352338	6.06903652993115e-09	7.43947471442236e-10	-7.43947471442236e-10
305.633103	0.294210	-0.340941	6.16897114772082e-09	7.56197591284243e-10	-7.56197591284243e-10
306.284606	0.322323	-0.357293	5.76146742351628e-09	6.98680574731214e-10	-6.98680574731214e-10
306.946285	0.318916	-0.339356	5.82675898174403e-09	7.22025589515237e-10	-7.22025589515237e-10
307.588872	0.313258	-0.323671	6.12966423835568e-09	7.43330980338421e-10	-7.43330980338421e-10
308.164440	0.246516	-0.262311	5.49229231360458e-09	7.92744105712129e-10	-7.92744105712129e-10
308.708433	0.376803	-0.297477	6.04087931984629e-09	7.32564196681291e-10	-7.32564196681291e-10
309.423901	0.308926	-0.338666	6.49783321784888e-09	7.8797799797526e-10	-7.8797799797526e-10
310.050698	0.301244	-0.317871	6.6264608872218e-09	8.12277052724674e-10	-8.12277052724674e-10
310.651199	0.278960	-0.299257	4.65844435167936e-09	6.94439887128447e-10	-6.94439887128447e-10
311.262140	0.353001	-0.331980	5.66727905582027e-09	6.97593835185586e-10	-6.97593835185586e-10
311.922320	0.347543	-0.307179	5.55502650437808e-09	6.99867545998845e-10	-6.99867545998845e-10
312.552536	0.231496	-0.282673	5.27135318565675e-09	7.68905879874575e-10	-7.68905879874575e-10
313.024994	0.308793	-0.240962	5.33235774702212e-09	7.57488283117503e-10	-7.57488283117503e-10
313.610931	0.242352	-0.277145	5.40625568365146e-09	7.88583428517959e-10	-7.88583428517959e-10
314.128157	0.241064	-0.274873	5.41984675478769e-09	8.11953302513489e-10	-8.11953302513489e-10
314.680308	0.254676	-0.311088	4.89906839605583e-09	7.42308991665126e-10	-7.42308991665126e-10
315.212337	0.375590	-0.277353	4.29051066617516e-09	6.39591568520593e-10	-6.39591568520593e-10
315.892518	0.332338	-0.304591	6.62750826703675e-09	8.03703404277254e-10	-8.03703404277254e-10
316.540461	0.250157	-0.315605	4.78153726963126e-09	7.24500597763231e-10	-7.24500597763231e-10
317.075008	0.227990	-0.284391	5.34965432004106e-09	7.88763501922448e-10	-7.88763501922448e-10
317.529150	0.296906	-0.226152	5.48023552384001e-09	7.82890773191747e-10	-7.82890773191747e-10
318.123952	0.312346	-0.297896	5.56277755761781e-09	7.3326066660004e-10	-7.3326066660004e-10
318.699031	0.242541	-0.262733	5.26956529935154e-09	7.76955004427343e-10	-7.76955004427343e-10
319.295893	0.373345	-0.354320	3.57144254552752e-09	5.32399206418251e-10	-5.32399206418251e-10
319.942088	0.367629	-0.272851	5.48598756250504e-09	7.02408717312408e-10	-7.02408717312408e-10
320.614516	0.275188	-0.304799	4.4704740722758e-09	6.66418949418114e-10	-6.66418949418114e-10
321.202451	0.244110	-0.312747	4.60682865262209e-09	6.98028671905524e-10	-6.98028671905524e-10
321.730422	0.265882	-0.283860	5.48498505440451e-09	7.60630576839925e-10	-7.60630576839925e-10
322.226980	0.292389	-0.230675	5.00072974055391e-09	7.57712758343965e-10	-7.57712758343965e-10
322.889043	0.393575	-0.369673	3.45159246020842e-09	5.31653030005569e-10	-5.31653030005569e-10
323.582665	0.326207	-0.300047	4.26906224292026e-09	6.46850143083803e-10	-6.46850143083803e-10
324.255040	0.342348	-0.346168	3.85415937499992e-09	5.7454415089703e-10	-5.7454415089703e-10
324.953069	0.391545	-0.355681	3.47641361589686e-09	5.18233148515496e-10	-5.18233148515496e-10
325.707419	0.270565	-0.362806	4.31411006830641e-09	6.46301691246602e-10	-6.46301691246602e-10
326.355421	0.337775	-0.377437	3.95333288980675e-09	5.89328060724405e-10	-5.89328060724405e-10
327.056479	0.366162	-0.363283	3.93312461842774e-09	6.05823999647987e-10	-6.05823999647987e-10
327.801426	0.300844	-0.378785	4.18296294687458e-09	6.3680797873042e-10	-6.3680797873042e-10
328.566790	0.332522	-0.464520	3.46355618893099e-09	5.16316447162625e-10	-5.16316447162625e-10
329.296822	0.492046	-0.397510	2.97700581923328e-09	4.51077212268784e-10	-4.51077212268784e-10
330.174982	0.448300	-0.386113	3.19381164926053e-09	4.76105350472282e-10	-4.76105350472282e-10
331.041948	0.300103	-0.418666	3.63837439488738e-09	5.51288063363277e-10	-5.51288063363277e-10
331.814272	0.340824	-0.472220	3.20434978305621e-09	4.93569915354426e-10	-4.93569915354426e-10
332.592752	0.476810	-0.437657	2.9873045663562e-09	4.45321095417124e-10	-4.45321095417124e-10
333.410975	0.400474	-0.341413	3.72136236152731e-09	5.63862463140496e-10	-5.63862463140496e-10
334.291846	0.587083	-0.480397	2.63212215444202e-09	3.98820299598115e-10	-3.98820299598115e-10
335.464955	0.497466	-0.586026	2.70066971441255e-09	4.04590363346432e-10	-4.04590363346432e-10
336.251404	0.346168	-0.288982	4.61871921198317e-09	6.88517998536607e-10	-6.88517998536607e-10
337.027768	0.354392	-0.430197	3.66945648838098e-09	5.5599762471716e-10	-5.5599762471716e-10
337.843503	0.582997	-0.461343	2.63777893046923e-09	3.99677440837378e-10	-3.99677440837378e-10
338.947685	0.539179	-0.521184	2.47777379070613e-09	3.69364690028304e-10	-3.69364690028304e-10
339.985501	0.536811	-0.498637	2.59463373258918e-09	3.8678518696831e-10	-3.8678518696831e-10
341.073251	0.484504	-0.550939	2.73940002176192e-09	4.10392594048627e-10	-4.10392594048627e-10
342.086034	0.542759	-0.528279	2.65250962173046e-09	4.08569269056825e-10	-4.08569269056825e-10
343.170350	0.508112	-0.541557	2.78012487108124e-09	4.14436520378849e-10	-4.14436520378849e-10
344.209375	0.518769	-0.530913	2.84535066056324e-09	4.19524081031176e-10	-4.19524081031176e-10
345.289721	0.614417	-0.561576	2.45678019650751e-09	3.72252394974561e-10	-3.72252394974561e-10
346.471636	0.612067	-0.567498	2.41437686141607e-09	3.59914069413187e-10	-3.59914069413187e-10
347.616780	0.436551	-0.533076	2.83178383434745e-09	4.22137396500408e-10	-4.22137396500408e-10
348.572223	0.561033	-0.518892	2.43570676325753e-09	3.69059323755131e-10	-3.69059323755131e-10
349.707694	0.567755	-0.574438	2.38915644344876e-09	3.62006044340998e-10	-3.62006044340998e-10
350.864829	0.625767	-0.589381	2.38544864463754e-09	3.55601705289378e-10	-3.55601705289378e-10
352.324106	0.600473	-0.833509	2.09321885167798e-09	3.22421045140494e-10	-3.22421045140494e-10
353.759210	0.730986	-0.834631	2.04344630242578e-09	3.01289709877414e-10	-3.01289709877414e-10
355.300149	0.764561	-0.809953	1.92900282710844e-09	2.92283375809168e-10	-2.92283375809168e-10
356.908122	0.926804	-0.843412	1.64177431834256e-09	2.5711171180872e-10	-2.5711171180872e-10
358.658685	1.088810	-0.823759	1.56695913472649e-09	2.33588496329573e-10	-2.33588496329573e-10
360.338319	0.627871	-0.590825	2.48937273472875e-09	3.71093780929261e-10	-3.71093780929261e-10
362.185977	0.899151	-1.219787	1.43230611672769e-09	2.17023643177369e-10	-2.17023643177369e-10
364.083867	0.894254	-0.998738	1.60456166219015e-09	2.47152580073404e-10	-2.47152580073404e-10
365.694038	0.872834	-0.715917	1.88825177141295e-09	2.81483930541324e-10	-2.81483930541324e-10
367.393156	0.968842	-0.826284	1.58606106507765e-09	2.40320672579597e-10	-2.40320672579597e-10
369.328403	0.988842	-0.966405	1.39294188263872e-09	2.11059184022824e-10	-2.11059184022824e-10
371.344678	1.240954	-1.027432	1.22093570459269e-09	1.82006349115806e-10	-1.82006349115806e-10
373.643515	0.979213	-1.057883	1.3880877210166e-09	2.10323632722155e-10	-2.10323632722155e-10
375.583918	0.794816	-0.961190	1.65656436081863e-09	2.51003373287813e-10	-2.51003373287813e-10
377.533794	1.065258	-1.155060	1.36102105534488e-09	2.02889009988446e-10	-2.02889009988446e-10
380.011992	1.198817	-1.412940	1.17282391270047e-09	1.77706771322109e-10	-1.77706771322109e-10
382.752599	1.146471	-1.541790	1.17284700006613e-09	1.77710290121831e-10	-1.77710290121831e-10
385.319105	1.029811	-1.420035	1.31323469190979e-09	1.98981899477612e-10	-1.98981899477612e-10
387.580851	1.742774	-1.231935	1.08910356898813e-09	1.65021442746977e-10	-1.65021442746977e-10
391.055588	1.514917	-1.731963	1.02162943891511e-09	1.52295500265926e-10	-1.52295500265926e-10
394.477856	1.835926	-1.907350	8.83512692676233e-10	1.33870253703416e-10	-1.33870253703416e-10
397.633277	1.165934	-1.319495	1.29530303816701e-09	1.93092398876734e-10	-1.93092398876734e-10
400.748756	2.069482	-1.949544	7.50938929210912e-10	1.15668077551476e-10	-1.15668077551476e-10
404.719749	2.405746	-1.901510	6.75600350213595e-10	1.02367242480477e-10	-1.02367242480477e-10
408.631246	2.032926	-1.505751	7.95363930658999e-10	1.22510878466329e-10	-1.22510878466329e-10
412.288418	1.628007	-1.624246	5.86478738387579e-10	1.07075862019247e-10	-1.07075862019247e-10
415.519778	1.741375	-1.603353	5.65742529575477e-10	1.03289976293402e-10	-1.03289976293402e-10
420.193430	2.577664	-2.932277	3.43069073893698e-10	6.58014863096934e-11	-6.58014863096934e-11
424.269937	1.765857	-1.498843	6.30942765098475e-10	1.15193881462111e-10	-1.15193881462111e-10
428.109479	2.139263	-2.073686	5.11258319725945e-10	9.3342601951161e-11	-9.3342601951161e-11
433.118197	2.998096	-2.869455	3.78988982292534e-10	7.09095051884777e-11	-7.09095051884777e-11
438.181178	2.327755	-2.064885	5.14274980426719e-10	9.3893324333377e-11	-9.3893324333377e-11
443.012675	2.381738	-2.503742	4.61083441326176e-10	8.41819321416761e-11	-8.41819321416761e-11
448.663634	3.436258	-3.269221	3.34561167023497e-10	6.10822510713851e-11	-6.10822510713851e-11
455.720664	3.257345	-3.620772	3.12286790614142e-10	5.98973685065118e-11	-5.98973685065118e-11
463.025958	3.792625	-4.047948	2.8384896169389e-10	5.18235002136704e-11	-5.18235002136704e-11
471.462579	4.819141	-4.643997	2.29906718574816e-10	4.30159562370333e-11	-4.30159562370333e-11
NO	NO	NO	NO	NO	NO
!Time	Poserr	Negerr	Flux	PosErr	NegErr
!XRT pc mode data
493.659495	20.406297	-14.696072	2.15903404287593e-10	3.79713318569758e-11	-3.79713318569758e-11
3712.216872	54.420659	-45.871949	2.26784907110326e-11	5.13306687892469e-12	-5.13306687892469e-12
3814.329409	55.108023	-47.691877	2.20206756526712e-11	5.00453516521963e-12	-5.00453516521963e-12
3917.219984	47.495408	-47.782552	2.39163835010475e-11	5.41322160138966e-12	-5.41322160138966e-12
4003.525969	38.916142	-38.810578	1.625266030737e-11	3.71043855538403e-12	-3.71043855538403e-12
4091.672226	56.077006	-49.230114	1.10807924795132e-11	2.49829468189017e-12	-2.49829468189017e-12
4178.343302	27.074110	-30.594070	2.13293628331419e-11	4.67275824466495e-12	-4.67275824466495e-12
4232.569034	48.067717	-27.151623	1.54494677908068e-11	3.49771621516891e-12	-3.49771621516891e-12
4320.538435	52.868816	-39.901684	2.20228449495355e-11	5.02641000379135e-12	-5.02641000379135e-12
4406.835651	36.776280	-33.428400	1.66033554327114e-11	3.77463286185485e-12	-3.77463286185485e-12
4479.791182	29.010829	-36.179251	1.82215598538004e-11	4.12533993089294e-12	-4.12533993089294e-12
4563.096662	48.505009	-54.294651	1.3522039994245e-11	2.85011152831779e-12	-2.85011152831779e-12
4667.188335	37.183697	-55.586663	1.31865508583305e-11	2.99785120266324e-12	-2.99785120266324e-12
4748.569546	26.007146	-44.197514	1.75780094397636e-11	3.99622203395986e-12	-3.99622203395986e-12
4815.393074	29.388218	-40.816382	1.76771763409554e-11	3.985479292432e-12	-3.985479292432e-12
4873.462768	26.479284	-28.681476	2.18478567494242e-11	4.94631113752898e-12	-4.94631113752898e-12
4949.037875	36.152596	-49.095824	1.37559760751374e-11	3.11430454519815e-12	-3.11430454519815e-12
5013.270043	37.110408	-28.079572	1.91949711441211e-11	4.20516592040756e-12	-4.20516592040756e-12
5101.619952	28.994360	-51.239500	1.54654523605205e-11	3.44218922080594e-12	-3.44218922080594e-12
5174.177191	44.192881	-43.562879	1.34563355622564e-11	3.05920469087009e-12	-3.05920469087009e-12
5257.831437	30.743274	-39.461366	1.64817788023316e-11	3.77857301906744e-12	-3.77857301906744e-12
5316.132380	30.110431	-27.557669	2.88953391653874e-11	6.54127571672289e-12	-6.54127571672289e-12
5407.133689	36.894163	-60.890877	2.44814847701475e-11	5.40443206792836e-12	-5.40443206792836e-12
5492.499746	36.776605	-48.471894	1.83364335509962e-11	4.13380409772617e-12	-4.13380409772617e-12
5570.339983	44.184909	-41.063631	1.38670307498055e-11	3.17909599993708e-12	-3.17909599993708e-12
5645.948666	38.780886	-31.423774	1.74406080789418e-11	3.96499578921e-12	-3.96499578921e-12
5723.667372	31.266880	-38.937820	1.8981186786026e-11	4.04681072331584e-12	-4.04681072331584e-12
5802.510128	45.194624	-47.575876	1.24400374959384e-11	2.84000291800216e-12	-2.84000291800216e-12
5884.262686	38.661406	-36.557934	1.65542958129263e-11	3.64093250192952e-12	-3.64093250192952e-12
5957.605876	40.537536	-34.681784	1.61246557251874e-11	3.62048429098261e-12	-3.62048429098261e-12
6030.087229	30.739003	-31.943817	1.93672349701075e-11	4.42144968138909e-12	-4.42144968138909e-12
6098.905032	24.603999	-38.078801	1.9691134460614e-11	4.43955819818547e-12	-4.43955819818547e-12
6204.198117	89.804515	-80.689085	1.14722565469377e-11	2.06652967843069e-12	-2.06652967843069e-12
9560.662343	47.671229	-62.650571	1.08983025775881e-11	2.45709834133169e-12	-2.45709834133169e-12
9670.087292	43.553500	-61.753720	1.13205911566484e-11	2.57364928564647e-12	-2.57364928564647e-12
9800.912618	75.703594	-87.271826	7.39991469191714e-12	1.66836891016728e-12	-1.66836891016728e-12
9927.593610	54.329762	-50.977398	1.1304206899683e-11	2.59154877477629e-12	-2.59154877477629e-12
10069.325145	83.095407	-87.401773	6.95180981833208e-12	1.6004718070896e-12	-1.6004718070896e-12
10210.683825	29.492647	-58.263273	1.36167994812591e-11	3.07001748688914e-12	-3.07001748688914e-12
10296.503281	71.545991	-56.326809	9.23718909516353e-12	2.09123936812312e-12	-2.09123936812312e-12
10425.111301	63.288871	-57.062029	1.03801838317665e-11	2.28301165568723e-12	-2.28301165568723e-12
10562.889164	78.456848	-74.488992	7.8155658860661e-12	1.77678141609746e-12	-1.77678141609746e-12
10713.188686	113.698166	-71.842674	6.61609429241751e-12	1.48548688379859e-12	-1.48548688379859e-12
10889.133093	65.626498	-62.246242	9.69455608829624e-12	2.20399778821635e-12	-2.20399778821635e-12
11036.664133	71.041339	-81.904541	6.10088831080237e-12	1.61051658473861e-12	-1.61051658473861e-12
11176.741116	46.300616	-69.035644	1.08560444187351e-11	2.44761683064284e-12	-2.44761683064284e-12
11305.770444	90.275727	-82.728713	7.07588779456817e-12	1.62216268975858e-12	-1.62216268975858e-12
11472.398428	66.564483	-76.352257	9.37970622073935e-12	2.03005500591268e-12	-2.03005500591268e-12
11602.468173	61.860359	-63.505261	9.53935981907747e-12	2.16871578023164e-12	-2.16871578023164e-12
11710.556358	36.513494	-46.227826	1.43791801260437e-11	3.24192117942702e-12	-3.24192117942702e-12
11841.150458	68.894714	-94.080606	5.69677131357657e-12	1.45401950598069e-12	-1.45401950598069e-12
11984.533722	93.489750	-74.488550	5.49549770591586e-12	1.4175074940564e-12	-1.4175074940564e-12
15367.459255	91.736217	-86.283211	7.22939412975829e-12	1.63361564979366e-12	-1.63361564979366e-12
15553.339361	63.816991	-94.143889	6.03826590243511e-12	1.58673882660623e-12	-1.58673882660623e-12
15730.573411	114.748461	-113.417059	4.08007761393644e-12	1.07214347714793e-12	-1.07214347714793e-12
16005.960493	90.092579	-160.638621	3.61035461197584e-12	9.42060864472982e-13	-9.42060864472982e-13
16196.196977	75.367854	-100.143906	7.12103584757873e-12	1.56956925640982e-12	-1.56956925640982e-12
16338.116223	86.394469	-66.551391	5.8497998994316e-12	1.52101793838167e-12	-1.52101793838167e-12
16630.936098	114.510274	-206.425406	2.73614502751029e-12	7.24121144573844e-13	-7.24121144573844e-13
16822.998881	97.959230	-77.552510	5.1482592298397e-12	1.34808919261021e-12	-1.34808919261021e-12
16978.091636	55.695476	-57.133524	1.09390230126159e-11	2.45890851272124e-12	-2.45890851272124e-12
17094.650598	107.126414	-60.863486	5.51393993371233e-12	1.44894523462653e-12	-1.44894523462653e-12
17275.996170	88.756162	-74.219158	5.83162653732387e-12	1.52163858526743e-12	-1.52163858526743e-12
17476.688739	128.765673	-111.936407	3.97796250085454e-12	1.03792335527735e-12	-1.03792335527735e-12
17721.632672	137.047772	-116.178260	3.88620326848015e-12	1.02276555681748e-12	-1.02276555681748e-12
21136.074764	93.646487	-121.982793	4.51046101712051e-12	1.18526970824367e-12	-1.18526970824367e-12
21407.555643	80.419129	-177.834391	3.69275078495059e-12	9.91449241616311e-13	-9.91449241616311e-13
21597.431530	156.318582	-109.456758	3.70365272465426e-12	9.66391169013241e-13	-9.66391169013241e-13
21900.687941	61.169111	-146.937829	4.81284428674016e-12	1.25583232315771e-12	-1.25583232315771e-12
22045.425827	109.494185	-83.568775	5.214259264118e-12	1.36537043114662e-12	-1.36537043114662e-12
22250.037810	107.974382	-95.117798	5.01351725998972e-12	1.31279501237279e-12	-1.31279501237279e-12
22460.643212	87.924579	-102.631021	5.34059015791467e-12	1.41338162726351e-12	-1.41338162726351e-12
22713.676677	163.349034	-165.108886	3.09757522950217e-12	8.1397194197591e-13	-8.1397194197591e-13
23216.526539	416.469053	-339.500827	4.11723954999839e-12	7.58494382541826e-13	-7.58494382541826e-13
26975.116610	157.740082	-178.240318	2.8312820312491e-12	7.41349144238379e-13	-7.41349144238379e-13
27353.712203	200.373529	-220.855511	2.23378701798415e-12	5.8727964121239e-13	-5.8727964121239e-13
27688.421582	108.873569	-134.335851	3.88696650375742e-12	1.00966081296538e-12	-1.00966081296538e-12
28056.529578	179.545214	-259.234426	2.10710875833439e-12	5.55099728856187e-13	-5.55099728856187e-13
28357.282266	94.421406	-121.207474	4.31733471132194e-12	1.12368235385699e-12	-1.12368235385699e-12
28817.580593	602.628010	-365.876922	2.01865481616073e-12	3.82035012432861e-13	-3.82035012432861e-13
34047.144527	191.543724	-222.162856	2.43669107018102e-12	6.44493680124214e-13	-6.44493680124214e-13
34850.850353	343.787071	-612.162101	2.17339259979697e-12	4.15209157292742e-13	-4.15209157292742e-13
40459.543550	508.815234	-493.671246	1.24673057841652e-12	3.0129908953262e-13	-3.0129908953262e-13
48744.132345	3798.525506	-4584.858414	7.5167044907644e-13	1.70756316877265e-13	-1.70756316877265e-13
56586.535986	1748.271305	-813.022903	8.1765983852716e-13	2.35758027576973e-13	-2.35758027576973e-13
62248.730694	446.875437	-741.584763	1.12708016873113e-12	2.63083407018577e-13	-2.63083407018577e-13
67857.027043	681.675969	-3850.881791	8.57341599021223e-13	2.04609162949338e-13	-2.04609162949338e-13
80925.171050	531.637473	-738.502659	7.86612019161893e-13	2.08508797513743e-13	-2.08508797513743e-13
88673.307429	4368.300863	-4031.748865	3.00073612883209e-13	6.54666255031591e-14	-6.54666255031591e-14
97659.310880	1166.278311	-1466.386689	3.75244470923329e-13	9.89878480231322e-14	-9.89878480231322e-14
102736.046772	1866.942219	-745.664381	3.91891970947759e-13	1.03302526253185e-13	-1.03302526253185e-13
138167.787801	34474.644250	-30408.655569	2.05878037480892e-13	5.64274557225435e-14	-5.64274557225435e-14
