READ TERR 1 2
NO	NO	NO	NO	NO	NO
!Time	Poserr	Negerr	Flux	PosErr	NegErr
!XRT wt mode data
96.087699	0.563734	-0.603866	1.72631691765452e-09	2.57344138435203e-10	-2.57344138435203e-10
97.233234	0.590633	-0.581801	1.71038634596576e-09	2.54969360012649e-10	-2.54969360012649e-10
98.324533	0.508100	-0.500666	1.95117299728151e-09	2.96143028889256e-10	-2.96143028889256e-10
99.729121	0.661995	-0.896488	1.25571714916631e-09	1.90588885530126e-10	-1.90588885530126e-10
101.191311	0.793894	-0.800195	1.20297560067038e-09	1.85927255869876e-10	-1.85927255869876e-10
102.584718	0.654770	-0.599513	1.45564209478379e-09	2.37804544025333e-10	-2.37804544025333e-10
104.074973	0.763941	-0.835485	1.20093548404099e-09	1.82274299027033e-10	-1.82274299027033e-10
105.487778	0.827817	-0.648864	1.31186776974228e-09	1.95561691165056e-10	-1.95561691165056e-10
107.162797	0.924799	-0.847201	1.06612118030155e-09	1.64775546399675e-10	-1.64775546399675e-10
109.114672	1.042172	-1.027076	9.02070596698874e-10	1.41996732234281e-10	-1.41996732234281e-10
111.187438	0.906877	-1.030594	1.00728974803096e-09	1.50157869758646e-10	-1.50157869758646e-10
112.994166	0.776058	-0.899851	1.16524461708915e-09	1.73704405232932e-10	-1.73704405232932e-10
114.841296	0.944701	-1.071072	9.53684540899028e-10	1.44747311358458e-10	-1.44747311358458e-10
116.642638	0.981169	-0.856641	1.05814198302542e-09	1.57738484447723e-10	-1.57738484447723e-10
118.705363	1.234857	-1.081557	8.14779488105813e-10	1.25929179467794e-10	-1.25929179467794e-10
121.089119	1.156836	-1.148899	8.40212067197903e-10	1.25251411572725e-10	-1.25251411572725e-10
123.860031	1.179149	-1.614076	6.937107443434e-10	1.03412297058484e-10	-1.03412297058484e-10
126.198880	1.325729	-1.159700	7.79600135930491e-10	1.16215931908934e-10	-1.16215931908934e-10
128.690838	1.320987	-1.166229	7.7993737516078e-10	1.16266205342571e-10	-1.16266205342571e-10
131.025740	1.028497	-1.013914	9.60261298451843e-10	1.43147314124675e-10	-1.43147314124675e-10
133.429223	1.170939	-1.374986	7.67858729356819e-10	1.16543212687003e-10	-1.16543212687003e-10
135.738822	0.939356	-1.138660	9.50131576647086e-10	1.44208060026167e-10	-1.44208060026167e-10
137.429729	0.625490	-0.751552	1.44823400998303e-09	2.19808486434947e-10	-2.19808486434947e-10
138.581312	0.443534	-0.526093	2.09700860434696e-09	3.12603575438696e-10	-3.12603575438696e-10
139.508134	0.402720	-0.483288	2.2976239153989e-09	3.48726271533123e-10	-3.48726271533123e-10
140.338678	0.401225	-0.427823	2.59868211160497e-09	3.87388677174297e-10	-3.87388677174297e-10
141.075166	0.306993	-0.335263	3.48369767097684e-09	5.19318993595397e-10	-5.19318993595397e-10
141.650092	0.274701	-0.267934	3.99109761294378e-09	5.94957712092882e-10	-5.94957712092882e-10
142.239415	0.254701	-0.314622	3.65877640021291e-09	5.45418197558929e-10	-5.45418197558929e-10
142.788728	0.349434	-0.294611	3.16334447245043e-09	4.80122673446782e-10	-4.80122673446782e-10
143.472402	0.361402	-0.334239	2.97172686227134e-09	4.592985920213e-10	-4.592985920213e-10
144.141253	0.317030	-0.307449	3.49774579608365e-09	5.21413176389266e-10	-5.21413176389266e-10
144.772134	0.312391	-0.313851	3.59506641831455e-09	5.45648133827538e-10	-5.45648133827538e-10
145.415329	0.275871	-0.330803	3.89032000140122e-09	5.90460774292291e-10	-5.90460774292291e-10
145.969950	0.322596	-0.278751	3.89891121778374e-09	5.81215348242637e-10	-5.81215348242637e-10
146.586626	0.277022	-0.294080	3.75792173106508e-09	5.91542024254261e-10	-5.91542024254261e-10
147.123908	0.300167	-0.260259	3.98516852027647e-09	5.9801108251782e-10	-5.9801108251782e-10
147.718546	0.344232	-0.294472	3.5319616205963e-09	5.26513773020208e-10	-5.26513773020208e-10
148.332423	0.303225	-0.269645	3.99605849843695e-09	5.95697224721416e-10	-5.95697224721416e-10
148.902363	0.329292	-0.266714	4.82188865776207e-09	6.3867476911413e-10	-6.3867476911413e-10
149.579928	0.249518	-0.348273	3.7557816193077e-09	5.59878847309135e-10	-5.59878847309135e-10
150.116852	0.221416	-0.287406	4.98074668541101e-09	7.18908841155325e-10	-7.18908841155325e-10
150.586209	0.284008	-0.247941	4.93890003259973e-09	7.20412628795936e-10	-7.20412628795936e-10
151.117859	0.266527	-0.247642	4.80350325138815e-09	7.16063995501207e-10	-7.16063995501207e-10
151.801926	0.297671	-0.417540	3.15517691597968e-09	4.8765192114143e-10	-4.8765192114143e-10
152.350331	0.295449	-0.250734	4.75230263647078e-09	6.52778950068806e-10	-6.52778950068806e-10
152.892700	0.341964	-0.246920	3.54852164203718e-09	5.28982371891389e-10	-5.28982371891389e-10
153.511807	0.315309	-0.277142	4.44085711188964e-09	5.83113122308014e-10	-5.83113122308014e-10
154.119075	0.286260	-0.291959	3.94004420520489e-09	5.98007782981126e-10	-5.98007782981126e-10
154.690372	0.252260	-0.285037	4.83311180085199e-09	7.20477777361101e-10	-7.20477777361101e-10
155.258389	0.250008	-0.315757	4.62839671664851e-09	6.89960645647128e-10	-6.89960645647128e-10
155.791846	0.325015	-0.283449	4.17733997591115e-09	6.22721084204586e-10	-6.22721084204586e-10
156.430775	0.273193	-0.313915	4.23228164099667e-09	6.30911278649713e-10	-6.30911278649713e-10
156.988107	0.230020	-0.284140	4.91974718005016e-09	7.30082673157422e-10	-7.30082673157422e-10
157.561125	0.336628	-0.342998	4.98607249332137e-09	6.1188005921141e-10	-6.1188005921141e-10
158.125530	0.282834	-0.227778	4.08605085078082e-09	6.02455347220665e-10	-6.02455347220665e-10
158.696670	0.266783	-0.288306	4.69988852183816e-09	6.39573814932679e-10	-6.39573814932679e-10
159.214120	0.261724	-0.250667	5.05641288302689e-09	7.22344704893397e-10	-7.22344704893397e-10
159.779983	0.334570	-0.304139	3.9880374018714e-09	5.88004023949703e-10	-5.88004023949703e-10
160.399788	0.316090	-0.285235	4.23273410335216e-09	6.30978743043314e-10	-6.30978743043314e-10
160.973084	0.249838	-0.257206	5.30572809136224e-09	7.82286918192657e-10	-7.82286918192657e-10
161.523046	0.274527	-0.300125	4.77040931915635e-09	7.1113062240345e-10	-7.1113062240345e-10
162.074134	0.226934	-0.276560	5.76899757848209e-09	8.41494766368271e-10	-8.41494766368271e-10
162.651125	0.254848	-0.350058	4.32398333861367e-09	6.44581353434498e-10	-6.44581353434498e-10
163.204474	0.299288	-0.298500	4.13974646243703e-09	6.17116947212593e-10	-6.17116947212593e-10
163.830852	0.357870	-0.327090	3.57794387033466e-09	5.43049318702743e-10	-5.43049318702743e-10
164.548486	0.319852	-0.359765	5.49171369902879e-09	6.7393124262962e-10	-6.7393124262962e-10
165.164325	0.353395	-0.295988	5.90470221828849e-09	7.24612291384404e-10	-7.24612291384404e-10
165.797089	0.323758	-0.279368	5.74452842051385e-09	7.47873874244295e-10	-7.47873874244295e-10
166.381616	0.246283	-0.260769	5.10380527911985e-09	7.52515021720532e-10	-7.52515021720532e-10
166.947977	0.334645	-0.320077	5.75196033632018e-09	6.97527653483429e-10	-6.97527653483429e-10
167.556754	0.241816	-0.274133	5.0617062204578e-09	7.54554613508254e-10	-7.54554613508254e-10
168.090014	0.256524	-0.291444	4.96589485621834e-09	7.32181252256706e-10	-7.32181252256706e-10
168.630158	0.282133	-0.283620	4.82364360474959e-09	7.03600725930055e-10	-7.03600725930055e-10
169.197747	0.274968	-0.285455	4.57727046658276e-09	6.82339223873686e-10	-6.82339223873686e-10
169.688894	0.308665	-0.216179	4.94078427766825e-09	7.54684394878458e-10	-7.54684394878458e-10
170.339066	0.338113	-0.341508	5.94965019887603e-09	7.21501089005661e-10	-7.21501089005661e-10
170.981298	0.242064	-0.304119	4.73018038086523e-09	6.94350659332018e-10	-6.94350659332018e-10
171.469954	0.274694	-0.246592	4.77770280537399e-09	6.75669193399833e-10	-6.75669193399833e-10
172.030587	0.246023	-0.285939	4.68182916993678e-09	6.62110645393971e-10	-6.62110645393971e-10
172.531021	0.259749	-0.254411	4.41801884480688e-09	6.58599357662125e-10	-6.58599357662125e-10
173.063798	0.271375	-0.273028	4.33815371413195e-09	6.50979727947096e-10	-6.50979727947096e-10
173.634217	0.248928	-0.299044	4.38980019297726e-09	6.66270362642424e-10	-6.66270362642424e-10
174.173823	0.227051	-0.290677	4.50846692552018e-09	6.84281200745048e-10	-6.84281200745048e-10
174.687696	0.227348	-0.286822	4.64696741378726e-09	6.70731959446494e-10	-6.70731959446494e-10
175.131814	0.306295	-0.216771	4.29691168859381e-09	6.33545049704373e-10	-6.33545049704373e-10
175.692478	0.254463	-0.254369	4.57680321980147e-09	6.67595372344062e-10	-6.67595372344062e-10
176.248835	0.335037	-0.301894	3.43592123813779e-09	5.31042681849152e-10	-5.31042681849152e-10
176.891260	0.331307	-0.307389	3.47139477345342e-09	5.26877589947056e-10	-5.26877589947056e-10
177.519214	0.279784	-0.296647	3.84824134300575e-09	5.84074222693382e-10	-5.84074222693382e-10
178.081899	0.265072	-0.282900	4.24163325302054e-09	6.25394723508783e-10	-6.25394723508783e-10
178.699018	0.270665	-0.352047	3.72657226326128e-09	5.59206321997545e-10	-5.59206321997545e-10
179.249511	0.323298	-0.279828	3.82021786515043e-09	5.79820897937389e-10	-5.79820897937389e-10
179.864592	0.265065	-0.291784	4.20862181207996e-09	6.38771642768933e-10	-6.38771642768933e-10
180.370968	0.311989	-0.241311	4.31229012658712e-09	6.54506111147797e-10	-6.54506111147797e-10
180.927730	0.285385	-0.244773	4.66288070127074e-09	6.95101190618857e-10	-6.95101190618857e-10
181.465860	0.252529	-0.252745	5.23589988392418e-09	7.76999235629268e-10	-7.76999235629268e-10
181.948003	0.279218	-0.229614	5.40791248775424e-09	8.02525662421966e-10	-8.02525662421966e-10
182.489917	0.249694	-0.262696	5.35951895702256e-09	7.73579938523582e-10	-7.73579938523582e-10
182.980661	0.269562	-0.241050	4.73005774224476e-09	7.05115370337781e-10	-7.05115370337781e-10
183.543321	0.258432	-0.293098	6.54895793863897e-09	7.94177780822062e-10	-7.94177780822062e-10
184.053666	0.272928	-0.251912	8.62205033449143e-09	1.00913463902641e-09	-1.00913463902641e-09
184.591079	0.283478	-0.264485	6.54081416833719e-09	9.15897201581311e-10	-9.15897201581311e-10
185.173552	0.304126	-0.298996	6.59436187899645e-09	8.58512795941182e-10	-8.58512795941182e-10
185.772180	0.276599	-0.294502	7.63845273501207e-09	9.26298459414414e-10	-9.26298459414414e-10
186.349659	0.259548	-0.300880	7.02985652579343e-09	8.83625229929728e-10	-8.83625229929728e-10
186.892422	0.248746	-0.283216	7.28292554558051e-09	8.83184454390035e-10	-8.83184454390035e-10
187.403980	0.251357	-0.262812	8.13914476499945e-09	9.59207400796737e-10	-9.59207400796737e-10
187.930905	0.235043	-0.275568	8.20372012923478e-09	9.73602448696329e-10	-9.73602448696329e-10
188.432938	0.245395	-0.266990	8.56912102239342e-09	9.96140071610455e-10	-9.96140071610455e-10
188.942803	0.247910	-0.264471	8.93244599689831e-09	1.03143003509678e-09	-1.03143003509678e-09
189.442891	0.308260	-0.252178	8.98570474031139e-09	1.11542981223548e-09	-1.11542981223548e-09
190.063962	0.279643	-0.312811	1.11353947417535e-08	1.35036498295444e-09	-1.35036498295444e-09
190.579018	0.289422	-0.235412	1.23406670002348e-08	1.49652567198736e-09	-1.49652567198736e-09
191.189050	0.362565	-0.320610	9.11165284660534e-09	1.13106426265267e-09	-1.13106426265267e-09
191.794431	0.280248	-0.242817	1.17739393976189e-08	1.4277998473962e-09	-1.4277998473962e-09
192.365035	0.341236	-0.290355	9.43767899608521e-09	1.14448666079708e-09	-1.14448666079708e-09
193.052638	0.288771	-0.346367	9.11734892944661e-09	1.13177131854261e-09	-1.13177131854261e-09
193.659193	0.296010	-0.317785	9.7992631634664e-09	1.20716208983362e-09	-1.20716208983362e-09
194.304375	0.339338	-0.349172	8.91015463078464e-09	1.09317233756558e-09	-1.09317233756558e-09
194.968188	0.305338	-0.324475	1.02566947745234e-08	1.23476095349281e-09	-1.23476095349281e-09
195.586168	0.254902	-0.312642	1.13017461072347e-08	1.40292887551629e-09	-1.40292887551629e-09
196.132132	0.278249	-0.291063	1.13064983689951e-08	1.43708041807002e-09	-1.43708041807002e-09
196.661922	0.335579	-0.251541	1.16156908534259e-08	1.40860939619765e-09	-1.40860939619765e-09
197.299694	0.364982	-0.302193	9.74662061516527e-09	1.22422274324262e-09	-1.22422274324262e-09
198.060911	0.356323	-0.396236	8.05006823473026e-09	9.87649748392091e-10	-9.87649748392091e-10
198.737842	0.325233	-0.320607	8.97673102596885e-09	1.0885885555755e-09	-1.0885885555755e-09
199.407874	0.341947	-0.344798	8.27585600397199e-09	1.00359495008659e-09	-1.00359495008659e-09
200.033875	0.249683	-0.284054	1.14329735898452e-08	1.32905615776175e-09	-1.32905615776175e-09
200.655352	0.332728	-0.371795	8.0933694694602e-09	9.7432721062592e-10	-9.7432721062592e-10
201.253720	0.250270	-0.265640	1.13776326537662e-08	1.35988717823566e-09	-1.35988717823566e-09
201.810635	0.298276	-0.306644	9.7346663299347e-09	1.19433033420672e-09	-1.19433033420672e-09
202.527432	0.346506	-0.418521	7.77550140718958e-09	9.7664061773574e-10	-9.7664061773574e-10
203.277255	0.335024	-0.403317	7.831986067011e-09	9.8373536350294e-10	-9.8373536350294e-10
203.903123	0.271362	-0.290844	1.04550080702448e-08	1.26785598462717e-09	-1.26785598462717e-09
204.458056	0.299978	-0.283571	1.01376931291568e-08	1.22937587994426e-09	-1.22937587994426e-09
205.057785	0.294466	-0.299752	9.95318459380212e-09	1.20700093312954e-09	-1.20700093312954e-09
205.604550	0.251196	-0.252298	1.12436887158317e-08	1.41226178051841e-09	-1.41226178051841e-09
206.126944	0.269659	-0.271198	1.05888912775225e-08	1.28409169016256e-09	-1.28409169016256e-09
206.765500	0.374780	-0.368898	7.26001420240829e-09	8.90719322951912e-10	-8.90719322951912e-10
207.410654	0.275821	-0.270374	9.4798257873494e-09	1.14959772733344e-09	-1.14959772733344e-09
207.974517	0.384470	-0.288042	7.61759290319638e-09	9.456008694326e-10	-9.456008694326e-10
208.669746	0.315489	-0.310759	8.1252139237072e-09	1.03273230916232e-09	-1.03273230916232e-09
209.318417	0.321510	-0.333182	8.72705571441314e-09	1.06274126856274e-09	-1.06274126856274e-09
209.938043	0.239183	-0.298115	1.13581969438409e-08	1.3773836955391e-09	-1.3773836955391e-09
210.473343	0.269663	-0.296118	1.07522765755881e-08	1.31917931888681e-09	-1.31917931888681e-09
211.041317	0.303024	-0.298311	9.9980335892156e-09	1.21243969049317e-09	-1.21243969049317e-09
211.656013	0.293223	-0.311672	9.73387898692293e-09	1.19423376877673e-09	-1.19423376877673e-09
212.201523	0.256535	-0.252287	1.23808736681391e-08	1.45909995979597e-09	-1.45909995979597e-09
212.715545	0.294037	-0.257487	1.06417409696561e-08	1.30561788898902e-09	-1.30561788898902e-09
213.326958	0.344461	-0.317376	8.47607178782393e-09	1.02787466154045e-09	-1.02787466154045e-09
213.940840	0.337263	-0.269422	8.85771625626627e-09	1.08673877092919e-09	-1.08673877092919e-09
214.573576	0.234708	-0.295473	1.05193424782078e-08	1.30580612839661e-09	-1.30580612839661e-09
215.129154	0.360538	-0.320870	8.34408852918539e-09	1.01186936962657e-09	-1.01186936962657e-09
215.787340	0.289468	-0.297647	8.80870876296194e-09	1.06821282188627e-09	-1.06821282188627e-09
216.368581	0.250852	-0.291773	9.14313251998294e-09	1.10876769864768e-09	-1.10876769864768e-09
216.964302	0.356100	-0.344869	7.44493018440723e-09	9.02830408046604e-10	-9.02830408046604e-10
217.630378	0.334069	-0.309976	8.48875162638865e-09	1.02941231968691e-09	-1.02941231968691e-09
218.328635	0.354582	-0.364188	7.80369567789062e-09	9.57422687263185e-10	-9.57422687263185e-10
219.015987	0.265020	-0.332770	9.63897004004764e-09	1.18258952221923e-09	-1.18258952221923e-09
219.631863	0.268271	-0.350855	9.42373461411932e-09	1.14279567269945e-09	-1.14279567269945e-09
220.254830	0.353375	-0.354696	8.13740921593242e-09	9.86805800669755e-10	-9.86805800669755e-10
220.951645	0.288152	-0.343440	8.69604205037317e-09	1.05455001308907e-09	-1.05455001308907e-09
221.578045	0.396524	-0.338248	7.08493148792201e-09	8.69238684093421e-10	-8.69238684093421e-10
222.220615	0.261012	-0.246046	1.0371050246129e-08	1.23575562958642e-09	-1.23575562958642e-09
222.848342	0.355613	-0.366714	6.89694403938181e-09	8.36377302321239e-10	-8.36377302321239e-10
223.510465	0.261030	-0.306510	9.11651712869835e-09	1.10554011430937e-09	-1.10554011430937e-09
224.119568	0.327984	-0.348073	7.95954027394669e-09	9.65236013636013e-10	-9.65236013636013e-10
224.796939	0.317785	-0.349386	8.40304995925455e-09	1.03095650155794e-09	-1.03095650155794e-09
225.403052	0.304124	-0.288328	9.66064798715832e-09	1.18524917325605e-09	-1.18524917325605e-09
226.056507	0.253795	-0.349331	9.34734041122894e-09	1.14680998397443e-09	-1.14680998397443e-09
226.598496	0.241987	-0.288195	1.06370535812936e-08	1.3204180617876e-09	-1.3204180617876e-09
227.113709	0.271178	-0.273227	1.08924993179481e-08	1.35212753548676e-09	-1.35212753548676e-09
227.632325	0.261386	-0.247438	1.22224659957387e-08	1.47141197014959e-09	-1.47141197014959e-09
228.183568	0.304373	-0.289857	9.60406966201856e-09	1.19218986167512e-09	-1.19218986167512e-09
228.765277	0.258183	-0.277336	1.05440206322461e-08	1.27865033400292e-09	-1.27865033400292e-09
229.277747	0.259883	-0.254286	1.09388023374148e-08	1.35787528362878e-09	-1.35787528362878e-09
229.802833	0.298782	-0.265204	1.01767801332983e-08	1.24857258516953e-09	-1.24857258516953e-09
230.456623	0.317504	-0.355007	8.60320280992704e-09	1.0555129710655e-09	-1.0555129710655e-09
231.074509	0.277831	-0.300382	1.01648224822448e-08	1.23266580250126e-09	-1.23266580250126e-09
231.598844	0.303238	-0.246503	1.05725037610813e-08	1.26365588850695e-09	-1.26365588850695e-09
232.154148	0.290545	-0.252067	9.50590247671802e-09	1.22271118713409e-09	-1.22271118713409e-09
232.715321	0.286241	-0.270627	9.7459444388004e-09	1.19571407594748e-09	-1.19571407594748e-09
233.375597	0.364305	-0.374035	7.71342784198108e-09	9.3539050354327e-10	-9.3539050354327e-10
234.068808	0.315142	-0.328905	8.63696509634664e-09	1.05965519606599e-09	-1.05965519606599e-09
234.664631	0.277966	-0.280682	9.58331292686844e-09	1.16214737690455e-09	-1.16214737690455e-09
235.228293	0.358345	-0.285697	7.75024403423041e-09	9.6206739297245e-10	-9.6206739297245e-10
235.913304	0.285345	-0.326665	7.65273279749246e-09	9.38901344753004e-10	-9.38901344753004e-10
236.457230	0.319634	-0.258582	8.13021769319618e-09	9.85933708543149e-10	-9.85933708543149e-10
237.068713	0.318393	-0.291850	8.67413175662002e-09	1.05189299679837e-09	-1.05189299679837e-09
237.664032	0.324421	-0.276926	9.64002538149319e-09	1.18271903665962e-09	-1.18271903665962e-09
238.384756	0.318909	-0.396303	8.22760754846598e-09	1.07105918607663e-09	-1.07105918607663e-09
238.972126	0.325769	-0.268461	1.04267353770946e-08	1.27923920479303e-09	-1.27923920479303e-09
239.671372	0.323936	-0.373477	8.21146049619153e-09	1.01931996611191e-09	-1.01931996611191e-09
240.317366	0.305964	-0.322058	8.85583973276063e-09	1.11233634114414e-09	-1.11233634114414e-09
240.976870	0.256702	-0.353540	9.65317693549047e-09	1.18433255677083e-09	-1.18433255677083e-09
241.515229	0.268095	-0.281657	8.98906524933817e-09	1.09008428758288e-09	-1.09008428758288e-09
242.061774	0.287304	-0.278450	7.20309303091534e-09	8.8394799705136e-10	-8.8394799705136e-10
242.585764	0.291706	-0.236687	7.46140775647254e-09	9.1564783238029e-10	-9.1564783238029e-10
243.114145	0.268589	-0.236675	9.20535346720402e-09	1.01041880219799e-09	-1.01041880219799e-09
243.643553	0.260459	-0.260819	8.18310320395563e-09	9.52380002428164e-10	-9.52380002428164e-10
244.156091	0.253195	-0.252079	8.77292401509137e-09	1.02398323280284e-09	-1.02398323280284e-09
244.650676	0.281675	-0.241391	8.03084772679662e-09	9.66800439290072e-10	-9.66800439290072e-10
245.182616	0.292370	-0.250265	8.6076948094711e-09	9.91285535309025e-10	-9.91285535309025e-10
245.756262	0.241790	-0.281276	7.98542481196224e-09	9.61332152493238e-10	-9.61332152493238e-10
246.250577	0.259865	-0.252525	8.75131307990604e-09	1.00384444630666e-09	-1.00384444630666e-09
246.798239	0.267292	-0.287798	6.982836082242e-09	8.67224128679474e-10	-8.67224128679474e-10
247.345036	0.257784	-0.279504	8.45016559044988e-09	9.56792830284257e-10	-9.56792830284257e-10
247.861607	0.246477	-0.258787	7.85059069176105e-09	9.56235654946955e-10	-9.56235654946955e-10
248.362259	0.249319	-0.254175	8.68505515149367e-09	1.00019456739074e-09	-1.00019456739074e-09
248.894832	0.243370	-0.283254	7.90635178278654e-09	9.38311330330421e-10	-9.38311330330421e-10
249.436307	0.281892	-0.298105	7.15253279236318e-09	8.88299348908442e-10	-8.88299348908442e-10
249.972066	0.276316	-0.253866	7.7959574398429e-09	9.60833110612473e-10	-9.60833110612473e-10
250.547806	0.259222	-0.299425	6.64562743685222e-09	8.15537073960892e-10	-8.15537073960892e-10
251.152602	0.307367	-0.345573	6.00780430260633e-09	7.46131332060648e-10	-7.46131332060648e-10
251.706350	0.260662	-0.246382	8.95786367564505e-09	1.08310281608686e-09	-1.08310281608686e-09
252.189767	0.286049	-0.222755	8.76397533191624e-09	1.03284437551468e-09	-1.03284437551468e-09
252.746948	0.241258	-0.271132	8.46970782153696e-09	9.77997622963113e-10	-9.77997622963113e-10
253.262853	0.239523	-0.274647	7.63055358136953e-09	9.18610693522708e-10	-9.18610693522708e-10
253.822705	0.345066	-0.320329	5.53650475392537e-09	6.95312657330975e-10	-6.95312657330975e-10
254.422337	0.252488	-0.254566	7.52197569007264e-09	9.09488392253694e-10	-9.09488392253694e-10
254.968911	0.248549	-0.294086	6.23513344221504e-09	7.93269371132263e-10	-7.93269371132263e-10
255.494033	0.283852	-0.276573	6.25442520794734e-09	7.52944316716431e-10	-7.52944316716431e-10
256.058348	0.267499	-0.280463	7.5744995915324e-09	8.57643192536191e-10	-8.57643192536191e-10
256.602328	0.235903	-0.276481	7.21872858852602e-09	8.79272127911067e-10	-8.79272127911067e-10
257.102045	0.289496	-0.263814	6.61570643850495e-09	8.02272232051223e-10	-8.02272232051223e-10
257.676067	0.243874	-0.284526	7.42958474011443e-09	8.85468055011019e-10	-8.85468055011019e-10
258.249934	0.262447	-0.329993	6.53415371823857e-09	7.92382515108626e-10	-7.92382515108626e-10
258.786077	0.272492	-0.273696	7.25053872404682e-09	9.00471101021626e-10	-9.00471101021626e-10
259.328312	0.249764	-0.269743	6.03029401445205e-09	8.52812341686995e-10	-8.52812341686995e-10
259.864047	0.286910	-0.285971	7.71985240286748e-09	9.47363648780845e-10	-9.47363648780845e-10
260.399433	0.299496	-0.248476	5.75938790797388e-09	8.03279868245615e-10	-8.03279868245615e-10
260.996645	0.284062	-0.297715	6.39569064513864e-09	7.75591402770821e-10	-7.75591402770821e-10
261.552427	0.246008	-0.271720	6.99928035748088e-09	8.58936602585636e-10	-8.58936602585636e-10
262.120395	0.309616	-0.321961	6.12961298926632e-09	7.43324768120604e-10	-7.43324768120604e-10
262.796258	0.322254	-0.366246	5.97188414180393e-09	7.32856744380235e-10	-7.32856744380235e-10
263.397101	0.248034	-0.278589	5.54669940707754e-09	8.26853138030118e-10	-8.26853138030118e-10
263.915667	0.282779	-0.270532	5.59835224328441e-09	7.80819765091257e-10	-7.80819765091257e-10
264.490054	0.366671	-0.291608	5.4611560875855e-09	6.62262456974566e-10	-6.62262456974566e-10
265.155043	0.237201	-0.298319	6.33604142284134e-09	7.86896313728557e-10	-7.86896313728557e-10
265.663845	0.278151	-0.271601	5.0435026221196e-09	6.86333797403916e-10	-6.86333797403916e-10
266.261645	0.361752	-0.319650	5.47771752969475e-09	6.64270847410212e-10	-6.64270847410212e-10
266.886735	0.266834	-0.263337	7.91105324253384e-09	9.70827389207209e-10	-9.70827389207209e-10
267.489223	0.338634	-0.335654	6.04410188012968e-09	7.68616712199057e-10	-7.68616712199057e-10
268.115343	0.288954	-0.287485	7.43299857974139e-09	9.01383456979217e-10	-9.01383456979217e-10
268.727137	0.303414	-0.322840	6.09419436333144e-09	7.39029643249929e-10	-7.39029643249929e-10
269.285858	0.276655	-0.255306	4.89502057357882e-09	6.8543998932219e-10	-6.8543998932219e-10
269.838391	0.313014	-0.275879	3.6305434213881e-09	5.6112273704499e-10	-5.6112273704499e-10
270.453932	0.350411	-0.302527	4.92932815469141e-09	6.04916506616669e-10	-6.04916506616669e-10
271.084798	0.336892	-0.280455	5.15617986201266e-09	6.65659980886042e-10	-6.65659980886042e-10
271.715041	0.229711	-0.293351	5.49189406347254e-09	7.81315596842561e-10	-7.81315596842561e-10
272.225940	0.229423	-0.281188	5.3821412231295e-09	7.81679636573396e-10	-7.81679636573396e-10
272.771751	0.361442	-0.316388	5.62381345600996e-09	6.92243587712503e-10	-6.92243587712503e-10
273.437100	0.292104	-0.303907	6.9314885808667e-09	8.40566471382746e-10	-8.40566471382746e-10
273.983627	0.268631	-0.254424	8.06398713200172e-09	9.77902080062995e-10	-9.77902080062995e-10
274.526589	0.266516	-0.274330	7.71188587080478e-09	9.46385997227365e-10	-9.46385997227365e-10
275.061604	0.284810	-0.268500	4.76194022384673e-09	7.22752597920391e-10	-7.22752597920391e-10
275.674545	0.216285	-0.328130	6.88059921578456e-09	8.58124139758381e-10	-8.58124139758381e-10
276.207409	0.288326	-0.316579	6.19526398998341e-09	7.45822116140955e-10	-7.45822116140955e-10
276.780603	0.280897	-0.284868	6.42783858173489e-09	7.88810453458153e-10	-7.88810453458153e-10
277.365945	0.266656	-0.304445	6.59464031437112e-09	8.19012649937513e-10	-8.19012649937513e-10
277.924285	0.261624	-0.291684	7.08870750125168e-09	8.59632060419776e-10	-8.59632060419776e-10
278.492487	0.291199	-0.306578	6.57613847030731e-09	7.97473952232653e-10	-7.97473952232653e-10
279.041642	0.245534	-0.257956	8.11402094022474e-09	9.81073087811129e-10	-9.81073087811129e-10
279.542824	0.301220	-0.255649	7.40885792151321e-09	9.09199071311675e-10	-9.09199071311675e-10
280.083096	0.264443	-0.239052	1.00227537442873e-08	1.1205779219488e-09	-1.1205779219488e-09
280.602686	0.253684	-0.255147	9.08350538045949e-09	1.04887284295264e-09	-1.04887284295264e-09
281.101565	0.261856	-0.245195	8.30965732555842e-09	1.01646064052552e-09	-1.01646064052552e-09
281.674795	0.279287	-0.311374	7.10144706541262e-09	8.81954820417481e-10	-8.81954820417481e-10
282.183797	0.280887	-0.229715	9.68959677209773e-09	1.09836670531285e-09	-1.09836670531285e-09
282.726323	0.257858	-0.261639	8.58406970060774e-09	9.88564798826173e-10	-9.88564798826173e-10
283.255428	0.239357	-0.271247	7.4208643281812e-09	9.10672472129481e-10	-9.10672472129481e-10
283.784158	0.320870	-0.289372	5.99677820058703e-09	7.53771344315784e-10	-7.53771344315784e-10
284.367853	0.242450	-0.262825	8.38282022699155e-09	1.00315878202405e-09	-1.00315878202405e-09
284.876192	0.282083	-0.265889	8.7673214910269e-09	1.05675978580705e-09	-1.05675978580705e-09
285.456140	0.244767	-0.297865	9.7009309721381e-09	1.16785483061137e-09	-1.16785483061137e-09
285.965681	0.316991	-0.264774	7.63057348022085e-09	9.36407494658209e-10	-9.36407494658209e-10
286.567408	0.307711	-0.284736	6.36100693073003e-09	7.71385389160365e-10	-7.71385389160365e-10
287.209852	0.287964	-0.334733	6.53905994896751e-09	7.92977484273534e-10	-7.92977484273534e-10
287.805446	0.283042	-0.307630	7.52958522219051e-09	9.24014453026732e-10	-9.24014453026732e-10
288.319608	0.299064	-0.231120	8.26992639106993e-09	1.01486752562724e-09	-1.01486752562724e-09
288.862250	0.267023	-0.243578	9.73023515835132e-09	1.1132039374982e-09	-1.1132039374982e-09
289.423054	0.289763	-0.293781	7.03153490513286e-09	8.62894760076533e-10	-8.62894760076533e-10
289.976263	0.327226	-0.263446	6.49311643591932e-09	7.96821205729082e-10	-7.96821205729082e-10
290.581137	0.238301	-0.277648	8.3478743696184e-09	9.57566845867487e-10	-9.57566845867487e-10
291.109606	0.268479	-0.290169	5.80630464477034e-09	8.06375360465272e-10	-8.06375360465272e-10
291.674656	0.274531	-0.296571	7.34615915213395e-09	8.90852657755538e-10	-8.90852657755538e-10
292.253759	0.293217	-0.304571	6.75505873114848e-09	8.38935594596889e-10	-8.38935594596889e-10
292.862127	0.311080	-0.315152	6.56942623593786e-09	8.06185796199864e-10	-8.06185796199864e-10
293.468773	0.302212	-0.295565	7.35307953263227e-09	9.02354041618797e-10	-9.02354041618797e-10
294.094057	0.377901	-0.323073	6.19919200629894e-09	7.60751484341692e-10	-7.60751484341692e-10
294.765566	0.263261	-0.293608	4.63293775561796e-09	6.90637588805286e-10	-6.90637588805286e-10
295.347937	0.330273	-0.319110	5.57892934468033e-09	6.87589696150635e-10	-6.87589696150635e-10
295.908502	0.285657	-0.230292	5.53901022581063e-09	7.96113381338431e-10	-7.96113381338431e-10
296.423758	0.281012	-0.229599	8.51717149816831e-09	1.01799672184961e-09	-1.01799672184961e-09
297.004169	0.280598	-0.299399	7.31716322438812e-09	9.08745435475322e-10	-9.08745435475322e-10
297.575803	0.319195	-0.291036	7.10196291519084e-09	8.61239524869957e-10	-8.61239524869957e-10
298.182769	0.297557	-0.287771	7.36307895470405e-09	8.92904494786911e-10	-8.92904494786911e-10
298.769834	0.278035	-0.289508	7.34305362171693e-09	9.11960853314346e-10	-9.11960853314346e-10
299.310462	0.272927	-0.262593	7.90907346030522e-09	9.63359080924106e-10	-9.63359080924106e-10
299.867087	0.283844	-0.283699	7.47998565176276e-09	9.07081509408221e-10	-9.07081509408221e-10
300.422712	0.237033	-0.271780	9.89384547653448e-09	1.11739339399959e-09	-1.11739339399959e-09
300.928659	0.255920	-0.268914	8.44163314823402e-09	1.02369835721556e-09	-1.02369835721556e-09
301.503709	0.266214	-0.319130	7.80892461272749e-09	9.46971205135115e-10	-9.46971205135115e-10
302.000282	0.276693	-0.230359	6.10704061348819e-09	8.6366596396444e-10	-8.6366596396444e-10
302.572875	0.262744	-0.295900	6.70334592090938e-09	8.32513170790104e-10	-8.32513170790104e-10
303.089793	0.329371	-0.254174	6.30036004421965e-09	7.82464894880044e-10	-7.82464894880044e-10
303.674447	0.265999	-0.255283	7.6260823953666e-09	9.28889597565897e-10	-9.28889597565897e-10
304.232763	0.271668	-0.292317	7.43953421174859e-09	9.02176063240965e-10	-9.02176063240965e-10
304.768724	0.265883	-0.264293	8.42589185938358e-09	1.02178950304504e-09	-1.02178950304504e-09
305.320136	0.296236	-0.285529	8.01503023910895e-09	9.83587209771431e-10	-9.83587209771431e-10
305.847227	0.270858	-0.230855	9.18899424227006e-09	1.1143292452281e-09	-1.1143292452281e-09
306.397036	0.311722	-0.278951	7.5716013513989e-09	9.29170597899881e-10	-9.29170597899881e-10
306.966713	0.270447	-0.257955	6.12474904204039e-09	8.89532846183538e-10	-8.89532846183538e-10
307.519397	0.313774	-0.282237	7.57499558497748e-09	9.40766533743485e-10	-9.40766533743485e-10
308.103692	0.275663	-0.270520	5.86977194174809e-09	8.56194231079846e-10	-8.56194231079846e-10
308.631712	0.300928	-0.252357	8.44630666645953e-09	1.02426516083478e-09	-1.02426516083478e-09
309.272372	0.288301	-0.339732	7.49621412767475e-09	9.09049511320973e-10	-9.09049511320973e-10
309.887857	0.252829	-0.327184	8.18070715469943e-09	9.92056446875029e-10	-9.92056446875029e-10
310.418083	0.281250	-0.277397	8.35499905097452e-09	1.01319246732838e-09	-1.01319246732838e-09
310.951927	0.339857	-0.252594	6.48390396985791e-09	8.63331807224466e-10	-8.63331807224466e-10
311.572218	0.247969	-0.280434	5.98360975327328e-09	8.69034416552656e-10	-8.69034416552656e-10
312.153562	0.299992	-0.333375	6.92520621001245e-09	8.43519873829886e-10	-8.43519873829886e-10
312.724069	0.266772	-0.270516	5.69973147415729e-09	8.1424737939761e-10	-8.1424737939761e-10
313.239057	0.264151	-0.248215	5.58341723722196e-09	8.14425093534728e-10	-8.14425093534728e-10
313.757565	0.293615	-0.254357	4.85683821162753e-09	7.24014710369182e-10	-7.24014710369182e-10
314.350833	0.385314	-0.299652	5.92989453726128e-09	7.19105353907401e-10	-7.19105353907401e-10
315.020661	0.272355	-0.284514	4.80279703925514e-09	7.28953735381221e-10	-7.28953735381221e-10
315.549458	0.263065	-0.256442	5.54562538557897e-09	7.92232189804955e-10	-7.92232189804955e-10
316.111261	0.334634	-0.298738	6.03878338891537e-09	7.32310063601164e-10	-7.32310063601164e-10
316.732275	0.252686	-0.286381	4.3669237411153e-09	6.50982550430885e-10	-6.50982550430885e-10
317.308913	0.307631	-0.323952	5.13933346172108e-09	6.38272746270138e-10	-6.38272746270138e-10
317.871639	0.287540	-0.255095	5.0479520455393e-09	7.0002500839978e-10	-7.0002500839978e-10
318.460692	0.317626	-0.301513	6.26444483038614e-09	7.68759125873316e-10	-7.68759125873316e-10
319.048392	0.270782	-0.270074	5.7254602700621e-09	8.22911525644174e-10	-8.22911525644174e-10
319.663492	0.297944	-0.344318	7.00022042337698e-09	8.48901385054616e-10	-8.48901385054616e-10
320.236892	0.261831	-0.275456	5.42403476955747e-09	8.23243319369898e-10	-8.23243319369898e-10
320.823303	0.324800	-0.324580	6.35935991616762e-09	8.05024679307364e-10	-8.05024679307364e-10
321.469076	0.305283	-0.320973	6.93491828946149e-09	8.40982362958311e-10	-8.40982362958311e-10
322.103993	0.280608	-0.329634	6.92374157081829e-09	8.49666620188677e-10	-8.49666620188677e-10
322.678145	0.268661	-0.293544	7.4404131723062e-09	9.02282649812141e-10	-9.02282649812141e-10
323.233413	0.234669	-0.286607	5.6024339235177e-09	8.13674035861905e-10	-8.13674035861905e-10
323.759638	0.393381	-0.291557	5.67900838339272e-09	7.16423952794269e-10	-7.16423952794269e-10
324.449064	0.333768	-0.296044	5.88910546876685e-09	7.67742867910005e-10	-7.67742867910005e-10
325.055220	0.236445	-0.272388	6.08816983246349e-09	8.89431617529517e-10	-8.89431617529517e-10
325.533687	0.268589	-0.242022	1.01146111816195e-08	1.14525421600629e-09	-1.14525421600629e-09
326.033706	0.288077	-0.231431	6.30523474195696e-09	9.06241659327413e-10	-9.06241659327413e-10
326.626952	0.365568	-0.305169	6.51544429096507e-09	7.99561274278848e-10	-7.99561274278848e-10
327.315802	0.265599	-0.323283	7.54164248259906e-09	9.14558460200745e-10	-9.14558460200745e-10
327.917441	0.313318	-0.336040	7.07180397734361e-09	8.67836510898499e-10	-8.67836510898499e-10
328.505101	0.239827	-0.274342	9.01473743165896e-09	1.09319749707696e-09	-1.09319749707696e-09
329.006680	0.327156	-0.261752	7.39141489651978e-09	8.96340719784773e-10	-8.96340719784773e-10
329.599577	0.257324	-0.265740	6.02075284252985e-09	8.4307401471731e-10	-8.4307401471731e-10
330.169451	0.288797	-0.312550	6.75374109306195e-09	8.38771965006028e-10	-8.38771965006028e-10
330.733991	0.313150	-0.275743	6.99466900669775e-09	8.482282298587e-10	-8.482282298587e-10
331.297976	0.266890	-0.250835	8.31588711430109e-09	9.86914256804527e-10	-9.86914256804527e-10
331.815360	0.292131	-0.250494	7.64587900606101e-09	9.20455668560711e-10	-9.20455668560711e-10
332.421476	0.338951	-0.313985	6.21295004828012e-09	7.47951316954069e-10	-7.47951316954069e-10
333.081008	0.284324	-0.320581	6.22317571860957e-09	7.63694686729992e-10	-7.63694686729992e-10
333.658351	0.292308	-0.293020	5.94828215513895e-09	7.21335174488995e-10	-7.21335174488995e-10
334.238260	0.278153	-0.287601	5.92158675786497e-09	7.26684343224826e-10	-7.26684343224826e-10
334.841890	0.302545	-0.325476	5.60959104450471e-09	6.80262846499753e-10	-6.80262846499753e-10
335.396972	0.249169	-0.252537	7.67924176532747e-09	9.11358330197399e-10	-9.11358330197399e-10
335.868504	0.288248	-0.222363	8.84865510205848e-09	9.99351427213098e-10	-9.99351427213098e-10
336.472396	0.241225	-0.315644	7.40479440973184e-09	8.97963204516981e-10	-8.97963204516981e-10
336.998270	0.241974	-0.284649	8.07444316894106e-09	9.90878235281184e-10	-9.90878235281184e-10
337.575358	0.305374	-0.335113	6.6399892379491e-09	8.05216950323785e-10	-8.05216950323785e-10
338.164036	0.278890	-0.283305	7.48807869033834e-09	9.080629372568e-10	-9.080629372568e-10
338.701525	0.260901	-0.258599	8.30249348578163e-09	9.96604432568182e-10	-9.96604432568182e-10
339.246902	0.251043	-0.284476	7.59228959038737e-09	9.31709412369515e-10	-9.31709412369515e-10
339.782030	0.247876	-0.284086	5.02901501338613e-09	7.54649799672922e-10	-7.54649799672922e-10
340.357369	0.282779	-0.327463	6.43116629878793e-09	7.79893481336534e-10	-7.79893481336534e-10
340.891484	0.250380	-0.251336	8.59168690432025e-09	1.0067695628575e-09	-1.0067695628575e-09
341.446233	0.296977	-0.304369	6.41867694013633e-09	7.87686184044552e-10	-7.87686184044552e-10
342.042671	0.248509	-0.299460	6.77001510093487e-09	8.50964177985825e-10	-8.50964177985825e-10
342.552939	0.250622	-0.261759	7.48584977309279e-09	9.07792649912543e-10	-9.07792649912543e-10
343.097990	0.271328	-0.294430	7.10490132280601e-09	8.55329616807719e-10	-8.55329616807719e-10
343.704049	0.257721	-0.334730	6.60024366335176e-09	8.29624586474162e-10	-8.29624586474162e-10
344.271382	0.346868	-0.309613	5.94423629341902e-09	7.29463858583498e-10	-7.29463858583498e-10
344.888714	0.233032	-0.270463	8.97978148255092e-09	1.01416061167014e-09	-1.01416061167014e-09
345.342937	0.291199	-0.221191	7.75876349006398e-09	9.27349593000909e-10	-9.27349593000909e-10
345.900610	0.256590	-0.266475	7.39446075139153e-09	8.96710053719358e-10	-8.96710053719358e-10
346.437619	0.256858	-0.280419	7.3051214134784e-09	8.85876069790669e-10	-8.85876069790669e-10
346.971555	0.310038	-0.277078	6.81992110407983e-09	8.27036903399858e-10	-8.27036903399858e-10
347.531713	0.267608	-0.250119	9.49981361666616e-09	1.07979959833665e-09	-1.07979959833665e-09
348.047236	0.268033	-0.247915	1.07072992323035e-08	1.14531886209545e-09	-1.14531886209545e-09
348.582760	0.250238	-0.267491	7.83690312243973e-09	9.04927629933797e-10	-9.04927629933797e-10
349.091410	0.271768	-0.258413	6.63614222121978e-09	8.04750441719702e-10	-8.04750441719702e-10
349.605581	0.262866	-0.242402	7.61666690555581e-09	9.16938937795359e-10	-9.16938937795359e-10
350.160838	0.310721	-0.292391	6.48075955663636e-09	8.0486939831722e-10	-8.0486939831722e-10
350.751759	0.271332	-0.280199	7.06368301308179e-09	8.50367520303126e-10	-8.50367520303126e-10
351.341331	0.284886	-0.318241	6.27825900357734e-09	7.79720075446682e-10	-7.79720075446682e-10
351.908751	0.251206	-0.282534	7.85442244850198e-09	9.52488617231263e-10	-9.52488617231263e-10
352.437501	0.236627	-0.277544	8.42407329756446e-09	1.02156893365551e-09	-1.02156893365551e-09
352.907994	0.282073	-0.233866	7.96865218019535e-09	9.66341033287989e-10	-9.66341033287989e-10
353.476260	0.226188	-0.286194	7.481291924863e-09	9.18088001120816e-10	-9.18088001120816e-10
353.940016	0.271254	-0.237569	1.00830209472896e-08	1.14296340389868e-09	-1.14296340389868e-09
354.459247	0.267959	-0.247977	1.10290635728065e-08	1.23773542268094e-09	-1.23773542268094e-09
355.048075	0.353422	-0.320869	6.08362100490855e-09	7.46568855946499e-10	-7.46568855946499e-10
355.662733	0.249376	-0.261236	7.16287503891081e-09	8.79012574166594e-10	-8.79012574166594e-10
356.153733	0.277883	-0.241624	7.73245914513175e-09	9.06085700417716e-10	-9.06085700417716e-10
356.682302	0.268822	-0.250687	7.91528709835117e-09	9.0794571114876e-10	-9.0794571114876e-10
357.200772	0.266291	-0.249648	7.40140426487372e-09	8.97552092631615e-10	-8.97552092631615e-10
357.762789	0.307389	-0.295726	6.61025790775309e-09	8.01611546028798e-10	-8.01611546028798e-10
358.314412	0.261040	-0.244234	8.57507047246609e-09	1.03358704308591e-09	-1.03358704308591e-09
358.851376	0.248920	-0.275924	7.83200786674983e-09	9.61127075600351e-10	-9.61127075600351e-10
359.354100	0.281715	-0.253804	7.25830675730058e-09	8.80198969435767e-10	-8.80198969435767e-10
359.941936	0.337924	-0.306121	5.99130706614969e-09	7.26552688064284e-10	-7.26552688064284e-10
360.567197	0.258847	-0.287336	7.46567297547421e-09	9.0534582348739e-10	-9.0534582348739e-10
361.131508	0.319003	-0.305465	6.51451330205767e-09	7.99447023597449e-10	-7.99447023597449e-10
361.735525	0.255842	-0.285014	7.24802588599121e-09	8.78952242488854e-10	-8.78952242488854e-10
362.257922	0.244057	-0.266555	5.700023770942e-09	8.06105082929716e-10	-8.06105082929716e-10
362.812674	0.361816	-0.310695	5.95785428294744e-09	7.3113504130078e-10	-7.3113504130078e-10
363.477083	0.284522	-0.302593	6.65035293575944e-09	8.16116925084644e-10	-8.16116925084644e-10
364.014501	0.280844	-0.252896	6.99900200857495e-09	8.5890244451841e-10	-8.5890244451841e-10
364.570702	0.341975	-0.275357	5.91320309720158e-09	7.2878809855224e-10	-7.2878809855224e-10
365.199962	0.342516	-0.287285	5.70019348758369e-09	6.91250014776937e-10	-6.91250014776937e-10
365.840057	0.250393	-0.297580	6.31909605903701e-09	7.94285452445748e-10	-7.94285452445748e-10
366.348332	0.249172	-0.257882	6.86646123908291e-09	8.66627367660275e-10	-8.66627367660275e-10
366.899480	0.347407	-0.301976	5.61552657792897e-09	6.76029952669821e-10	-6.76029952669821e-10
367.518126	0.253604	-0.271239	7.46741621775689e-09	8.8372386324879e-10	-8.8372386324879e-10
368.007743	0.306612	-0.236013	6.90539827218414e-09	8.3740251745033e-10	-8.3740251745033e-10
368.592339	0.269981	-0.277984	6.89346676424494e-09	8.45951363205401e-10	-8.45951363205401e-10
369.160438	0.313904	-0.298117	6.0819553214814e-09	7.37545411078668e-10	-7.37545411078668e-10
369.730269	0.256464	-0.255927	7.45450058784732e-09	8.66568114538783e-10	-8.66568114538783e-10
370.291352	0.266482	-0.304619	5.09902371103543e-09	7.01425062040495e-10	-7.01425062040495e-10
370.841329	0.326743	-0.283495	5.56657270974016e-09	7.18641459286326e-10	-7.18641459286326e-10
371.442480	0.353614	-0.274408	6.21195348961393e-09	7.6231754601134e-10	-7.6231754601134e-10
372.128378	0.293968	-0.332284	6.3540457928338e-09	7.70541212008543e-10	-7.70541212008543e-10
372.735176	0.270727	-0.312830	6.94005327711721e-09	8.41605061886987e-10	-8.41605061886987e-10
373.277307	0.255218	-0.271405	5.09183805273681e-09	7.59046417441374e-10	-7.59046417441374e-10
373.822618	0.247206	-0.290093	5.74428678394553e-09	7.89038481642518e-10	-7.89038481642518e-10
374.313478	0.266947	-0.243654	7.6670996000437e-09	9.29772413356086e-10	-9.29772413356086e-10
374.900989	0.259424	-0.320563	6.69386875117586e-09	8.21457124865393e-10	-8.21457124865393e-10
375.467788	0.285064	-0.307375	6.40469897208854e-09	7.76683829254578e-10	-7.76683829254578e-10
376.060744	0.320134	-0.307892	5.62768785995166e-09	6.90617714147659e-10	-6.90617714147659e-10
376.716775	0.340173	-0.335897	4.95923586589373e-09	6.15117494864851e-10	-6.15117494864851e-10
377.331043	0.238296	-0.274095	4.47616111679442e-09	6.67266720014576e-10	-6.67266720014576e-10
377.850631	0.252448	-0.281292	4.14429076684241e-09	6.17794417947003e-10	-6.17794417947003e-10
378.448327	0.268553	-0.345248	5.18485420102587e-09	6.43926128835077e-10	-6.43926128835077e-10
379.016546	0.305242	-0.299666	3.59231212564094e-09	5.35510292908163e-10	-5.35510292908163e-10
379.613156	0.222791	-0.291369	4.29316441642168e-09	6.39987182699227e-10	-6.39987182699227e-10
380.092990	0.269569	-0.257043	4.47459117854954e-09	6.52686205585838e-10	-6.52686205585838e-10
380.650071	0.231994	-0.287512	5.0433265320123e-09	7.06206988909039e-10	-7.06206988909039e-10
381.160259	0.271558	-0.278194	6.42696428020183e-09	7.88703195037694e-10	-7.88703195037694e-10
381.765940	0.288574	-0.334122	5.84053568727005e-09	7.08268985400992e-10	-7.08268985400992e-10
382.354233	0.282057	-0.299720	5.72986639163949e-09	7.20221583952487e-10	-7.20221583952487e-10
382.879870	0.274139	-0.243579	4.39853162144985e-09	6.3882428504103e-10	-6.3882428504103e-10
383.421030	0.261371	-0.267022	4.27473081485661e-09	6.17004266161794e-10	-6.17004266161794e-10
383.993418	0.329470	-0.311017	4.9447285457442e-09	6.0680640065986e-10	-6.0680640065986e-10
384.623817	0.250584	-0.300928	4.19110305147573e-09	6.24772761867934e-10	-6.24772761867934e-10
385.113511	0.276838	-0.239110	4.92948288638373e-09	7.19038963123476e-10	-7.19038963123476e-10
385.697846	0.213788	-0.307498	4.84736848854564e-09	6.78767363674206e-10	-6.78767363674206e-10
386.151087	0.267590	-0.239453	4.20998856857898e-09	6.20728944080871e-10	-6.20728944080871e-10
386.727003	0.357061	-0.308326	3.31940516914003e-09	4.89419576295065e-10	-4.89419576295065e-10
387.306313	0.357748	-0.222249	4.88579479346127e-09	6.47139337652851e-10	-6.47139337652851e-10
387.958206	0.228921	-0.294145	4.41044479355454e-09	6.50284630318809e-10	-6.50284630318809e-10
388.468038	0.286632	-0.280911	4.88448214624632e-09	6.62211456217127e-10	-6.62211456217127e-10
389.066642	0.236001	-0.311972	5.07588072478861e-09	7.03898025586324e-10	-7.03898025586324e-10
389.607767	0.354938	-0.305124	5.79977537647881e-09	7.03326055894169e-10	-7.03326055894169e-10
390.271339	0.347853	-0.308634	3.50121892912792e-09	5.21930882278448e-10	-5.21930882278448e-10
390.957672	0.342918	-0.338480	4.68312841198527e-09	5.74703404210459e-10	-5.74703404210459e-10
391.570056	0.314089	-0.269466	3.55151840811313e-09	5.39038513463536e-10	-5.39038513463536e-10
392.136554	0.258203	-0.252408	4.22210164593079e-09	6.22514933214266e-10	-6.22514933214266e-10
392.660453	0.303627	-0.265695	4.07047000492046e-09	6.06789857950505e-10	-6.06789857950505e-10
393.277668	0.246834	-0.313589	4.97119831213447e-09	7.21996030081728e-10	-7.21996030081728e-10
393.861524	0.264314	-0.337021	3.9528326357126e-09	5.89253493024205e-10	-5.89253493024205e-10
394.394655	0.245343	-0.268817	4.57217140683487e-09	6.53167337190275e-10	-6.53167337190275e-10
394.987716	0.337234	-0.347717	3.00338628528215e-09	4.47718399747996e-10	-4.47718399747996e-10
395.779329	0.410279	-0.454379	2.37856930538294e-09	3.676224651261e-10	-3.676224651261e-10
396.500067	0.314017	-0.310459	3.47263991600696e-09	5.17670586119363e-10	-5.17670586119363e-10
397.175029	0.261755	-0.360945	3.4956722279604e-09	5.21104060385744e-10	-5.21104060385744e-10
397.714760	0.255754	-0.277976	4.52973300990264e-09	6.40600974362982e-10	-6.40600974362982e-10
398.271439	0.298630	-0.300925	3.56289681343885e-09	5.31125311212273e-10	-5.31125311212273e-10
398.778420	0.371646	-0.208351	3.59047613572012e-09	5.35236563469229e-10	-5.35236563469229e-10
399.521493	0.302864	-0.371427	3.00577719415163e-09	4.48074812845342e-10	-4.48074812845342e-10
400.087895	0.275540	-0.263537	3.57671404067177e-09	5.63017763997571e-10	-5.63017763997571e-10
400.697286	0.349332	-0.333851	2.91660125992526e-09	4.34781248544415e-10	-4.34781248544415e-10
401.392022	0.273722	-0.345405	3.19174157868674e-09	4.75796757361112e-10	-4.75796757361112e-10
401.968061	0.345285	-0.302317	2.9958679023329e-09	4.54703608357401e-10	-4.54703608357401e-10
402.585107	0.260200	-0.271761	3.67870070702668e-09	5.48388317536951e-10	-5.48388317536951e-10
403.274503	0.321597	-0.429197	2.59949555886209e-09	3.87509897471983e-10	-3.87509897471983e-10
403.985526	0.348908	-0.389426	2.61207917961003e-09	3.96453341209826e-10	-3.96453341209826e-10
404.726941	0.351138	-0.392507	2.63304982502713e-09	3.92511897343375e-10	-3.92511897343375e-10
405.516078	0.407089	-0.437999	2.32134811448344e-09	3.46046158113919e-10	-3.46046158113919e-10
406.293255	0.457208	-0.370089	2.37931452749458e-09	3.54687277748485e-10	-3.54687277748485e-10
407.183497	0.390706	-0.433033	2.36570165247234e-09	3.59058928694132e-10	-3.59058928694132e-10
407.957497	0.385290	-0.383295	2.57621974824412e-09	3.8404016477249e-10	-3.8404016477249e-10
408.680985	0.376999	-0.338198	2.7532496917545e-09	4.10430225138559e-10	-4.10430225138559e-10
409.511297	0.425575	-0.453312	2.19503451797392e-09	3.33155591306633e-10	-3.33155591306633e-10
410.473290	0.385172	-0.536419	2.10751453631828e-09	3.14169733873051e-10	-3.14169733873051e-10
411.304965	0.416378	-0.446502	2.24526191464524e-09	3.34703905214184e-10	-3.34703905214184e-10
412.088645	0.358585	-0.367303	2.66829094621897e-09	3.97765336584601e-10	-3.97765336584601e-10
412.947675	0.337511	-0.500444	2.31278733983014e-09	3.44769986611312e-10	-3.44769986611312e-10
413.905035	0.557931	-0.619849	1.62308148308539e-09	2.46346328275843e-10	-2.46346328275843e-10
415.045005	0.480072	-0.582038	1.80007864036807e-09	2.73210405153324e-10	-2.73210405153324e-10
416.108114	0.614312	-0.583037	1.61864065838185e-09	2.41292694384732e-10	-2.41292694384732e-10
417.188003	0.548530	-0.465576	1.91100782917303e-09	2.84876229794269e-10	-2.84876229794269e-10
418.218154	0.443527	-0.481622	2.06637856951757e-09	3.13628580785278e-10	-3.13628580785278e-10
419.399986	0.585351	-0.738305	1.42683721753698e-09	2.20526460880752e-10	-2.20526460880752e-10
420.536168	0.498857	-0.550831	1.85338206595108e-09	2.76285897956643e-10	-2.76285897956643e-10
421.944057	0.813158	-0.909031	1.13231009520852e-09	1.68794804846452e-10	-1.68794804846452e-10
423.284698	0.593362	-0.527484	1.74307573462051e-09	2.59842388501941e-10	-2.59842388501941e-10
424.694116	0.694409	-0.816056	1.29443442305785e-09	1.92962895949152e-10	-1.92962895949152e-10
426.110317	0.772671	-0.721792	1.30905132188129e-09	1.95141837935598e-10	-1.95141837935598e-10
427.606693	0.628424	-0.723706	1.44753265074879e-09	2.15785435022112e-10	-2.15785435022112e-10
429.046446	0.871732	-0.811329	1.14779345583826e-09	1.74208574392544e-10	-1.74208574392544e-10
430.752876	0.748715	-0.834698	1.22062203520216e-09	1.85262271577225e-10	-1.85262271577225e-10
432.425275	0.871448	-0.923684	1.07769008937771e-09	1.63568464707781e-10	-1.63568464707781e-10
434.197676	1.129020	-0.900953	9.53564956171362e-10	1.44729153389221e-10	-1.44729153389221e-10
436.330337	1.129520	-1.003640	9.08418835166916e-10	1.37877010045508e-10	-1.37877010045508e-10
438.079422	0.833974	-0.619565	1.35370235809776e-09	2.01798050928533e-10	-2.01798050928533e-10
440.091789	1.419107	-1.178393	7.48795836359525e-10	1.13649915631803e-10	-1.13649915631803e-10
442.883183	1.543715	-1.372287	6.78455424665784e-10	1.01138166578176e-10	-1.01138166578176e-10
445.492490	0.912762	-1.065592	9.75582160965957e-10	1.50782209650174e-10	-1.50782209650174e-10
447.252622	0.967352	-0.847371	1.09390564094133e-09	1.63069820994139e-10	-1.63069820994139e-10
449.195791	1.013243	-0.975817	9.87767917582565e-10	1.50877457403262e-10	-1.50877457403262e-10
451.361747	1.080079	-1.152713	8.67688258442406e-10	1.3169503828956e-10	-1.3169503828956e-10
454.014197	1.348961	-1.572371	6.58828390348021e-10	9.99949361319507e-11	-9.99949361319507e-11
457.226480	1.570363	-1.863322	5.64856389597805e-10	8.42037972387906e-11	-8.42037972387906e-11
460.050875	1.578336	-1.254032	6.822473086468e-10	1.03549392981068e-10	-1.03549392981068e-10
463.842059	1.443242	-2.212849	5.43208554565697e-10	8.09767551818217e-11	-8.09767551818217e-11
466.705233	1.730882	-1.419932	6.36513496541935e-10	9.48858461852959e-11	-9.48858461852959e-11
470.421902	1.383871	-1.985788	5.94737013174155e-10	9.02673371310722e-11	-9.02673371310722e-11
473.452552	1.667726	-1.646779	4.02357687778966e-10	7.54736098638406e-11	-7.54736098638406e-11
476.648928	1.527862	-1.528650	6.68549641537472e-10	9.96614817100342e-11	-9.96614817100342e-11
479.998335	1.535659	-1.821546	6.0073209121887e-10	9.11772839616798e-11	-9.11772839616798e-11
482.918227	0.907259	-1.384233	8.92161543854582e-10	1.32995577049528e-10	-1.32995577049528e-10
484.920557	0.847727	-1.095070	1.02831529347988e-09	1.56074524197183e-10	-1.56074524197183e-10
487.075142	1.441890	-1.306858	7.27345924345611e-10	1.08426329059941e-10	-1.08426329059941e-10
489.647892	0.966736	-1.130859	9.38589985783146e-10	1.39916734885254e-10	-1.39916734885254e-10
491.565731	1.050405	-0.951103	9.72316378753047e-10	1.44944351346771e-10	-1.44944351346771e-10
493.296439	0.565087	-0.680302	1.5348978939681e-09	2.32962063155446e-10	-2.32962063155446e-10
494.705962	0.776337	-0.844437	1.17922304188692e-09	1.78978860878805e-10	-1.78978860878805e-10
496.391036	0.658641	-0.908737	1.23563400398202e-09	1.84197448038808e-10	-1.84197448038808e-10
497.845828	0.723213	-0.796150	1.25764271071594e-09	1.90881115617146e-10	-1.90881115617146e-10
499.175919	0.496184	-0.606879	1.75826530632429e-09	2.6210671868429e-10	-2.6210671868429e-10
500.443972	0.582054	-0.771869	1.43571869139975e-09	2.1402432250726e-10	-2.1402432250726e-10
501.489815	0.454226	-0.463789	2.092758020794e-09	3.176323679848e-10	-3.176323679848e-10
502.570572	0.556604	-0.626530	1.64930444818316e-09	2.45863780520632e-10	-2.45863780520632e-10
503.598456	0.350679	-0.471280	2.34042059050183e-09	3.55221846951536e-10	-3.55221846951536e-10
504.437830	0.434665	-0.488695	2.10738065431809e-09	3.14149739597887e-10	-3.14149739597887e-10
505.271582	0.401509	-0.399087	2.39211610523635e-09	3.63067999764968e-10	-3.63067999764968e-10
506.055717	0.435760	-0.382627	2.36875385090032e-09	3.53112972910231e-10	-3.53112972910231e-10
506.962233	0.495313	-0.470756	2.00571806944919e-09	2.98994816290346e-10	-2.98994816290346e-10
508.049258	0.532701	-0.591712	1.70445652756701e-09	2.58697141464075e-10	-2.58697141464075e-10
508.997221	0.330181	-0.415262	2.54147743326618e-09	3.92800938743251e-10	-3.92800938743251e-10
509.917233	0.769421	-0.589832	1.4349039786397e-09	2.13902855124851e-10	-2.13902855124851e-10
511.172430	0.603033	-0.485776	1.7879867356087e-09	2.66537320008007e-10	-2.66537320008007e-10
512.272792	0.404691	-0.497329	2.1551262436485e-09	3.21267237245157e-10	-3.21267237245157e-10
513.132790	0.388002	-0.455307	2.30259886018507e-09	3.43251155703085e-10	-3.43251155703085e-10
513.823465	0.368061	-0.302672	2.85333578677408e-09	4.33070500731541e-10	-4.33070500731541e-10
514.619130	0.319635	-0.427604	2.5607554892943e-09	3.88663564770303e-10	-3.88663564770303e-10
515.593122	0.573201	-0.654358	1.56030181253673e-09	2.3681780548463e-10	-2.3681780548463e-10
516.694988	0.556607	-0.528664	1.76559002833169e-09	2.67975825665965e-10	-2.67975825665965e-10
517.718197	0.503026	-0.466602	2.00565711832289e-09	2.98985714767732e-10	-2.98985714767732e-10
518.613908	0.342083	-0.392685	2.65060579088998e-09	3.95128996438338e-10	-3.95128996438338e-10
519.547964	0.509304	-0.591973	1.76987986187974e-09	2.63838110688168e-10	-2.63838110688168e-10
520.518058	0.489267	-0.460790	2.05421080675155e-09	3.06223662851233e-10	-3.06223662851233e-10
521.602161	0.469086	-0.594835	1.78618869841233e-09	2.76066406714396e-10	-2.76066406714396e-10
522.553923	0.433568	-0.482676	2.13325925215608e-09	3.18007498755862e-10	-3.18007498755862e-10
523.472679	0.548478	-0.485188	1.83869899147267e-09	2.84182188978572e-10	-2.84182188978572e-10
524.526634	0.481942	-0.505477	1.97999834315007e-09	2.95160709889575e-10	-2.95160709889575e-10
525.478502	0.449862	-0.469925	2.12496662096556e-09	3.16771336599177e-10	-3.16771336599177e-10
526.357409	0.460506	-0.429045	2.20644258986916e-09	3.28917050854383e-10	-3.28917050854383e-10
527.322276	0.550664	-0.504361	1.86877566677803e-09	2.78580610244407e-10	-2.78580610244407e-10
528.446499	0.454762	-0.573558	1.94451248349776e-09	2.91791935336822e-10	-2.91791935336822e-10
529.450888	0.428896	-0.549628	2.03741531755059e-09	3.03719924524413e-10	-3.03719924524413e-10
530.492038	0.554858	-0.612254	1.68896586320949e-09	2.56346020941112e-10	-2.56346020941112e-10
531.531675	0.422581	-0.484780	2.19298065064343e-09	3.26910255354209e-10	-3.26910255354209e-10
532.590118	0.796317	-0.635862	1.36482389844981e-09	2.07148763342888e-10	-2.07148763342888e-10
533.871115	0.484949	-0.484679	2.00513280930744e-09	3.04332885147485e-10	-3.04332885147485e-10
535.042846	0.597737	-0.686783	1.52776931104076e-09	2.27746402339274e-10	-2.27746402339274e-10
536.087002	0.526741	-0.446418	1.98363946369798e-09	3.01070679781657e-10	-3.01070679781657e-10
537.277639	0.528124	-0.663896	1.61904959431358e-09	2.45734364703873e-10	-2.45734364703873e-10
538.164610	0.427530	-0.358848	2.48784463846415e-09	3.70865970944846e-10	-3.70865970944846e-10
539.053986	0.493548	-0.461847	2.01893827716816e-09	3.06428238585149e-10	-3.06428238585149e-10
540.118157	0.489721	-0.570622	1.86662327493489e-09	2.78259781247161e-10	-2.78259781247161e-10
541.174823	0.486287	-0.566945	1.86498531666895e-09	2.88244937095247e-10	-2.88244937095247e-10
542.228779	0.409055	-0.567669	2.10979445279143e-09	3.14509592965545e-10	-3.14509592965545e-10
542.999885	0.385184	-0.362051	2.749632097022e-09	4.09890945489392e-10	-4.09890945489392e-10
543.877972	0.441143	-0.492902	2.15095555762378e-09	3.26465397767319e-10	-3.26465397767319e-10
544.804699	0.395081	-0.485585	2.30534164901137e-09	3.4366004573526e-10	-3.4366004573526e-10
545.498463	0.291978	-0.298683	3.53434695547485e-09	5.26869353256433e-10	-5.26869353256433e-10
546.119166	0.350892	-0.328725	3.06461148233287e-09	4.73654513906116e-10	-4.73654513906116e-10
546.767876	0.305312	-0.297819	3.51337315426512e-09	5.23742728870321e-10	-5.23742728870321e-10
547.455568	0.307923	-0.382380	2.88747157125525e-09	4.46276431660031e-10	-4.46276431660031e-10
548.023974	0.257245	-0.260483	4.31595125518339e-09	6.14017654394199e-10	-6.14017654394199e-10
548.544449	0.270511	-0.263229	3.80137513745931e-09	5.76961028101936e-10	-5.76961028101936e-10
549.280100	0.403067	-0.465141	2.47340881798392e-09	3.68714030257171e-10	-3.68714030257171e-10
549.980746	0.282408	-0.297580	3.78548202193999e-09	5.74548823734724e-10	-5.74548823734724e-10
550.552714	0.261971	-0.289560	4.02922070540477e-09	6.22740771329378e-10	-6.22740771329378e-10
551.053531	0.271766	-0.238846	5.03461959645411e-09	7.23618077010715e-10	-7.23618077010715e-10
551.628734	0.312143	-0.303437	5.25295508528509e-09	6.78153603929432e-10	-6.78153603929432e-10
552.168111	0.278040	-0.227234	5.03998457463183e-09	7.35157296475789e-10	-7.35157296475789e-10
552.707193	0.286930	-0.261042	6.62975823476731e-09	8.03976280305732e-10	-8.03976280305732e-10
553.280545	0.252655	-0.286421	5.37245869096487e-09	7.6866191122797e-10	-7.6866191122797e-10
553.826062	0.368962	-0.292863	6.01576503730038e-09	7.38241687206801e-10	-7.38241687206801e-10
554.402563	0.294172	-0.207539	5.46345804258041e-09	7.93489775686958e-10	-7.93489775686958e-10
555.029691	0.360905	-0.332956	5.37990429182718e-09	6.52409221926529e-10	-6.52409221926529e-10
555.689260	0.359595	-0.298664	5.60934109030126e-09	6.80232534041062e-10	-6.80232534041062e-10
556.308147	0.292241	-0.259292	4.87589758300693e-09	6.76165356408854e-10	-6.76165356408854e-10
556.846316	0.273569	-0.245928	4.70034952647691e-09	6.64729789112078e-10	-6.64729789112078e-10
557.427461	0.300877	-0.307576	5.41157854711114e-09	6.56250309748028e-10	-6.56250309748028e-10
558.044392	0.297746	-0.316054	5.68854369564181e-09	7.15027519349663e-10	-7.15027519349663e-10
558.596901	0.293209	-0.254763	5.08739852675707e-09	7.23769197154995e-10	-7.23769197154995e-10
559.231070	0.269270	-0.340961	6.22824782357324e-09	7.64317139248974e-10	-7.64317139248974e-10
559.777040	0.233906	-0.276699	5.07964505910572e-09	7.25663601857703e-10	-7.25663601857703e-10
560.296912	0.276240	-0.285966	3.93849044760437e-09	5.97771958136461e-10	-5.97771958136461e-10
560.859256	0.263648	-0.286105	5.99037940768472e-09	7.2644022718333e-10	-7.2644022718333e-10
561.347581	0.294829	-0.224677	4.49278387500009e-09	6.41826287641075e-10	-6.41826287641075e-10
561.909187	0.247393	-0.266777	4.18655527700131e-09	6.28231018041976e-10	-6.28231018041976e-10
562.427181	0.328967	-0.270600	4.75455735332398e-09	6.18990651655364e-10	-6.18990651655364e-10
563.037438	0.298702	-0.281290	4.68204203214627e-09	6.31326427040755e-10	-6.31326427040755e-10
563.600883	0.313465	-0.264742	5.62589650013166e-09	6.82240151707225e-10	-6.82240151707225e-10
564.185773	0.249857	-0.271426	5.91931657493815e-09	7.17822587801835e-10	-7.17822587801835e-10
564.676553	0.326620	-0.240923	4.43370401249205e-09	5.92478637626089e-10	-5.92478637626089e-10
565.255624	0.281270	-0.252451	4.15576504677676e-09	5.99832995088854e-10	-5.99832995088854e-10
565.766518	0.302336	-0.229624	4.1839879445001e-09	6.10297367195455e-10	-6.10297367195455e-10
566.344542	0.277616	-0.275688	5.86109501849431e-09	7.19260921600622e-10	-7.19260921600622e-10
566.889256	0.259515	-0.267098	4.10449282333306e-09	6.22967282301953e-10	-6.22967282301953e-10
567.403981	0.271411	-0.255210	4.58290136626571e-09	6.54700188360854e-10	-6.54700188360854e-10
567.923778	0.276458	-0.248386	6.7596097340536e-09	7.94416533242487e-10	-7.94416533242487e-10
568.500407	0.331422	-0.300171	5.08082629371217e-09	6.16140669486715e-10	-6.16140669486715e-10
569.188543	0.310461	-0.356714	4.87372340907669e-09	5.86727348992932e-10	-5.86727348992932e-10
569.746016	0.274274	-0.247012	4.11670355277352e-09	6.17749095026251e-10	-6.17749095026251e-10
570.324344	0.270604	-0.304055	5.49031206331945e-09	6.65798115554931e-10	-6.65798115554931e-10
570.868094	0.315736	-0.273146	5.309574155105e-09	6.51579487867338e-10	-6.51579487867338e-10
571.508019	0.330525	-0.324189	4.9766313035994e-09	6.18066135174665e-10	-6.18066135174665e-10
572.152453	0.262530	-0.313909	5.81085469162343e-09	7.04669641599856e-10	-7.04669641599856e-10
572.761413	0.288720	-0.346431	5.05872625584899e-09	6.20795950794269e-10	-6.20795950794269e-10
573.360567	0.298032	-0.310433	5.21102063259591e-09	6.319290858148e-10	-6.319290858148e-10
573.966069	0.292086	-0.307470	5.23566725813314e-09	6.349179325449e-10	-6.349179325449e-10
574.601805	0.323513	-0.343650	4.62413578357832e-09	5.67463948521659e-10	-5.67463948521659e-10
575.159694	0.290458	-0.234376	6.11406770185935e-09	7.41439617091682e-10	-7.41439617091682e-10
575.688276	0.281374	-0.238124	4.21098484196835e-09	6.2773657398937e-10	-6.2773657398937e-10
576.249679	0.250142	-0.280029	6.24791269912478e-09	7.57670726757201e-10	-7.57670726757201e-10
576.797935	0.269422	-0.298114	4.46780994809566e-09	6.26549934050129e-10	-6.26549934050129e-10
577.310004	0.278639	-0.242647	4.29213226377749e-09	6.30048884412693e-10	-6.30048884412693e-10
577.874290	0.237419	-0.285647	3.95708712860753e-09	5.89887706327812e-10	-5.89887706327812e-10
578.397061	0.232374	-0.285353	6.08502330750818e-09	7.27299405840055e-10	-7.27299405840055e-10
578.933096	0.294129	-0.303660	4.25423817314925e-09	5.74458984314682e-10	-5.74458984314682e-10
579.453451	0.293281	-0.226226	4.3731704405382e-09	6.12366348331063e-10	-6.12366348331063e-10
580.037854	0.269301	-0.291123	3.98741619840773e-09	5.6963090442899e-10	-5.6963090442899e-10
580.547958	0.280474	-0.240802	4.50373045117435e-09	6.40732452685795e-10	-6.40732452685795e-10
581.173418	0.245679	-0.344987	3.63279711677598e-09	5.41545410284045e-10	-5.41545410284045e-10
581.644494	0.310122	-0.225397	4.34600894900641e-09	6.14618499048228e-10	-6.14618499048228e-10
582.269753	0.336026	-0.315137	4.70852360418511e-09	5.70992347134385e-10	-5.70992347134385e-10
582.865927	0.261138	-0.260148	3.80581426198125e-09	5.77634757235079e-10	-5.77634757235079e-10
583.421921	0.283356	-0.294856	3.53511494981449e-09	5.26983820704238e-10	-5.26983820704238e-10
584.029452	0.366116	-0.324176	2.96918163075525e-09	4.50653232935473e-10	-4.50653232935473e-10
584.654068	0.262776	-0.258500	4.28940252001928e-09	6.25673643622051e-10	-6.25673643622051e-10
585.203001	0.233339	-0.286158	4.24015580234638e-09	6.32085108882936e-10	-6.32085108882936e-10
585.795429	0.341889	-0.359089	3.0874447888261e-09	4.77183525381611e-10	-4.77183525381611e-10
586.443864	0.312578	-0.306545	3.56876710548989e-09	5.32000385348073e-10	-5.32000385348073e-10
587.058990	0.206284	-0.302548	4.60582188094711e-09	6.64793109534122e-10	-6.64793109534122e-10
587.563637	0.253164	-0.298363	4.1484260436164e-09	6.05110130423068e-10	-6.05110130423068e-10
588.100131	0.250400	-0.283329	4.206156596832e-09	6.24186963177786e-10	-6.24186963177786e-10
588.739907	0.359633	-0.389376	2.80450317030183e-09	4.25658875904299e-10	-4.25658875904299e-10
589.377475	0.273599	-0.277935	3.77565136276305e-09	5.6284086078886e-10	-5.6284086078886e-10
589.959086	0.364487	-0.308012	3.0379927975469e-09	4.52877209069504e-10	-4.52877209069504e-10
590.612131	0.328793	-0.288558	3.24588170755852e-09	4.83867475345378e-10	-4.83867475345378e-10
591.274669	0.440193	-0.333745	2.53679659560988e-09	3.78163294559041e-10	-3.78163294559041e-10
592.024335	0.350585	-0.309473	2.96599640894953e-09	4.50169788590939e-10	-4.50169788590939e-10
592.743262	0.336193	-0.368342	2.94067383427581e-09	4.38369772239665e-10	-4.38369772239665e-10
593.443792	0.363313	-0.364338	2.92925229238711e-09	4.44592906739604e-10	-4.44592906739604e-10
594.258489	0.400805	-0.451384	2.45384244590281e-09	3.72436648020802e-10	-3.72436648020802e-10
594.994104	0.359045	-0.334810	2.93303244492775e-09	4.37230639985724e-10	-4.37230639985724e-10
595.680734	0.380511	-0.327585	2.76697143365356e-09	4.12475741920911e-10	-4.12475741920911e-10
596.406499	0.435785	-0.345254	2.52774931260616e-09	3.76814616252686e-10	-3.76814616252686e-10
597.186079	0.270001	-0.343795	3.2594621201621e-09	4.85891909326253e-10	-4.85891909326253e-10
597.743106	0.287623	-0.287026	3.51589382617295e-09	5.24118502661623e-10	-5.24118502661623e-10
598.347396	0.323817	-0.316667	3.12210328258297e-09	4.65415666608503e-10	-4.65415666608503e-10
599.007063	0.350896	-0.335850	2.88235515623664e-09	4.2967614999957e-10	-4.2967614999957e-10
599.816807	0.487653	-0.458848	2.06523512992673e-09	3.07867072093007e-10	-3.07867072093007e-10
600.639835	0.283751	-0.335375	3.1113789506583e-09	4.72235516895334e-10	-4.72235516895334e-10
601.274763	0.326663	-0.351177	2.91595207533936e-09	4.34684459711957e-10	-4.34684459711957e-10
601.992716	0.466252	-0.391291	2.33524652551781e-09	3.48118002018962e-10	-3.48118002018962e-10
602.801845	0.375892	-0.342877	2.78044532316982e-09	4.22007440452521e-10	-4.22007440452521e-10
603.577743	0.363236	-0.400006	2.58293880589493e-09	3.92030491929498e-10	-3.92030491929498e-10
604.383164	0.363748	-0.442185	2.41257416945181e-09	3.66173095427315e-10	-3.66173095427315e-10
605.178298	0.390558	-0.431386	2.36463967142278e-09	3.5249969197403e-10	-3.5249969197403e-10
606.180971	0.466036	-0.612115	1.80930158362956e-09	2.69714749784697e-10	-2.69714749784697e-10
607.011714	0.368286	-0.364707	2.6783340307839e-09	3.99262464729842e-10	-3.99262464729842e-10
607.911349	0.448944	-0.531349	1.99117636746664e-09	3.02214607514101e-10	-3.02214607514101e-10
608.742585	0.402306	-0.382292	2.53100801022696e-09	3.77300398103794e-10	-3.77300398103794e-10
609.701013	0.465097	-0.556122	1.92630903422137e-09	2.87157203398894e-10	-2.87157203398894e-10
610.532066	0.407951	-0.365955	2.51967789029762e-09	3.7561139435243e-10	-3.7561139435243e-10
611.417965	0.459655	-0.477948	2.06615320253009e-09	3.08003916682936e-10	-3.08003916682936e-10
612.304808	0.408990	-0.427188	2.31799739989786e-09	3.45546646724201e-10	-3.45546646724201e-10
613.203955	0.461678	-0.490158	1.98063457346941e-09	3.0611922297759e-10	-3.0611922297759e-10
614.231283	0.498244	-0.565650	1.77219942609332e-09	2.73904278029806e-10	-2.73904278029806e-10
615.171670	0.545265	-0.442143	1.96375697972414e-09	2.92739611237344e-10	-2.92739611237344e-10
616.282885	0.528231	-0.565951	1.81138813245436e-09	2.67074611705109e-10	-2.67074611705109e-10
617.399755	0.418345	-0.588639	1.92488406873147e-09	2.86944793905485e-10	-2.86944793905485e-10
618.301817	0.437860	-0.483718	2.10387871556068e-09	3.13627714344845e-10	-3.13627714344845e-10
619.285322	0.582326	-0.545645	1.69554196570673e-09	2.57344156233857e-10	-2.57344156233857e-10
620.255870	0.405272	-0.388222	2.44475057513689e-09	3.64441896362821e-10	-3.64441896362821e-10
621.460080	0.599440	-0.798938	1.38744296274585e-09	2.06827775714137e-10	-2.06827775714137e-10
622.780875	0.611215	-0.721356	1.45705496911307e-09	2.17204920728063e-10	-2.17204920728063e-10
624.323439	0.621795	-0.931349	1.25235997944979e-09	1.86690808799212e-10	-1.86690808799212e-10
625.597604	0.607257	-0.652370	1.54817415120594e-09	2.30788170991628e-10	-2.30788170991628e-10
626.827657	0.674184	-0.622797	1.50633628360426e-09	2.2455133450242e-10	-2.2455133450242e-10
628.056128	0.611033	-0.554287	1.65662204869812e-09	2.51437005193144e-10	-2.51437005193144e-10
629.244904	0.676546	-0.577743	1.55754735576412e-09	2.32185434298716e-10	-2.32185434298716e-10
630.433939	0.597676	-0.512489	1.75526540116839e-09	2.61659522944265e-10	-2.61659522944265e-10
631.804539	0.730438	-0.772924	1.27520777913098e-09	1.93547100110189e-10	-1.93547100110189e-10
633.339994	0.721459	-0.805017	1.26895024560793e-09	1.89163916564434e-10	-1.89163916564434e-10
634.764519	0.777153	-0.703066	1.32094589370383e-09	1.9691498457628e-10	-1.9691498457628e-10
636.636668	0.885164	-1.094995	9.88792901897161e-10	1.50075943270932e-10	-1.50075943270932e-10
638.515637	1.078880	-0.993805	9.72731738534836e-10	1.45006278162264e-10	-1.45006278162264e-10
640.653510	0.830428	-1.058992	1.08593063711029e-09	1.61880977733642e-10	-1.61880977733642e-10
642.757583	1.179759	-1.273646	8.32830587554876e-10	1.24151075187953e-10	-1.24151075187953e-10
644.908990	0.857282	-0.971648	1.10596236778439e-09	1.64867127031979e-10	-1.64867127031979e-10
646.954037	1.166013	-1.187766	8.51219411868774e-10	1.26892306858624e-10	-1.26892306858624e-10
649.241773	1.100409	-1.121723	8.79859178467171e-10	1.33542295062772e-10	-1.33542295062772e-10
651.606752	1.185257	-1.264570	8.00509824469492e-10	1.19332941281651e-10	-1.19332941281651e-10
654.269629	1.367193	-1.477620	6.88572059907976e-10	1.0264624513391e-10	-1.0264624513391e-10
656.742634	1.399189	-1.105811	7.81805223207897e-10	1.18659984549994e-10	-1.18659984549994e-10
659.448138	1.429979	-1.306315	7.16360894355848e-10	1.1071796124015e-10	-1.1071796124015e-10
662.289459	1.150583	-1.411343	7.9914040056671e-10	1.19128796850724e-10	-1.19128796850724e-10
664.751408	1.403571	-1.311366	7.52590313848443e-10	1.14225855616891e-10	-1.14225855616891e-10
667.964833	1.618516	-1.809854	5.91503904274662e-10	8.97766412731975e-11	-8.97766412731975e-11
670.678567	1.214057	-1.095218	8.84880095860239e-10	1.31910111741701e-10	-1.31910111741701e-10
673.634764	1.364208	-1.742139	6.44387180441513e-10	9.78031060316797e-11	-9.78031060316797e-11
676.285067	1.151313	-1.286096	8.16613770438333e-10	1.23943131116593e-10	-1.23943131116593e-10
679.060922	1.773572	-1.624542	5.95599656645084e-10	8.8786749112001e-11	-8.8786749112001e-11
683.144070	1.915820	-2.309576	3.17199764848061e-10	5.94998531996911e-11	-5.94998531996911e-11
686.843596	1.685584	-1.783706	5.99340531591229e-10	8.93443993662446e-11	-8.93443993662446e-11
689.901513	1.387063	-1.372333	7.61252700380175e-10	1.13480847765287e-10	-1.13480847765287e-10
692.813168	1.720528	-1.524592	4.35688104310376e-10	7.95453986466172e-11	-7.95453986466172e-11
696.386564	1.555944	-1.852868	4.18690177618617e-10	7.64420108293951e-11	-7.64420108293951e-11
699.388469	2.042866	-1.445962	6.16535223401954e-10	9.19076252867913e-11	-9.19076252867913e-11
703.378270	1.454748	-1.946935	4.2436298122225e-10	7.74777259634282e-11	-7.74777259634282e-11
706.492370	1.790368	-1.659352	4.12128762389028e-10	7.73064597315203e-11	-7.73064597315203e-11
710.409513	2.164455	-2.126775	3.33414213942023e-10	6.2541307208626e-11	-6.2541307208626e-11
714.393864	2.172442	-1.819896	4.46504734724832e-10	7.5030032993341e-11	-7.5030032993341e-11
719.549762	3.081565	-2.983457	2.37787534570846e-10	4.46037973597701e-11	-4.46037973597701e-11
724.311783	1.755031	-1.680455	4.28464798574624e-10	7.82266030617842e-11	-7.82266030617842e-11
729.075210	2.407226	-3.008396	2.65990871199712e-10	4.98941498211551e-11	-4.98941498211551e-11
733.301058	2.348088	-1.818622	3.52792439760206e-10	6.44108036565629e-11	-6.44108036565629e-11
737.845858	2.101620	-2.196712	3.41826054182432e-10	6.24086066170049e-11	-6.24086066170049e-11
742.523451	2.756064	-2.575974	2.69755427514733e-10	5.06003002327409e-11	-5.06003002327409e-11
747.039057	1.522919	-1.759542	4.47152178958201e-10	8.16384610379039e-11	-8.16384610379039e-11
751.278202	2.987636	-2.716226	2.5193942835693e-10	4.72584141928389e-11	-4.72584141928389e-11
757.558138	2.351062	-3.292300	2.54463246741272e-10	4.77318036935292e-11	-4.77318036935292e-11
762.371270	1.733095	-2.462070	3.4931052901088e-10	6.37750934848975e-11	-6.37750934848975e-11
766.590660	1.941917	-2.486295	3.31344821901355e-10	6.0495029053296e-11	-6.0495029053296e-11
771.363795	2.879751	-2.831217	2.51102915614599e-10	4.71014970802257e-11	-4.71014970802257e-11
777.093942	2.655981	-2.850396	2.6573082229294e-10	4.8515580092889e-11	-4.8515580092889e-11
782.172840	2.378925	-2.422916	3.04565894188771e-10	5.56058512832707e-11	-5.56058512832707e-11
787.736363	1.788039	-3.184599	2.94135680720816e-10	5.37015875281422e-11	-5.37015875281422e-11
792.331388	4.099550	-2.806985	2.07185573005926e-10	3.88635235137673e-11	-3.88635235137673e-11
800.058922	3.746449	-3.627984	1.9802423337572e-10	3.61541050642106e-11	-3.61541050642106e-11
NO	NO	NO	NO	NO	NO
!Time	Poserr	Negerr	Flux	PosErr	NegErr
!XRT pc mode data
813.483886	6.995746	-8.048143	1.30596842902321e-10	2.90049260568019e-11	-2.90049260568019e-11
825.863011	7.153161	-5.383379	1.50678213350572e-10	3.38999419474025e-11	-3.38999419474025e-11
839.845805	8.214207	-6.829633	1.38733457970578e-10	2.95780633285219e-11	-2.95780633285219e-11
854.440506	6.156046	-6.380494	1.58303474918318e-10	3.45446713084699e-11	-3.45446713084699e-11
868.759677	9.388054	-8.163126	1.11509478111058e-10	2.44758962582201e-11	-2.44758962582201e-11
886.041132	7.150439	-7.893401	1.40514233448935e-10	2.96140289102154e-11	-2.96140289102154e-11
902.604492	8.138200	-9.412920	1.19363856984e-10	2.51564883440731e-11	-2.51564883440731e-11
924.603605	16.226807	-13.860913	6.27713403140275e-11	1.38591752824303e-11	-1.38591752824303e-11
953.398828	12.504684	-12.568416	7.34228096339042e-11	1.64038788232826e-11	-1.64038788232826e-11
974.916628	11.045344	-9.013116	8.7367852537524e-11	1.97778068597905e-11	-1.97778068597905e-11
1004.448969	19.122623	-18.486997	4.7050110943938e-11	1.06509034577021e-11	-1.06509034577021e-11
1058.766401	29.995151	-35.194809	2.9044816661736e-11	6.37523563660239e-12	-6.37523563660239e-12
1131.560395	54.986216	-42.798844	1.84768790919407e-11	4.23502899266362e-12	-4.23502899266362e-12
1239.704794	44.626818	-53.158182	1.98119646210821e-11	4.42633565575596e-12	-4.42633565575596e-12
1357.711110	44.463942	-73.379498	1.15745905606318e-11	2.65319429663118e-12	-2.65319429663118e-12
1442.359208	30.020484	-40.184157	1.38151768026349e-11	3.16767649179711e-12	-3.16767649179711e-12
1511.461274	36.137058	-39.081582	1.9402513302714e-11	3.61716370069908e-12	-3.61716370069908e-12
4858.463297	141.314506	-120.335614	2.47549320192024e-11	6.04951273065003e-12	-6.04951273065003e-12
5203.627877	207.924766	-203.850074	1.26989574893779e-11	3.05784520298619e-12	-3.05784520298619e-12
5482.163582	37.340729	-70.610939	1.29007867102838e-11	2.93477058987978e-12	-2.93477058987978e-12
5569.089723	48.199748	-49.585411	9.30865253170678e-12	2.12682348818569e-12	-2.12682348818569e-12
5667.381833	35.156299	-50.092361	1.10522356182059e-11	2.50338260792193e-12	-2.50338260792193e-12
5734.075215	33.653017	-31.537083	1.62740867394571e-11	3.59510812201773e-12	-3.59510812201773e-12
5806.072370	29.353282	-38.344138	1.69427123811325e-11	3.72751262169173e-12	-3.72751262169173e-12
5868.607165	54.574407	-33.181513	1.19277459487668e-11	2.70171986788924e-12	-2.70171986788924e-12
5951.625500	29.224191	-28.443929	1.77160722481084e-11	3.8976197589565e-12	-3.8976197589565e-12
6036.818018	46.831453	-55.968327	8.96292596795023e-12	2.03894151989862e-12	-2.03894151989862e-12
6123.351484	38.024587	-39.702013	1.14528894643597e-11	2.65136333411421e-12	-2.65136333411421e-12
6190.549158	38.524234	-29.173086	1.33040416903302e-11	3.00046492904358e-12	-3.00046492904358e-12
6260.749542	38.528510	-31.676150	1.29913581864717e-11	2.91741728052482e-12	-2.91741728052482e-12
6344.720069	42.313802	-45.442018	1.02851331092342e-11	2.3809989727209e-12	-2.3809989727209e-12
6439.512234	57.843178	-52.478362	8.94023729717078e-12	1.99134232988869e-12	-1.99134232988869e-12
6546.579229	31.010022	-49.223818	1.25926141492133e-11	2.82784756462942e-12	-2.82784756462942e-12
6628.940272	38.911980	-51.351020	1.14501802266088e-11	2.62754775097327e-12	-2.62754775097327e-12
6709.426677	36.152115	-41.574425	1.40084803659778e-11	3.09463020415589e-12	-3.09463020415589e-12
6786.649180	41.670752	-41.070388	1.29326819868425e-11	2.85696578482592e-12	-2.85696578482592e-12
6864.015894	44.537838	-35.695962	1.2650821490451e-11	2.85317504486517e-12	-2.85317504486517e-12
6962.898746	48.454565	-54.345015	9.85845214412918e-12	2.21389295838724e-12	-2.21389295838724e-12
7068.838164	50.329368	-57.484852	9.19243881292536e-12	2.1002702209322e-12	-2.1002702209322e-12
7163.625736	38.282915	-44.458205	1.2026772514049e-11	2.72415057189101e-12	-2.72415057189101e-12
7260.459156	59.292916	-58.550504	1.08654894660841e-11	2.18272463746549e-12	-2.18272463746549e-12
17540.082507	113.928625	-84.148915	4.99738646322386e-12	1.12634329681266e-12	-1.12634329681266e-12
17756.622171	80.422541	-102.611039	3.94887164003328e-12	1.04719914752564e-12	-1.04719914752564e-12
17901.321815	61.088257	-64.277103	7.71168081479075e-12	1.73813173711838e-12	-1.73813173711838e-12
18060.194263	100.293109	-97.784191	4.56643023410167e-12	1.0564239234978e-12	-1.0564239234978e-12
18237.491359	103.522092	-77.003988	4.28637970323786e-12	1.0797369460791e-12	-1.0797369460791e-12
18440.496889	116.144943	-99.483437	4.02190050719662e-12	9.46309122216918e-13	-9.46309122216918e-13
18686.031663	211.599429	-129.389831	4.02123323667616e-12	7.59026731607863e-13	-7.59026731607863e-13
22353.193038	214.417653	-236.898487	1.64668452120179e-12	4.59727354382592e-13	-4.59727354382592e-13
22656.387948	76.705204	-88.777256	4.81908759678264e-12	1.26238908359911e-12	-1.26238908359911e-12
22813.357663	85.217929	-80.264511	4.95167585358021e-12	1.28313934981177e-12	-1.28313934981177e-12
23054.434859	162.568852	-155.859268	2.55853540280084e-12	6.85159482642706e-13	-6.85159482642706e-13
23325.628775	134.583636	-108.625064	3.71397431439732e-12	9.47597094205064e-13	-9.47597094205064e-13
23573.324324	130.096628	-113.111912	3.33921175650835e-12	8.71574183703014e-13	-8.71574183703014e-13
23839.925597	161.864455	-136.504645	2.57306978115634e-12	6.74013664243129e-13	-6.74013664243129e-13
24101.276869	78.531703	-99.486817	4.07027769354324e-12	1.07405507410028e-12	-1.07405507410028e-12
24273.246955	117.175117	-93.438383	3.36303926104148e-12	8.87401753053563e-13	-8.87401753053563e-13
24529.074826	154.701786	-138.652754	3.23402859324225e-12	7.35314777359744e-13	-7.35314777359744e-13
28031.965364	181.455267	-129.451253	2.26636308583502e-12	6.00075190686856e-13	-6.00075190686856e-13
28417.682213	154.283599	-204.261581	2.09865469198813e-12	5.35350948404122e-13	-5.35350948404122e-13
28739.419131	115.872361	-167.453319	2.57306743804101e-12	6.78823877967758e-13	-6.78823877967758e-13
29084.868052	128.968019	-229.576561	2.25550712455845e-12	5.79303040266695e-13	-5.79303040266695e-13
29453.908399	191.183713	-240.072327	1.80676689879513e-12	4.89067988718127e-13	-4.89067988718127e-13
29774.786700	121.035532	-129.694588	3.34327069225643e-12	8.75647489680231e-13	-8.75647489680231e-13
30054.379920	139.811191	-158.557689	2.77756510390086e-12	7.40850667669786e-13	-7.40850667669786e-13
30308.215382	156.759329	-114.024271	3.73458006828692e-12	8.93803646820773e-13	-8.93803646820773e-13
33835.992042	152.304970	-151.079510	2.86118348408435e-12	7.4759593425096e-13	-7.4759593425096e-13
34206.569539	230.535652	-218.272528	1.9047847357492e-12	5.05741575118151e-13	-5.05741575118151e-13
34723.217173	130.100758	-286.111982	2.14985241029754e-12	5.68541941389586e-13	-5.68541941389586e-13
35046.188953	210.804819	-192.871021	2.31680890094155e-12	6.01738055222982e-13	-6.01738055222982e-13
35859.208798	390.671634	-602.215026	1.60129613528915e-12	3.22954163428366e-13	-3.22954163428366e-13
39786.582008	232.270484	-316.830036	1.69650514161295e-12	4.44429695100959e-13	-4.44429695100959e-13
40263.247178	297.183633	-244.394687	1.77781981287053e-12	4.58540372876771e-13	-4.58540372876771e-13
40966.311631	268.583741	-405.880819	1.30894261855756e-12	3.4940159603941e-13	-3.4940159603941e-13
41730.967786	303.752086	-496.072414	1.16618837337494e-12	3.00897464984627e-13	-3.00897464984627e-13
45533.117321	292.479691	-279.187249	1.29647645710556e-12	3.41713997797268e-13	-3.41713997797268e-13
46275.878354	515.031818	-450.281342	7.37373673809825e-13	2.00608700087535e-13	-2.00608700087535e-13
48512.640637	3458.811414	-1721.730466	9.76081419356671e-13	1.70844892263442e-13	-1.70844892263442e-13
62125.916376	2731.113948	-3653.601764	9.18007945276225e-13	2.08478412822092e-13	-2.08478412822092e-13
77165.937097	5030.510995	-7173.852705	6.07182511684533e-13	1.30872826292781e-13	-1.30872826292781e-13
92061.058853	7355.796599	-4728.746281	4.01528076154174e-13	1.1271115065201e-13	-1.1271115065201e-13
148269.031118	37488.018094	-43580.498106	1.37178372057831e-13	3.47150548590236e-14	-3.47150548590236e-14
225157.223639	23720.561673	-27959.128287	1.14441543788137e-13	2.85996180185633e-14	-2.85996180185633e-14
366481.993564	235795.634168	-95553.259012	1.66880682820775e-14	6.10748890735827e-15	-6.10748890735827e-15
