!TIME		Err (pos)	Err(neg)	Flux		Error
      96.659	     1.165	     -1.175	1.71828e-09	1.81124e-10
      99.025	     1.366	     -1.201	1.45940e-09	1.60267e-10
     101.871	     1.369	     -1.480	1.29883e-09	1.46473e-10
     104.784	     1.531	     -1.545	1.25251e-09	1.33338e-10
     108.133	     2.024	     -1.817	9.71981e-10	1.07566e-10
     112.091	     1.679	     -1.934	1.07484e-09	1.13597e-10
     115.747	     1.877	     -1.977	1.00144e-09	1.06649e-10
     118.705	     1.235	     -1.082	8.14779e-10	1.25929e-10
     121.089	     1.157	     -1.149	8.40212e-10	1.25251e-10
     125.029	     2.495	     -2.783	7.31665e-10	7.72552e-11
     128.691	     1.321	     -1.166	7.79937e-10	1.16266e-10
     132.226	     2.375	     -2.214	8.44554e-10	9.03778e-11
     137.264	     1.761	     -2.663	1.22913e-09	1.12497e-10
     140.972	     1.523	     -1.947	2.93374e-09	2.00881e-10
     144.780	     2.084	     -2.285	3.47516e-09	2.00798e-10
     149.238	     2.147	     -2.374	4.23064e-09	2.19925e-10
     153.562	     1.947	     -2.177	4.03285e-09	2.24224e-10
     157.817	     2.297	     -2.309	4.47531e-09	2.25608e-10
     162.485	     2.383	     -2.371	4.53631e-09	2.34657e-10
     167.062	     2.411	     -2.194	5.23286e-09	2.55628e-10
     171.836	     2.565	     -2.364	4.72090e-09	2.27767e-10
     176.909	     2.663	     -2.508	3.93524e-09	1.97002e-10
     182.501	     2.374	     -2.928	5.26784e-09	2.39006e-10
     187.835	     2.508	     -2.961	7.98457e-09	3.08215e-10
     193.061	     2.780	     -2.718	9.98026e-09	4.09965e-10
     198.611	     2.893	     -2.770	9.43861e-09	3.86982e-10
     204.360	     2.780	     -2.856	9.03257e-09	3.74733e-10
     210.517	     3.155	     -3.376	9.39758e-09	3.49555e-10
     216.433	     2.848	     -2.762	8.60876e-09	3.51883e-10
     222.513	     3.194	     -3.232	8.31660e-09	3.22013e-10
     229.034	     3.410	     -3.327	1.01226e-08	3.60548e-10
     235.916	     3.382	     -3.471	8.56694e-09	3.19140e-10
     242.884	     3.626	     -3.586	8.36511e-09	2.77400e-10
     250.030	     3.472	     -3.520	7.62343e-09	2.55474e-10
     257.136	     3.563	     -3.633	6.64174e-09	2.29552e-10
     264.599	     3.805	     -3.900	6.03801e-09	2.12905e-10
     272.704	     3.792	     -4.300	5.51792e-09	1.95612e-10
     280.386	     3.719	     -3.890	7.46178e-09	2.42186e-10
     288.165	     4.382	     -4.060	7.37737e-09	2.34338e-10
     297.147	     4.037	     -4.600	6.81409e-09	2.21878e-10
     305.732	     4.409	     -4.547	7.28813e-09	2.30561e-10
     314.216	     4.563	     -4.075	5.63002e-09	1.96914e-10
     323.635	     4.595	     -4.857	6.50616e-09	2.11301e-10
     333.027	     4.853	     -4.797	6.85221e-09	2.04160e-10
     342.936	     4.864	     -5.055	7.09480e-09	2.05690e-10
     352.878	     5.192	     -5.079	7.49203e-09	2.06984e-10
     363.040	     5.274	     -4.970	6.55595e-09	1.91263e-10
     373.279	     5.437	     -4.965	5.72167e-09	1.74055e-10
     384.364	     5.598	     -5.647	4.63211e-09	1.44169e-10
     395.244	     5.802	     -5.282	3.51019e-09	1.23769e-10
     406.858	     6.428	     -5.811	2.50565e-09	9.46326e-11
     419.056	     6.333	     -5.771	1.54005e-09	7.45423e-11
     430.913	     6.547	     -5.524	1.10057e-09	6.35586e-11
     443.837	     6.372	     -6.377	8.76167e-10	5.54479e-11
     455.664	     5.966	     -5.455	6.61311e-10	5.05097e-11
     470.021	     8.156	     -8.392	5.50121e-10	3.88504e-11
     484.880	     5.735	     -6.703	7.76026e-10	5.31479e-11
     498.693	     6.179	     -8.079	1.39188e-09	6.52243e-11
     512.412	     7.645	     -7.539	1.95454e-09	7.49555e-11
     527.045	     7.311	     -6.987	1.88534e-09	7.64964e-11
     543.448	     6.815	     -9.092	2.22421e-09	7.99558e-11
     558.291	     8.331	     -8.028	5.04346e-09	1.25945e-10
     574.575	     8.552	     -7.953	4.72281e-09	1.16368e-10
     591.134	     9.171	     -8.006	3.02459e-09	9.02034e-11
     608.462	     9.356	     -8.158	2.16872e-09	7.37983e-11
     626.185	     9.356	     -8.367	1.48827e-09	6.04045e-11
     643.878	     8.914	     -8.336	9.15637e-10	4.87840e-11
     662.399	     9.493	     -9.607	7.24716e-10	4.16610e-11
     681.492	     9.797	     -9.599	5.36999e-10	3.57625e-11
     701.332	    11.242	    -10.043	4.22695e-10	3.10514e-11
     723.724	    11.925	    -11.150	3.09964e-10	2.59375e-11
     744.646	     9.620	     -8.997	2.99587e-10	2.83397e-11
     764.469	     9.774	    -10.203	2.84853e-10	2.66427e-11
     784.792	    11.639	    -10.548	2.56424e-10	2.38561e-11
     807.760	    12.720	    -11.329	1.57000e-10	2.26241e-11
     833.203	    14.857	    -12.723	1.43896e-10	2.22872e-11
     861.550	    16.598	    -13.490	1.27149e-10	1.99711e-11
     886.041	     7.150	     -7.893	1.40514e-10	2.96140e-11
     902.604	     8.138	     -9.413	1.19364e-10	2.51565e-11
     924.604	    16.227	    -13.861	6.27713e-11	1.38592e-11
     963.893	    22.069	    -23.062	7.91062e-11	1.26261e-11
    1004.449	    19.123	    -18.487	4.70501e-11	1.06509e-11
    1058.766	    29.995	    -35.195	2.90448e-11	6.37524e-12
    1131.560	    54.986	    -42.799	1.84769e-11	4.23503e-12
    1239.705	    44.627	    -53.158	1.98120e-11	4.42634e-12
    1357.711	    44.464	    -73.380	1.15746e-11	2.65319e-12
    1442.359	    30.021	    -40.184	1.38152e-11	3.16768e-12
    1511.461	    36.137	    -39.082	1.94025e-11	3.61716e-12
    4858.463	   141.314	   -120.335	2.47549e-11	6.04951e-12
    5203.628	   207.925	   -203.850	1.26990e-11	3.05785e-12
    5516.522	   100.767	   -104.970	1.05456e-11	1.72215e-12
    5772.333	   150.848	   -155.043	1.31780e-11	1.49753e-12
    6071.220	   157.854	   -148.038	1.14868e-11	1.33667e-12
    6402.667	   174.922	   -173.594	1.06835e-11	1.22068e-12
    6746.589	   161.965	   -169.000	1.26557e-11	1.42189e-12
    7123.117	   196.635	   -214.563	1.03132e-11	1.13565e-12
   17812.463	   348.023	   -356.529	4.84576e-12	5.84489e-13
   18500.117	   397.514	   -339.629	4.08273e-12	5.19160e-13
   22615.414	   283.162	   -499.119	2.31678e-12	4.09397e-13
   23317.811	   385.609	   -419.234	3.06606e-12	4.68280e-13
   24205.119	   478.656	   -501.697	3.14252e-12	4.02017e-13
   28585.412	   628.424	   -682.898	2.27057e-12	2.95964e-13
   29925.514	   539.461	   -711.678	2.52951e-12	3.41819e-13
   34260.293	   593.027	   -575.379	2.18563e-12	3.37242e-13
   35558.086	   691.793	   -704.770	1.76131e-12	2.84560e-13
   40679.871	  1354.852	  -1210.117	1.39896e-12	1.85519e-13
   47928.820	  4042.633	  -2674.891	9.28977e-13	1.21560e-13
   62125.918	  2731.113	  -3653.602	9.18008e-13	2.08478e-13
   77165.938	  5030.508	  -7173.852	6.07182e-13	1.30873e-13
   92061.062	  7355.797	  -4728.750	4.01528e-13	1.12711e-13
  148269.031	 37488.016	 -43580.500	1.37178e-13	3.47151e-14
  225157.219	 23720.562	 -27959.125	1.14442e-13	2.85996e-14
  366482.000	235795.625	 -95553.250	1.66881e-14	6.10749e-15
