READ TERR 1 2
NO	NO	NO	NO	NO	NO
!Time	Poserr	Negerr	Flux	PosErr	NegErr
!XRT wt mode data
76.330961	0.558381	-0.550019	2.96315180190054e-09	4.55481109818757e-10	-4.55481109818757e-10
77.374383	0.397424	-0.485041	3.64192322082329e-09	5.59818536186448e-10	-5.59818536186448e-10
78.158535	0.282226	-0.386728	4.84144850443116e-09	7.21720503245485e-10	-7.21720503245485e-10
78.751596	0.327872	-0.310835	5.05948559612383e-09	7.57210382558935e-10	-7.57210382558935e-10
79.406525	0.400595	-0.327057	4.23393536980737e-09	6.50819747749169e-10	-6.50819747749169e-10
80.213355	0.417499	-0.406236	3.85768360391835e-09	5.75069541404259e-10	-5.75069541404259e-10
81.109021	0.507488	-0.478167	3.28456976454188e-09	4.89634737603165e-10	-4.89634737603165e-10
81.919795	0.294502	-0.303287	5.50677606770208e-09	8.20901721687285e-10	-8.20901721687285e-10
82.546034	0.379917	-0.331736	4.68681036364553e-09	6.98668469700848e-10	-6.98668469700848e-10
83.443698	0.645806	-0.517747	2.88486445536547e-09	4.36669678531027e-10	-4.36669678531027e-10
84.561535	0.508273	-0.472031	3.50355392074553e-09	5.30318118886874e-10	-5.30318118886874e-10
85.794863	0.787202	-0.725056	2.33770158789367e-09	3.48483964593721e-10	-3.48483964593721e-10
87.206091	0.551981	-0.624026	2.98774472764577e-09	4.45386651741254e-10	-4.45386651741254e-10
88.238934	0.396251	-0.480861	3.98740512697473e-09	5.94407276684482e-10	-5.94407276684482e-10
89.325278	0.395194	-0.690093	3.20762694682851e-09	4.78164810733713e-10	-4.78164810733713e-10
90.322388	0.449551	-0.601916	3.29502421422545e-09	4.91193223216553e-10	-4.91193223216553e-10
91.505924	0.739129	-0.733985	2.33839599049945e-09	3.48587468923092e-10	-3.48587468923092e-10
92.887611	0.590350	-0.642558	2.70780200765241e-09	4.16230002738767e-10	-4.16230002738767e-10
94.303341	0.587252	-0.825380	2.31670445129497e-09	3.56112389822898e-10	-3.56112389822898e-10
95.344957	0.536612	-0.454364	3.28378408155611e-09	4.89517637313028e-10	-4.89517637313028e-10
96.419062	0.570926	-0.537493	2.91021070990749e-09	4.29087172101747e-10	-4.29087172101747e-10
97.661853	0.589518	-0.671864	2.41650920099246e-09	3.65776732067052e-10	-3.65776732067052e-10
98.818148	0.541623	-0.566777	2.83680362161178e-09	4.2288569509275e-10	-4.2288569509275e-10
99.930385	0.619626	-0.570614	2.69050662547714e-09	4.01077060157354e-10	-4.01077060157354e-10
101.111982	0.587349	-0.561971	2.77503839574972e-09	4.20045813233964e-10	-4.20045813233964e-10
102.382798	0.602846	-0.683467	2.45330295124381e-09	3.65716808256381e-10	-3.65716808256381e-10
103.668080	0.699950	-0.682436	2.23185875121212e-09	3.32705859199737e-10	-3.32705859199737e-10
104.897416	0.561218	-0.529386	2.75155880254316e-09	4.16491786685958e-10	-4.16491786685958e-10
106.143228	0.498531	-0.684594	2.53380690619617e-09	3.77717602691109e-10	-3.77717602691109e-10
107.523405	0.858346	-0.881646	1.71678483936191e-09	2.5592317029538e-10	-2.5592317029538e-10
109.499669	1.129114	-1.117918	1.3156050380449e-09	1.99137588067443e-10	-1.99137588067443e-10
111.297123	0.845695	-0.668340	1.97958679258472e-09	2.95099342847651e-10	-2.95099342847651e-10
113.216352	0.958217	-1.073533	1.47780259130099e-09	2.20297831567828e-10	-2.20297831567828e-10
115.120977	0.864736	-0.946408	1.60118192978795e-09	2.49978477994461e-10	-2.49978477994461e-10
116.902359	0.972787	-0.916646	1.56974963109295e-09	2.37606366463323e-10	-2.37606366463323e-10
118.564518	0.879824	-0.689372	1.88619727749981e-09	2.85505661475755e-10	-2.85505661475755e-10
120.654580	1.003004	-1.210238	1.28635586872104e-09	2.03998512346509e-10	-2.03998512346509e-10
122.376828	0.876628	-0.719245	1.87216835266476e-09	2.79086399671165e-10	-2.79086399671165e-10
124.548125	1.229911	-1.294669	1.1823056850645e-09	1.76247747123763e-10	-1.76247747123763e-10
126.704453	0.909648	-0.926417	1.62607264227745e-09	2.42400564537026e-10	-2.42400564537026e-10
128.708367	1.013998	-1.094265	1.39962970482276e-09	2.11856039187201e-10	-2.11856039187201e-10
130.969872	1.248607	-1.247508	1.19538774459638e-09	1.83749157234727e-10	-1.83749157234727e-10
133.828684	1.398276	-1.610204	1.0487040705081e-09	1.56331541158348e-10	-1.56331541158348e-10
136.493428	1.234987	-1.266469	1.23164095353209e-09	1.86428255212655e-10	-1.86428255212655e-10
138.891535	1.133741	-1.163120	1.3230909853922e-09	1.97234770511432e-10	-1.97234770511432e-10
141.452914	1.611087	-1.427638	9.85974904608558e-10	1.46980437650134e-10	-1.46980437650134e-10
144.814005	1.557405	-1.750004	9.05959548673017e-10	1.35052467814752e-10	-1.35052467814752e-10
147.956414	1.240239	-1.585004	1.03465142060657e-09	1.59041519129145e-10	-1.59041519129145e-10
150.479427	1.362798	-1.282774	1.11688241615161e-09	1.69057747675557e-10	-1.69057747675557e-10
153.849588	1.944052	-2.007363	7.47327565934056e-10	1.13119819776182e-10	-1.13119819776182e-10
157.145781	1.272080	-1.352141	1.14309358659774e-09	1.7040234090205e-10	-1.7040234090205e-10
160.022945	1.527951	-1.605083	9.48625108373235e-10	1.43589377812849e-10	-1.43589377812849e-10
163.233745	2.227686	-1.682849	7.60552328578546e-10	1.15121572256412e-10	-1.15121572256412e-10
166.894434	1.744509	-1.433003	6.52526311034993e-10	1.17197184398098e-10	-1.17197184398098e-10
170.450786	1.913662	-1.811843	7.974073677466e-10	1.20700156474623e-10	-1.20700156474623e-10
174.409714	1.219409	-2.045266	6.12036399124358e-10	1.11742024320198e-10	-1.11742024320198e-10
177.344055	1.519512	-1.714932	5.94330180287696e-10	1.13641105209206e-10	-1.13641105209206e-10
180.349969	2.118102	-1.486402	6.07316099037006e-10	1.08481664792606e-10	-1.08481664792606e-10
184.219791	2.028928	-1.751720	6.32054728447764e-10	1.07866455946814e-10	-1.07866455946814e-10
188.277921	2.573406	-2.029202	4.38837397704852e-10	8.19811908720903e-11	-8.19811908720903e-11
193.478170	2.867102	-2.626843	3.85505579062899e-10	7.37120440122121e-11	-7.37120440122121e-11
199.487884	2.390452	-3.142613	3.91690429274774e-10	7.85315854632678e-11	-7.85315854632678e-11
203.459881	1.549729	-1.581545	7.3266697059883e-10	1.33766052327741e-10	-1.33766052327741e-10
207.570844	2.907802	-2.561234	4.11789067100802e-10	7.51820556348078e-11	-7.51820556348078e-11
212.717417	3.205357	-2.238771	4.13276911531375e-10	7.54537035826175e-11	-7.54537035826175e-11
NO	NO	NO	NO	NO	NO
!Time	Poserr	Negerr	Flux	PosErr	NegErr
!XRT pc mode data
265.696933	139.070159	-38.949550	9.4781010873334e-12	2.1225036664106e-12	-2.1225036664106e-12
943.966678	834.799405	-539.199586	1.85908223903964e-12	3.74479253593135e-13	-3.74479253593135e-13
7790.956645	10308.226346	-2450.090134	9.09570759227556e-13	1.55080253237695e-13	-1.55080253237695e-13
