!TIME		Err (pos)	Err(neg)	Flux		Error
      83.253	     0.903	     -0.936	3.44947e-09	3.66341e-10
      85.020	     0.889	     -0.864	3.57910e-09	3.80142e-10
      87.407	     1.219	     -1.498	4.00200e-09	3.25106e-10
      89.489	     0.783	     -0.864	7.10876e-09	6.32698e-10
      91.409	     1.319	     -1.136	7.12792e-09	5.07688e-10
      93.702	     0.976	     -0.974	5.72010e-09	4.95517e-10
      95.907	     1.234	     -1.229	7.04885e-09	4.96958e-10
      98.528	     1.295	     -1.388	1.13561e-08	7.06450e-10
     101.087	     0.998	     -1.264	1.53826e-08	9.45588e-10
     103.109	     1.112	     -1.024	2.03168e-08	1.22861e-09
     105.481	     1.393	     -1.259	1.58422e-08	8.69633e-10
     108.146	     1.435	     -1.273	1.27236e-08	6.94368e-10
     110.830	     1.337	     -1.248	9.15803e-09	5.65178e-10
     113.445	     1.348	     -1.278	6.12185e-09	4.39145e-10
     116.077	     1.337	     -1.284	5.95169e-09	4.20446e-10
     118.730	     1.743	     -1.317	5.25509e-09	3.60455e-10
     121.836	     1.669	     -1.362	2.78614e-09	2.47370e-10
     124.988	     1.675	     -1.483	2.53555e-09	2.25917e-10
     128.184	     1.372	     -1.521	2.02215e-09	2.16344e-10
     131.301	     2.126	     -1.745	1.51316e-09	1.61732e-10
     134.336	     1.203	     -0.908	1.40850e-09	2.09967e-10
     136.670	     1.169	     -1.131	1.26941e-09	1.92080e-10
     140.012	     1.866	     -2.173	1.40300e-09	1.51153e-10
     143.197	     1.160	     -1.319	1.12917e-09	1.70860e-10
     147.197	     2.530	     -2.841	1.04038e-09	1.10599e-10
     150.944	     1.473	     -1.217	1.02134e-09	1.61748e-10
     153.965	     1.555	     -1.548	9.25137e-10	1.37911e-10
     157.269	     1.646	     -1.749	8.30267e-10	1.25632e-10
     161.614	     3.526	     -2.699	8.63479e-10	9.43893e-11
     166.815	     1.611	     -1.675	8.79385e-10	1.37151e-10
     170.327	     1.990	     -1.901	7.62951e-10	1.13734e-10
     174.327	     2.292	     -2.010	6.56110e-10	1.00786e-10
     179.664	     2.204	     -3.045	5.32064e-10	7.93154e-11
     183.668	     1.845	     -1.801	7.64395e-10	1.15664e-10
     187.383	     2.437	     -1.871	6.56018e-10	1.00772e-10
     191.915	     1.458	     -2.095	8.21576e-10	1.26203e-10
     196.493	     2.344	     -3.120	1.14044e-09	1.21932e-10
     200.608	     1.822	     -1.772	1.77837e-09	1.86637e-10
     205.155	     2.398	     -2.724	2.47932e-09	1.87073e-10
     209.668	     2.314	     -2.116	2.81826e-09	2.14355e-10
     214.808	     3.117	     -2.825	2.52751e-09	1.72266e-10
     220.456	     2.783	     -2.531	2.01182e-09	1.54977e-10
     225.635	     2.292	     -2.396	1.74009e-09	1.51963e-10
     231.041	     3.864	     -3.114	1.09573e-09	9.81318e-11
     237.031	     2.428	     -2.126	1.15068e-09	1.25304e-10
     242.899	     3.289	     -3.440	7.93561e-10	8.49753e-11
     247.772	     1.636	     -1.584	8.30661e-10	1.25691e-10
     253.256	     3.425	     -3.849	7.56622e-10	7.97769e-11
     260.788	     4.358	     -4.107	6.18871e-10	6.77205e-11
     267.142	     2.311	     -1.996	6.28192e-10	9.36454e-11
     271.849	     2.716	     -2.396	5.29923e-10	7.89963e-11
     279.097	     3.751	     -4.533	6.37083e-10	6.84457e-11
     286.412	     4.330	     -3.564	6.42659e-10	7.16137e-11
     292.563	     2.108	     -1.821	6.90952e-10	1.03001e-10
     299.705	     4.783	     -5.034	5.48779e-10	5.82803e-11
     306.580	     2.277	     -2.093	6.12053e-10	9.26128e-11
     313.687	     5.748	     -4.830	4.19162e-10	4.92193e-11
     322.210	     3.433	     -2.774	4.34680e-10	6.67717e-11
     329.058	     2.905	     -3.415	4.33677e-10	6.56218e-11
     337.343	     5.928	     -5.380	3.60660e-10	4.52570e-11
     346.149	     2.578	     -2.879	3.24978e-10	6.06799e-11
     353.815	     5.168	     -5.088	3.45863e-10	4.56488e-11
     364.241	     5.273	     -5.257	3.46310e-10	4.64008e-11
     373.005	     2.507	     -3.491	3.26481e-10	6.09605e-11
     379.124	     3.792	     -3.612	2.53790e-10	5.19930e-11
     388.698	     6.261	     -5.781	3.01451e-10	4.12587e-11
     397.380	     2.673	     -2.421	3.39492e-10	6.63582e-11
     408.457	     6.590	     -8.404	1.86005e-10	3.28498e-11
     420.684	     5.265	     -5.637	3.10800e-10	4.51195e-11
     429.146	     3.741	     -3.196	2.07486e-10	5.65938e-11
     438.059	     5.097	     -5.172	4.19664e-10	5.91167e-11
     449.589	     5.041	     -6.434	3.16305e-10	6.31380e-11
    3921.262	    93.312	   -102.259	3.22676e-11	3.62378e-12
    4103.246	    94.361	    -88.672	3.28891e-11	3.71660e-12
    4296.513	   101.679	    -98.905	2.97898e-11	3.33161e-12
    4492.629	    91.104	    -94.437	3.24850e-11	3.70676e-12
    4694.403	   104.959	   -110.670	3.51782e-11	3.52540e-12
    4907.838	   107.152	   -108.477	2.79746e-11	3.12195e-12
    5137.107	   126.106	   -122.117	3.50327e-11	3.34953e-12
    9824.224	   213.424	   -225.355	1.25033e-11	1.15744e-12
   10257.426	   249.089	   -219.778	1.09596e-11	1.02582e-12
   10553.109	    56.204	    -46.596	1.38641e-11	3.13577e-12
   11188.803	   960.130	   -579.488	1.00604e-11	1.53691e-12
   15600.823	   223.839	   -219.956	5.90829e-12	7.74672e-13
   16197.868	  1735.110	   -373.206	6.97808e-12	1.40841e-12
   21719.264	  1995.574	   -556.396	3.91360e-12	5.70099e-13
   27552.068	  1945.477	   -606.068	2.51701e-12	4.54975e-13
   39365.207	  5025.520	  -6216.812	1.56754e-12	4.11889e-13
   45169.453	  1676.031	   -778.730	9.96036e-13	2.16367e-13
   50464.262	   398.297	   -383.980	1.05621e-12	2.71111e-13
   53600.145	  3141.723	  -1763.074	8.87397e-13	1.67535e-13
   65375.480	  3307.254	  -3729.219	5.70852e-13	1.09726e-13
   74210.828	   532.125	  -1090.094	4.76460e-13	1.18526e-13
   89150.148	  7973.008	 -10163.352	2.83043e-13	6.44947e-14
  115141.781	 24220.609	 -16256.508	3.96054e-13	6.67300e-14
  180681.062	  4941.359	 -13753.531	2.29145e-13	6.21446e-14
  203244.172	 16758.359	  -7401.766	1.22226e-13	3.40122e-14
  383277.375	230249.812	-153361.312	1.27755e-14	7.07890e-15
