READ TERR 1 2
NO	NO	NO	NO	NO	NO
!Time	Poserr	Negerr	Flux	PosErr	NegErr
!XRT wt mode data
197.338227	0.359867	-0.366005	8.85421516493835e-09	1.08390747640304e-09	-1.08390747640304e-09
198.081328	0.344426	-0.383234	8.76816807897102e-09	1.0632965742856e-09	-1.0632965742856e-09
198.736218	0.330039	-0.310464	9.83276324836629e-09	1.19239770846231e-09	-1.19239770846231e-09
199.415438	0.364251	-0.349181	8.95092950471982e-09	1.08545964186066e-09	-1.08545964186066e-09
200.149141	0.400899	-0.369452	8.62625398702728e-09	1.05600110210949e-09	-1.05600110210949e-09
200.915935	0.306591	-0.365896	1.03262717238532e-08	1.2641123495298e-09	-1.2641123495298e-09
201.625433	0.363899	-0.402907	8.24835616050981e-09	1.04909857623232e-09	-1.04909857623232e-09
202.384714	0.410581	-0.395382	7.45421490591526e-09	9.30041906961939e-10	-9.30041906961939e-10
203.175562	0.310034	-0.380268	8.69552505367499e-09	1.06448106424632e-09	-1.06448106424632e-09
203.885232	0.324458	-0.399635	8.71924263677999e-09	1.07755417149315e-09	-1.07755417149315e-09
204.581306	0.350708	-0.371616	9.39252179148624e-09	1.13901058399786e-09	-1.13901058399786e-09
205.359143	0.359249	-0.427129	8.2701061063014e-09	1.03183844324387e-09	-1.03183844324387e-09
206.072050	0.341981	-0.353659	9.17167537259086e-09	1.1122290286529e-09	-1.1122290286529e-09
206.794383	0.411363	-0.380352	7.73251903239713e-09	9.37705695764835e-10	-9.37705695764835e-10
207.573132	0.401203	-0.367386	7.5825642315659e-09	9.28235599395421e-10	-9.28235599395421e-10
208.372145	0.452587	-0.397811	6.85771819207561e-09	8.31620465433228e-10	-8.31620465433228e-10
209.272965	0.386182	-0.448232	8.07638241416924e-09	9.79405239958495e-10	-9.79405239958495e-10
210.026559	0.322891	-0.367412	6.70114206005591e-09	9.98947264875807e-10	-9.98947264875807e-10
210.830737	0.388702	-0.481287	7.339125210123e-09	9.06994486675392e-10	-9.06994486675392e-10
211.645655	0.500714	-0.426216	6.33461038356849e-09	7.90351963655847e-10	-7.90351963655847e-10
212.624990	0.476774	-0.478620	6.13829204191366e-09	7.65857846434349e-10	-7.65857846434349e-10
213.521023	0.404483	-0.419259	6.96850924132138e-09	8.94947644370285e-10	-8.94947644370285e-10
214.253841	0.329931	-0.328335	9.48246800819605e-09	1.17187623904207e-09	-1.17187623904207e-09
214.932750	0.273709	-0.348978	1.08135603464864e-08	1.32376486315201e-09	-1.32376486315201e-09
215.638193	0.452476	-0.431734	7.58596603074795e-09	9.46480155822696e-10	-9.46480155822696e-10
216.534847	0.454283	-0.444178	7.15372838102382e-09	8.67517017038909e-10	-8.67517017038909e-10
217.437713	0.394742	-0.448582	7.18905598518057e-09	8.71801115191086e-10	-8.71801115191086e-10
218.243551	0.455335	-0.411096	6.65952654608006e-09	8.15240017757904e-10	-8.15240017757904e-10
219.084164	0.379737	-0.385278	5.18569712255842e-09	7.84150838186289e-10	-7.84150838186289e-10
219.891195	0.472947	-0.427295	7.33520743121659e-09	8.97954930302839e-10	-8.97954930302839e-10
220.868380	0.445818	-0.504238	7.04735858772647e-09	8.62717261686656e-10	-8.62717261686656e-10
221.723800	0.348299	-0.409602	8.12545527175201e-09	9.8535620428473e-10	-9.8535620428473e-10
222.398631	0.292597	-0.326532	9.7835799595172e-09	1.18643332216131e-09	-1.18643332216131e-09
223.114586	0.478643	-0.423358	7.00811077348205e-09	8.57912689924437e-10	-8.57912689924437e-10
224.091839	0.383839	-0.498610	7.54216844077806e-09	9.23290514522695e-10	-9.23290514522695e-10
224.855847	0.336822	-0.380169	8.9928945404664e-09	1.11137301130639e-09	-1.11137301130639e-09
225.488815	0.403052	-0.296146	6.07351175630529e-09	9.05385665866419e-10	-9.05385665866419e-10
226.360368	0.392582	-0.468500	7.13256255790539e-09	8.81466760976074e-10	-8.81466760976074e-10
227.111124	0.413969	-0.358174	7.72283121532283e-09	9.5441424211844e-10	-9.5441424211844e-10
227.951508	0.306588	-0.426415	7.93191113463862e-09	9.71001633552639e-10	-9.71001633552639e-10
228.620200	0.547029	-0.362104	5.45136268024356e-09	7.23762624734428e-10	-7.23762624734428e-10
229.573218	0.353701	-0.405990	5.05459904358095e-09	7.75403540146339e-10	-7.75403540146339e-10
230.320674	0.390842	-0.393755	7.46493548644263e-09	9.31379484698096e-10	-9.31379484698096e-10
231.106959	0.380239	-0.395443	7.53643173648328e-09	9.31378308165168e-10	-9.31378308165168e-10
231.850555	0.334064	-0.363357	5.58108081333098e-09	8.31978431677202e-10	-8.31978431677202e-10
232.684351	0.434293	-0.499732	6.46895144433056e-09	7.9191034367673e-10	-7.9191034367673e-10
233.437033	0.311423	-0.318389	1.03919641014252e-08	1.28427491709544e-09	-1.28427491709544e-09
234.191590	0.421526	-0.443133	8.38709842849853e-09	1.01708511332562e-09	-1.01708511332562e-09
235.054751	0.453268	-0.441636	7.77665374782289e-09	9.43057784050378e-10	-9.43057784050378e-10
235.937963	0.351096	-0.429943	8.06294781079737e-09	9.87042764816031e-10	-9.87042764816031e-10
236.726993	0.405362	-0.437935	6.96322535395621e-09	8.52417966901477e-10	-8.52417966901477e-10
237.592027	0.369397	-0.459671	6.8880307909886e-09	8.43212867954802e-10	-8.43212867954802e-10
238.384953	0.389532	-0.423529	6.79541132899894e-09	8.39800484379336e-10	-8.39800484379336e-10
239.151514	0.462707	-0.377029	6.50252139447903e-09	8.03604129856394e-10	-8.03604129856394e-10
239.950751	0.335969	-0.336530	8.15554136212941e-09	9.89004667681894e-10	-9.89004667681894e-10
240.712545	0.451280	-0.425825	6.48641222807897e-09	7.86593026327734e-10	-7.86593026327734e-10
241.537943	0.362443	-0.374119	8.02874337976226e-09	9.92219922294062e-10	-9.92219922294062e-10
242.333914	0.395548	-0.433528	7.5670641260264e-09	9.17641311708648e-10	-9.17641311708648e-10
243.190776	0.497638	-0.461314	6.771948636052e-09	8.21219373727653e-10	-8.21219373727653e-10
244.079964	0.361014	-0.391550	8.87540668923033e-09	1.08650168283366e-09	-1.08650168283366e-09
244.838200	0.389145	-0.397222	8.28260583174385e-09	1.03339800142973e-09	-1.03339800142973e-09
245.619710	0.383340	-0.392365	8.26631130834329e-09	1.03136498377818e-09	-1.03136498377818e-09
246.440470	0.338253	-0.437420	7.6836994964781e-09	9.31785450875857e-10	-9.31785450875857e-10
247.097997	0.355003	-0.319275	7.69696483727515e-09	9.33394096277688e-10	-9.33394096277688e-10
247.789128	0.338164	-0.336127	7.32989217458979e-09	8.97304262657132e-10	-8.97304262657132e-10
248.459595	0.277940	-0.332302	8.96753037766974e-09	1.0874727851035e-09	-1.0874727851035e-09
249.184194	0.435791	-0.446659	6.44485664664754e-09	7.88960770661264e-10	-7.88960770661264e-10
250.042677	0.495338	-0.422692	5.8814433724229e-09	7.13229754297614e-10	-7.13229754297614e-10
250.902987	0.401817	-0.364973	6.64756158689215e-09	8.13775306335149e-10	-8.13775306335149e-10
251.677160	0.364205	-0.372355	6.78982686988797e-09	8.39110318481078e-10	-8.39110318481078e-10
252.405493	0.336852	-0.364127	7.25953809135378e-09	8.88691716411778e-10	-8.88691716411778e-10
253.179288	0.401028	-0.436944	6.4849525253582e-09	7.93869193628659e-10	-7.93869193628659e-10
253.978120	0.418802	-0.397804	6.73643933163375e-09	8.16913242476021e-10	-8.16913242476021e-10
254.904626	0.419207	-0.507704	5.40459883182383e-09	6.67919010724067e-10	-6.67919010724067e-10
255.845640	0.378428	-0.521807	5.92769316841672e-09	7.27036640625571e-10	-7.27036640625571e-10
256.579118	0.397523	-0.355050	7.49889724417466e-09	9.17993368444407e-10	-9.17993368444407e-10
257.467288	0.455851	-0.490646	6.2115062981319e-09	7.82456563596614e-10	-7.82456563596614e-10
258.244893	0.341849	-0.321755	9.15266182690027e-09	1.12044244582407e-09	-1.12044244582407e-09
259.071031	0.391040	-0.484288	6.35496074544252e-09	7.77955969995943e-10	-7.77955969995943e-10
259.839294	0.428724	-0.377224	6.67491280725565e-09	8.17123546176937e-10	-8.17123546176937e-10
260.613979	0.415508	-0.345961	7.20757885064808e-09	8.82330970886708e-10	-8.82330970886708e-10
261.479540	0.371875	-0.450053	6.98964834761152e-09	8.47619345699346e-10	-8.47619345699346e-10
262.213982	0.377544	-0.362567	8.18898459932014e-09	9.93060266333768e-10	-9.93060266333768e-10
263.044700	0.479092	-0.453174	6.23787433484896e-09	7.6362255225232e-10	-7.6362255225232e-10
263.920690	0.336090	-0.396898	6.84244346543212e-09	8.29768143051126e-10	-8.29768143051126e-10
264.551592	0.379466	-0.294813	7.13401436929152e-09	8.7332546714266e-10	-8.7332546714266e-10
265.354107	0.434486	-0.423049	6.04228759988121e-09	7.39679388287254e-10	-7.39679388287254e-10
266.168483	0.349556	-0.379889	7.2447346300919e-09	8.95329390281263e-10	-8.95329390281263e-10
266.901391	0.424374	-0.383353	6.4528541351001e-09	7.97466054962153e-10	-7.97466054962153e-10
267.697585	0.425231	-0.371820	6.56525295921514e-09	7.97744790940475e-10	-7.97744790940475e-10
268.477610	0.283911	-0.354794	7.96946928593702e-09	9.66440091155747e-10	-9.66440091155747e-10
269.236998	0.390926	-0.475477	6.15091360095774e-09	7.5297710523045e-10	-7.5297710523045e-10
269.988874	0.384506	-0.360951	7.50623687704502e-09	9.18891863052069e-10	-9.18891863052069e-10
270.746374	0.352893	-0.372994	7.82111765955862e-09	9.48449806735135e-10	-9.48449806735135e-10
271.430427	0.378714	-0.331160	5.24041688483062e-09	7.72657335449204e-10	-7.72657335449204e-10
272.243641	0.510221	-0.434499	5.46892785571597e-09	6.63204900372424e-10	-6.63204900372424e-10
273.194222	0.415386	-0.440360	5.86353692774521e-09	7.31577418789542e-10	-7.31577418789542e-10
274.060119	0.378561	-0.450511	6.47166534503068e-09	7.92242608078489e-10	-7.92242608078489e-10
274.896945	0.351241	-0.458265	6.67931852531568e-09	8.11604912746699e-10	-8.11604912746699e-10
275.546938	0.361307	-0.298752	7.67452216743383e-09	9.39492871174842e-10	-9.39492871174842e-10
276.329339	0.422199	-0.421094	5.8021586191458e-09	7.03615080156932e-10	-7.03615080156932e-10
277.082993	0.408651	-0.331455	4.30769568051572e-09	6.51384597063941e-10	-6.51384597063941e-10
277.922725	0.355285	-0.431081	6.12384183621126e-09	7.51094458207957e-10	-7.51094458207957e-10
278.771739	0.383384	-0.493729	5.20247037839655e-09	6.49097963014198e-10	-6.49097963014198e-10
279.519370	0.368741	-0.364247	4.24824141053889e-09	6.33290456912163e-10	-6.33290456912163e-10
280.279505	0.377186	-0.391394	6.32928660010396e-09	7.6753876144347e-10	-7.6753876144347e-10
281.085617	0.416163	-0.428926	5.8348545282617e-09	7.27998787670826e-10	-7.27998787670826e-10
281.916852	0.406888	-0.415072	6.37487189986497e-09	7.73066771786398e-10	-7.73066771786398e-10
282.785486	0.539907	-0.461747	4.95017813909788e-09	6.20083707261306e-10	-6.20083707261306e-10
283.711334	0.439561	-0.385941	4.71156438340298e-09	6.55069103370849e-10	-6.55069103370849e-10
284.601056	0.537240	-0.450160	5.00668284960597e-09	6.07149493907128e-10	-6.07149493907128e-10
285.596275	0.468941	-0.457979	5.28675488549861e-09	6.47189252156087e-10	-6.47189252156087e-10
286.440646	0.373583	-0.375430	4.32655039854148e-09	6.44964049241555e-10	-6.44964049241555e-10
287.265797	0.347245	-0.451569	6.05476004555971e-09	7.34247501501866e-10	-7.34247501501866e-10
288.109124	0.389927	-0.496081	3.47921106621378e-09	5.18650168970396e-10	-5.18650168970396e-10
288.881326	0.445022	-0.382276	3.55674347409236e-09	5.37830009221898e-10	-5.37830009221898e-10
289.726937	0.335972	-0.400590	4.04332846524083e-09	6.11408543573016e-10	-6.11408543573016e-10
290.472799	0.374710	-0.409889	3.86137055311888e-09	5.83893906603726e-10	-5.83893906603726e-10
291.219168	0.409365	-0.371660	6.01477097292437e-09	7.36310881349841e-10	-7.36310881349841e-10
292.002767	0.397895	-0.374235	6.37404233706227e-09	7.80291864128631e-10	-7.80291864128631e-10
292.808200	0.380607	-0.407537	4.85852830353289e-09	6.8033004043716e-10	-6.8033004043716e-10
293.682302	0.419186	-0.493495	5.52572721596737e-09	6.70092850932225e-10	-6.70092850932225e-10
294.446858	0.344919	-0.345371	4.92533813245794e-09	7.44780897068829e-10	-7.44780897068829e-10
295.270137	0.523285	-0.478360	5.37129614652144e-09	6.6380339051908e-10	-6.6380339051908e-10
296.303166	0.436755	-0.509744	5.2454132726695e-09	6.36099794972738e-10	-6.36099794972738e-10
297.235658	0.418746	-0.495737	3.44513776485582e-09	5.20953632817473e-10	-5.20953632817473e-10
298.096917	0.447026	-0.442512	3.80079419772183e-09	5.83062924085963e-10	-5.83062924085963e-10
298.999646	0.460551	-0.455703	6.00664689721553e-09	7.23115326546931e-10	-7.23115326546931e-10
299.803585	0.348694	-0.343389	4.76345095620137e-09	7.20301238028519e-10	-7.20301238028519e-10
300.581045	0.368277	-0.428767	6.1689232725686e-09	7.48091843291825e-10	-7.48091843291825e-10
301.350147	0.378422	-0.400824	4.32392170829004e-09	6.53838194547506e-10	-6.53838194547506e-10
302.125724	0.455032	-0.397156	6.23341063135377e-09	7.63076130293554e-10	-7.63076130293554e-10
303.081710	0.466894	-0.500954	5.66387628598685e-09	6.86845899083569e-10	-6.86845899083569e-10
303.954003	0.377435	-0.405399	6.85179660147786e-09	8.30902362317551e-10	-8.30902362317551e-10
304.686615	0.354678	-0.355177	7.10936030280019e-09	8.62136573128686e-10	-8.62136573128686e-10
305.490139	0.360644	-0.448847	6.35328543834e-09	7.77750851643704e-10	-7.77750851643704e-10
306.213565	0.309730	-0.362782	7.91439456211166e-09	9.78088303810759e-10	-9.78088303810759e-10
306.890533	0.344416	-0.367238	7.95708963000013e-09	9.6493884913793e-10	-9.6493884913793e-10
307.602918	0.350802	-0.367969	8.21423043353183e-09	1.00556238033591e-09	-1.00556238033591e-09
308.267484	0.330258	-0.313764	8.70770786909668e-09	1.05596470973675e-09	-1.05596470973675e-09
309.037845	0.399631	-0.440103	6.03321178768015e-09	7.31634386399566e-10	-7.31634386399566e-10
309.821869	0.389531	-0.384393	6.37923214441398e-09	7.73595505309066e-10	-7.73595505309066e-10
310.612768	0.411695	-0.401368	6.62353094486871e-09	8.03221086083949e-10	-8.03221086083949e-10
311.405966	0.385303	-0.381504	7.01845843893815e-09	8.59179434873414e-10	-8.59179434873414e-10
312.194619	0.415045	-0.403350	6.16903930383869e-09	7.55195993882975e-10	-7.55195993882975e-10
313.025762	0.375603	-0.416098	6.26358371626979e-09	7.66769832561571e-10	-7.66769832561571e-10
313.850121	0.410566	-0.448756	6.23670737784737e-09	7.70753913294735e-10	-7.70753913294735e-10
314.529553	0.282664	-0.268867	1.01000013902731e-08	1.22480505945885e-09	-1.22480505945885e-09
315.090770	0.281877	-0.278552	9.19051536147485e-09	1.11451371173765e-09	-1.11451371173765e-09
315.793820	0.347397	-0.421174	6.11099043795086e-09	7.4808981149507e-10	-7.4808981149507e-10
316.464678	0.354362	-0.323461	7.53922803572746e-09	9.14265684583709e-10	-9.14265684583709e-10
317.251618	0.432081	-0.432578	6.21348511554035e-09	7.67884010664793e-10	-7.67884010664793e-10
318.077355	0.289531	-0.393656	7.89678152150666e-09	9.66701195240277e-10	-9.66701195240277e-10
318.775812	0.413034	-0.408926	6.58143354281936e-09	8.13356337384998e-10	-8.13356337384998e-10
319.497742	0.249752	-0.308896	1.00500196583577e-08	1.23029440095419e-09	-1.23029440095419e-09
320.096867	0.312452	-0.349373	8.67775939534619e-09	1.06230625493729e-09	-1.06230625493729e-09
320.746298	0.346201	-0.336979	8.5007588869254e-09	1.05055322256546e-09	-1.05055322256546e-09
321.409497	0.312815	-0.316999	9.35523409791587e-09	1.14524077364949e-09	-1.14524077364949e-09
322.080454	0.305474	-0.358142	8.83718553879679e-09	1.06387213513627e-09	-1.06387213513627e-09
322.736963	0.314359	-0.351035	8.49003981860662e-09	1.0492285424233e-09	-1.0492285424233e-09
323.418397	0.266284	-0.367075	9.44780809896105e-09	1.13738244390578e-09	-1.13738244390578e-09
324.002413	0.317407	-0.317732	9.46985953605313e-09	1.14838916694259e-09	-1.14838916694259e-09
324.591505	0.308302	-0.271684	1.02567086470494e-08	1.25559668735831e-09	-1.25559668735831e-09
325.177682	0.245187	-0.277876	1.14191022660483e-08	1.38476954809996e-09	-1.38476954809996e-09
325.776062	0.328216	-0.353193	8.8853350705111e-09	1.07750512601169e-09	-1.07750512601169e-09
326.412478	0.353625	-0.308200	9.28478592714037e-09	1.1366167000322e-09	-1.1366167000322e-09
327.090160	0.296852	-0.324058	9.6005424659033e-09	1.16423677787025e-09	-1.16423677787025e-09
327.712348	0.276011	-0.325336	9.06029312486091e-09	1.09872190523569e-09	-1.09872190523569e-09
328.318240	0.237663	-0.329881	9.02796828116201e-09	1.09480198232187e-09	-1.09480198232187e-09
328.907077	0.296431	-0.351174	7.54845094729522e-09	9.32863701269913e-10	-9.32863701269913e-10
329.544183	0.319382	-0.340676	7.28604114260523e-09	8.91936128233567e-10	-8.91936128233567e-10
330.195406	0.262390	-0.331840	8.00288951151193e-09	9.79690650555001e-10	-9.79690650555001e-10
330.846385	0.346179	-0.388589	6.62306308650144e-09	8.03164357513796e-10	-8.03164357513796e-10
331.516180	0.332878	-0.323617	7.71681890531935e-09	9.44670674599065e-10	-9.44670674599065e-10
332.179454	0.288724	-0.330395	8.62393972834185e-09	1.05571781516755e-09	-1.05571781516755e-09
332.798797	0.363242	-0.330619	8.06428356358295e-09	9.96612068769075e-10	-9.96612068769075e-10
333.552234	0.387271	-0.390195	7.45031391618406e-09	9.12045897027561e-10	-9.12045897027561e-10
334.230726	0.224727	-0.291221	1.13590009950414e-08	1.36746300483645e-09	-1.36746300483645e-09
334.756223	0.281016	-0.300770	9.65653052828613e-09	1.17102634256857e-09	-1.17102634256857e-09
335.413614	0.358394	-0.376375	7.06343373819382e-09	8.56567174825093e-10	-8.56567174825093e-10
336.147506	0.396645	-0.375498	6.20808353938492e-09	7.59975687046365e-10	-7.59975687046365e-10
336.807052	0.322434	-0.262901	8.67262590223733e-09	1.06167783511928e-09	-1.06167783511928e-09
337.519478	0.366140	-0.389992	7.086701295142e-09	8.75799068798709e-10	-8.75799068798709e-10
338.277180	0.419708	-0.391561	6.61227888477557e-09	8.09456118112763e-10	-8.09456118112763e-10
339.021131	0.351822	-0.324244	7.77084727944566e-09	9.51284673333932e-10	-9.51284673333932e-10
339.785300	0.398935	-0.412347	6.01115808993958e-09	7.35868621782878e-10	-7.35868621782878e-10
340.500642	0.384558	-0.316407	6.81242420284842e-09	8.26127775655046e-10	-8.26127775655046e-10
341.284781	0.342304	-0.399581	6.51296765672171e-09	7.89813344175878e-10	-7.89813344175878e-10
342.047212	0.435627	-0.420127	5.66228871478859e-09	6.93161046106517e-10	-6.93161046106517e-10
342.946953	0.421894	-0.464114	5.56825795943951e-09	6.75250474488691e-10	-6.75250474488691e-10
343.762009	0.398552	-0.393162	6.15417159509888e-09	7.67839078008954e-10	-7.67839078008954e-10
344.503025	0.379864	-0.342463	4.81765602351573e-09	7.02727337603917e-10	-7.02727337603917e-10
345.344625	0.450951	-0.461736	5.47582408883673e-09	6.70334573881069e-10	-6.70334573881069e-10
346.098829	0.371027	-0.303253	7.06799499250368e-09	8.65243545892952e-10	-8.65243545892952e-10
346.879432	0.362568	-0.409576	3.87390677715296e-09	5.85789587000667e-10	-5.85789587000667e-10
347.715907	0.524186	-0.473907	4.56951672258325e-09	5.50105152375447e-10	-5.50105152375447e-10
348.620821	0.480353	-0.380727	5.12047966096794e-09	6.26834352498248e-10	-6.26834352498248e-10
349.574819	0.492404	-0.473646	4.56765597304648e-09	5.49881157270078e-10	-5.49881157270078e-10
350.484735	0.470277	-0.417511	4.73833983033387e-09	5.7460808897438e-10	-5.7460808897438e-10
351.397845	0.457408	-0.442833	4.57345235296932e-09	5.65203060971594e-10	-5.65203060971594e-10
352.305801	0.358957	-0.450548	5.28140075679662e-09	6.46533822040532e-10	-6.46533822040532e-10
353.027127	0.411542	-0.362369	5.58248201110809e-09	6.89902468717732e-10	-6.89902468717732e-10
353.822278	0.395644	-0.383608	5.56585003679673e-09	6.74958444485264e-10	-6.74958444485264e-10
354.635600	0.441643	-0.417678	4.91489454664249e-09	6.07399668498726e-10	-6.07399668498726e-10
355.457267	0.408132	-0.380024	5.46944018017928e-09	6.63267044051058e-10	-6.63267044051058e-10
356.241381	0.365906	-0.375982	5.93881343228371e-09	7.2018692055339e-10	-7.2018692055339e-10
357.055001	0.464952	-0.447714	4.93682233722745e-09	5.98677625036515e-10	-5.98677625036515e-10
357.883871	0.383319	-0.363917	5.98524978692967e-09	7.39677891475283e-10	-7.39677891475283e-10
358.659747	0.440079	-0.392558	5.45135086803372e-09	6.67338625229689e-10	-6.67338625229689e-10
359.527834	0.518473	-0.428007	4.67293104042087e-09	5.72046722952677e-10	-5.72046722952677e-10
360.396429	0.311712	-0.350122	6.38387159899447e-09	7.81495137271596e-10	-7.81495137271596e-10
361.140907	0.451463	-0.432766	4.7849753883181e-09	5.80263514666474e-10	-5.80263514666474e-10
362.060659	0.506676	-0.468289	4.37173909545642e-09	5.40274668391843e-10	-5.40274668391843e-10
363.107636	0.413314	-0.540301	3.10698569938138e-09	4.63162076294855e-10	-4.63162076294855e-10
363.890492	0.386575	-0.369542	4.35468941209113e-09	6.30303910051012e-10	-6.30303910051012e-10
364.764436	0.489356	-0.487370	4.66909481513647e-09	5.71577122367009e-10	-5.71577122367009e-10
365.695224	0.366288	-0.441432	3.51677994766217e-09	5.31786961534684e-10	-5.31786961534684e-10
366.478563	0.452946	-0.417050	3.14893351937442e-09	4.69415287835819e-10	-4.69415287835819e-10
367.400268	0.534669	-0.468759	4.11076382314578e-09	5.08022427778619e-10	-5.08022427778619e-10
368.375032	0.543749	-0.440095	3.97288698724414e-09	5.09805540687728e-10	-5.09805540687728e-10
369.291200	0.339234	-0.372419	4.03902663193901e-09	6.02102521755855e-10	-6.02102521755855e-10
370.042255	0.298053	-0.411822	4.07217135007001e-09	6.00408900203176e-10	-6.00408900203176e-10
370.765359	0.336417	-0.425050	3.57317650992377e-09	5.48145119787933e-10	-5.48145119787933e-10
371.558578	0.365140	-0.456803	5.07759172955524e-09	6.16978888779978e-10	-6.16978888779978e-10
372.298625	0.383003	-0.374908	5.41580947261428e-09	6.62987775340709e-10	-6.62987775340709e-10
373.004357	0.451187	-0.322730	3.5299199695485e-09	5.26209410086032e-10	-5.26209410086032e-10
373.917805	0.429068	-0.462261	3.01865012051558e-09	4.56462637556366e-10	-4.56462637556366e-10
374.844062	0.459969	-0.497188	4.24026545658623e-09	5.1908105459922e-10	-5.1908105459922e-10
375.703270	0.308855	-0.399239	3.80175503794886e-09	5.66732162615383e-10	-5.66732162615383e-10
376.385226	0.343890	-0.373101	3.80797795282044e-09	5.75820221790222e-10	-5.75820221790222e-10
377.126831	0.370871	-0.397715	4.11424888907109e-09	5.89362073281555e-10	-5.89362073281555e-10
377.980933	0.384987	-0.483231	3.46895228450142e-09	5.17120858387763e-10	-5.17120858387763e-10
378.837177	0.494794	-0.471257	4.58982649195314e-09	5.61873311894501e-10	-5.61873311894501e-10
379.823572	0.349926	-0.491601	5.06366269089205e-09	6.14059315491071e-10	-6.14059315491071e-10
380.557521	0.350759	-0.384023	5.60785934626246e-09	6.86497960664298e-10	-6.86497960664298e-10
381.377478	0.438158	-0.469197	2.96835545260445e-09	4.48857403294212e-10	-4.48857403294212e-10
382.206893	0.302590	-0.391258	3.8678492343846e-09	5.84873609286153e-10	-5.84873609286153e-10
382.848992	0.436180	-0.339508	3.8965521872265e-09	5.58177250060346e-10	-5.58177250060346e-10
383.750044	0.447813	-0.464873	4.59525378017041e-09	5.62537699453719e-10	-5.62537699453719e-10
384.534002	0.371951	-0.336144	3.99623076626279e-09	5.95722912887335e-10	-5.95722912887335e-10
385.394781	0.430986	-0.488828	4.65797969714672e-09	5.70216420516615e-10	-5.70216420516615e-10
386.181345	0.366736	-0.355578	3.96243877547565e-09	5.90685495944276e-10	-5.90685495944276e-10
387.002274	0.458495	-0.454193	3.96952243407072e-09	5.34034703454893e-10	-5.34034703454893e-10
387.877649	0.504711	-0.416880	3.79445631479822e-09	5.07055574619245e-10	-5.07055574619245e-10
388.779215	0.483813	-0.396855	4.09800858525112e-09	5.48940263278262e-10	-5.48940263278262e-10
389.665428	0.447989	-0.402400	4.24445962725148e-09	5.72322837689023e-10	-5.72322837689023e-10
390.579951	0.310946	-0.466534	3.67265373593734e-09	5.63405485838554e-10	-5.63405485838554e-10
391.206684	0.379855	-0.315787	4.06721942673586e-09	6.06305291592555e-10	-6.06305291592555e-10
392.075267	0.496911	-0.488729	2.71468776220981e-09	4.10499235271963e-10	-4.10499235271963e-10
392.930068	0.367998	-0.357890	3.68800142255552e-09	5.49774783451215e-10	-5.49774783451215e-10
393.698117	0.341834	-0.400050	3.57266277178282e-09	5.40237205775255e-10	-5.40237205775255e-10
394.513936	0.565021	-0.473985	2.58412134961006e-09	3.85218072786567e-10	-3.85218072786567e-10
395.523374	0.404230	-0.444417	3.09562180314906e-09	4.74885571009425e-10	-4.74885571009425e-10
396.415871	0.548960	-0.488268	2.55843549342389e-09	3.86871701809725e-10	-3.86871701809725e-10
397.354128	0.409522	-0.389296	3.8388117375579e-09	5.38960032392689e-10	-5.38960032392689e-10
398.182377	0.332066	-0.418727	3.56475706516831e-09	5.31402605355116e-10	-5.31402605355116e-10
398.976796	0.448544	-0.462353	2.9462059688453e-09	4.39194474587146e-10	-4.39194474587146e-10
399.941649	0.446202	-0.516310	2.80091603850814e-09	4.17535909401692e-10	-4.17535909401692e-10
400.785332	0.451159	-0.397481	3.1170487639446e-09	4.78172592224837e-10	-4.78172592224837e-10
401.670995	0.417688	-0.434504	3.16694765312754e-09	4.72100664964674e-10	-4.72100664964674e-10
402.664970	0.466285	-0.576287	2.57498685885279e-09	3.83856383807555e-10	-3.83856383807555e-10
403.553418	0.355322	-0.422163	3.35881924203365e-09	5.15261515025133e-10	-5.15261515025133e-10
404.247405	0.355183	-0.338666	3.84866941538033e-09	5.73725741898036e-10	-5.73725741898036e-10
404.928978	0.454640	-0.326390	3.43491636445829e-09	5.12047083966855e-10	-5.12047083966855e-10
405.788409	0.454530	-0.404791	3.10468651584803e-09	4.69472573805298e-10	-4.69472573805298e-10
406.590585	0.476092	-0.347646	3.69556959479298e-09	5.24038510260046e-10	-5.24038510260046e-10
407.591926	0.462136	-0.525249	2.67719975781983e-09	4.10697322157508e-10	-4.10697322157508e-10
408.489040	0.515074	-0.434978	2.76796264708775e-09	4.24620829563632e-10	-4.24620829563632e-10
409.461804	0.412306	-0.457690	3.00569665362073e-09	4.61090571615199e-10	-4.61090571615199e-10
410.232038	0.435565	-0.357928	3.35689377617085e-09	5.00416176107047e-10	-5.00416176107047e-10
411.138662	0.413171	-0.471058	3.01178578403135e-09	4.48970525587787e-10	-4.48970525587787e-10
412.012219	0.631982	-0.460386	2.41034940522584e-09	3.64478991207302e-10	-3.64478991207302e-10
413.110585	0.499685	-0.466384	2.75663491178665e-09	4.10934857941489e-10	-4.10934857941489e-10
413.986155	0.332210	-0.375885	3.76722079904796e-09	5.61584099657105e-10	-5.61584099657105e-10
414.876651	0.585696	-0.558286	2.31546111412944e-09	3.5013052726554e-10	-3.5013052726554e-10
415.932795	0.436880	-0.470447	2.9681861268825e-09	4.42471084787206e-10	-4.42471084787206e-10
416.769353	0.496996	-0.399678	2.98146876803954e-09	4.50840313518234e-10	-4.50840313518234e-10
417.981536	0.494623	-0.715187	2.18250938914066e-09	3.34809039105483e-10	-3.34809039105483e-10
419.030803	0.507489	-0.554644	2.53762151908242e-09	3.7828627540268e-10	-3.7828627540268e-10
419.983389	0.449797	-0.445097	3.00545798630828e-09	4.48027218560451e-10	-4.48027218560451e-10
420.937092	0.382103	-0.503906	3.01029135036666e-09	4.55198694949307e-10	-4.55198694949307e-10
421.856995	0.524339	-0.537800	2.61748901415914e-09	3.85927693135855e-10	-3.85927693135855e-10
422.847479	0.418068	-0.466144	3.06761600511124e-09	4.63866971755307e-10	-4.63866971755307e-10
423.971525	0.532278	-0.705978	2.23932980452523e-09	3.34813199704668e-10	-3.34813199704668e-10
424.980072	0.495138	-0.476269	2.80196965952519e-09	4.17692964201027e-10	-4.17692964201027e-10
425.897681	0.465319	-0.422471	3.00988698158824e-09	4.55137540313602e-10	-4.55137540313602e-10
426.962919	0.590299	-0.599919	2.22690232151653e-09	3.36739163726049e-10	-3.36739163726049e-10
428.240920	0.539901	-0.687701	2.18533427370044e-09	3.25770397862129e-10	-3.25770397862129e-10
429.288389	0.529665	-0.507569	2.59445165222401e-09	3.86758033776764e-10	-3.86758033776764e-10
430.336253	0.680933	-0.518198	2.2511366986209e-09	3.35579637470809e-10	-3.35579637470809e-10
431.551342	0.472818	-0.534157	2.62591277327898e-09	4.02829601349746e-10	-4.02829601349746e-10
432.818912	0.721050	-0.794752	1.7570819316351e-09	2.65695670574697e-10	-2.65695670574697e-10
434.124046	0.559884	-0.584085	2.34445962056368e-09	3.49491411460764e-10	-3.49491411460764e-10
435.611398	0.744912	-0.927468	1.59570161439135e-09	2.37873155979358e-10	-2.37873155979358e-10
437.161812	0.624909	-0.805502	1.82269709775213e-09	2.79611865829402e-10	-2.79611865829402e-10
438.370888	0.522446	-0.584167	2.40995867702667e-09	3.59255447379849e-10	-3.59255447379849e-10
439.440907	0.448741	-0.547573	2.64578284772305e-09	4.00079827958849e-10	-4.00079827958849e-10
440.650366	0.621675	-0.760718	1.93205494883224e-09	2.88013752964607e-10	-2.88013752964607e-10
441.975997	0.468447	-0.703956	2.26452405652041e-09	3.42428099420905e-10	-3.42428099420905e-10
443.223835	0.668824	-0.779390	1.86370267961762e-09	2.77824381056709e-10	-2.77824381056709e-10
444.474584	0.681259	-0.581925	2.1232572237893e-09	3.21066587060906e-10	-3.21066587060906e-10
445.976210	0.576236	-0.820367	1.94871648130411e-09	2.90497491688589e-10	-2.90497491688589e-10
447.416958	0.814987	-0.864511	1.62377445531467e-09	2.42058011835297e-10	-2.42058011835297e-10
448.926816	0.562964	-0.694872	2.17272725249606e-09	3.23891051586117e-10	-3.23891051586117e-10
450.099504	0.626751	-0.609724	2.20583434824495e-09	3.28826380136384e-10	-3.28826380136384e-10
451.468421	0.556597	-0.742166	2.09451108199645e-09	3.12231271201029e-10	-3.12231271201029e-10
452.967603	0.594566	-0.942584	1.76458729981027e-09	2.63049148254494e-10	-2.63049148254494e-10
454.237012	0.600795	-0.674844	2.14257647523926e-09	3.19396447815149e-10	-3.19396447815149e-10
455.581814	0.713105	-0.744007	1.87645879067303e-09	2.83747151895129e-10	-2.83747151895129e-10
456.871794	0.640031	-0.576875	2.29837700503197e-09	3.42621797820177e-10	-3.42621797820177e-10
458.505595	0.753324	-0.993770	1.57724643789613e-09	2.38502005614939e-10	-2.38502005614939e-10
460.181009	0.680900	-0.922090	1.71878097612005e-09	2.56220742848051e-10	-2.56220742848051e-10
461.701944	0.625954	-0.840036	1.86043514371218e-09	2.77337308670562e-10	-2.77337308670562e-10
462.899714	0.533041	-0.571816	2.45651211567102e-09	3.66195209756749e-10	-3.66195209756749e-10
463.994272	0.772813	-0.561518	1.9791361050909e-09	3.03610473100066e-10	-3.03610473100066e-10
465.539670	0.600906	-0.772584	1.93282767760561e-09	2.92270916613568e-10	-2.92270916613568e-10
466.743357	0.528743	-0.602781	2.31799301048715e-09	3.55593011451589e-10	-3.55593011451589e-10
467.988603	0.619576	-0.716502	2.00896826594903e-09	2.99479301086423e-10	-2.99479301086423e-10
469.649690	0.824799	-1.041512	1.42229205004199e-09	2.15070710273884e-10	-2.15070710273884e-10
470.968440	0.669597	-0.493950	2.25268453855827e-09	3.45574293689288e-10	-3.45574293689288e-10
472.585445	0.849503	-0.947408	1.48972096754948e-09	2.22074478851731e-10	-2.22074478851731e-10
474.290302	0.672920	-0.855355	1.7482243134437e-09	2.6060989492582e-10	-2.6060989492582e-10
475.554811	0.689375	-0.591588	2.08277396827273e-09	3.10481610482472e-10	-3.10481610482472e-10
477.201623	0.811010	-0.957436	1.50778511543759e-09	2.24767346781516e-10	-2.24767346781516e-10
479.229445	1.069353	-1.216813	1.15311866316265e-09	1.7436786839605e-10	-1.7436786839605e-10
480.963204	0.609454	-0.664405	2.06943185505729e-09	3.12927391918635e-10	-3.12927391918635e-10
482.636209	0.937939	-1.063551	1.33286205103293e-09	1.98691337678051e-10	-1.98691337678051e-10
484.416913	0.794038	-0.842765	1.54423502737967e-09	2.47522008192466e-10	-2.47522008192466e-10
486.072525	0.686243	-0.861574	1.73812456116317e-09	2.59104306016034e-10	-2.59104306016034e-10
487.409116	0.611046	-0.650349	2.13978789152527e-09	3.18980752587507e-10	-3.18980752587507e-10
488.728211	0.704583	-0.708049	1.91207968879906e-09	2.85036020372941e-10	-2.85036020372941e-10
490.179555	0.770832	-0.746761	1.75904151337913e-09	2.65991986136553e-10	-2.65991986136553e-10
491.778077	0.769960	-0.827690	1.68937154366859e-09	2.51836642339325e-10	-2.51836642339325e-10
493.538196	0.708903	-0.990159	1.54843225191298e-09	2.37538097563234e-10	-2.37538097563234e-10
495.243748	0.682823	-0.996649	1.59630943080853e-09	2.37963746683118e-10	-2.37963746683118e-10
496.651105	0.561774	-0.724534	2.07727972506901e-09	3.096625842423e-10	-3.096625842423e-10
498.053912	0.626737	-0.841032	1.81443342979525e-09	2.70479752564502e-10	-2.70479752564502e-10
499.768825	0.831509	-1.088176	1.35575208830814e-09	2.0797988538883e-10	-2.0797988538883e-10
501.694769	0.873267	-1.094435	1.33809391704708e-09	2.02338774046037e-10	-2.02338774046037e-10
503.594615	0.816599	-1.026579	1.42861719917578e-09	2.16027147077993e-10	-2.16027147077993e-10
505.114505	0.661298	-0.703292	1.92979786242559e-09	2.91812781717716e-10	-2.91812781717716e-10
506.603245	0.690143	-0.827443	1.73531226126541e-09	2.62403776941702e-10	-2.62403776941702e-10
508.184048	0.872440	-0.890659	1.51083646852183e-09	2.25222195888807e-10	-2.25222195888807e-10
510.213183	0.967577	-1.156695	1.23980965189596e-09	1.87476799756789e-10	-1.87476799756789e-10
512.140116	0.992362	-0.959356	1.36492377816037e-09	2.03470828031403e-10	-2.03470828031403e-10
513.944653	0.845943	-0.812176	1.58838113828641e-09	2.40185720366956e-10	-2.40185720366956e-10
515.522079	0.798569	-0.731483	1.70158843676302e-09	2.61033102091608e-10	-2.61033102091608e-10
517.078561	0.656481	-0.757913	1.88338817949942e-09	2.80758951228023e-10	-2.80758951228023e-10
518.674617	0.933853	-0.939575	1.40616057089223e-09	2.1263140253222e-10	-2.1263140253222e-10
520.532405	0.988612	-0.923935	1.39389863337178e-09	2.07790144107612e-10	-2.07790144107612e-10
522.213343	0.670472	-0.692325	1.9349052148768e-09	2.92585089317655e-10	-2.92585089317655e-10
523.762068	1.020066	-0.878253	1.40510668790951e-09	2.09460951810263e-10	-2.09460951810263e-10
525.590350	0.933536	-0.808217	1.53072331042464e-09	2.28186768843454e-10	-2.28186768843454e-10
527.569699	0.895211	-1.045813	1.32622700725332e-09	2.06423346191148e-10	-2.06423346191148e-10
529.203254	0.745444	-0.738344	1.77487666970513e-09	2.68386478483122e-10	-2.68386478483122e-10
530.776475	0.869496	-0.827776	1.5535620428123e-09	2.34920587383219e-10	-2.34920587383219e-10
532.542066	0.913264	-0.896096	1.47646795707411e-09	2.20098849387228e-10	-2.20098849387228e-10
534.455970	0.819415	-1.000641	1.42047461473659e-09	2.21092726199349e-10	-2.21092726199349e-10
536.435430	1.021151	-1.160045	1.21523062342858e-09	1.83760087135527e-10	-1.83760087135527e-10
538.689452	1.179629	-1.232871	1.10941209610131e-09	1.65381376805955e-10	-1.65381376805955e-10
540.830534	0.878135	-0.961453	1.4361020200999e-09	2.17158976483154e-10	-2.17158976483154e-10
542.682433	1.420946	-0.973764	1.11429631371127e-09	1.66109476991704e-10	-1.66109476991704e-10
545.468783	1.322836	-1.365404	9.80556406191374e-10	1.48274037318612e-10	-1.48274037318612e-10
547.970710	1.121341	-1.179092	1.14597145681119e-09	1.73287113841073e-10	-1.73287113841073e-10
549.941380	0.942224	-0.849329	1.48843614673266e-09	2.21882960605222e-10	-2.21882960605222e-10
552.057224	0.900840	-1.173620	1.28552547095911e-09	1.91634838879494e-10	-1.91634838879494e-10
554.176882	1.095806	-1.218818	1.138835890843e-09	1.72208112771147e-10	-1.72208112771147e-10
556.608703	1.129858	-1.336014	1.05631286904593e-09	1.62044255403209e-10	-1.62044255403209e-10
559.007176	0.990844	-1.268615	1.17904683721678e-09	1.75761914184145e-10	-1.75761914184145e-10
561.307808	0.883881	-1.309788	1.20047551642744e-09	1.81528897440086e-10	-1.81528897440086e-10
563.335053	0.730046	-1.143364	1.42293787689299e-09	2.12119070208102e-10	-2.12119070208102e-10
565.090195	1.232605	-1.025096	1.18153633263184e-09	1.76133022910694e-10	-1.76133022910694e-10
567.541579	1.247093	-1.218779	1.082822367069e-09	1.61417619250391e-10	-1.61417619250391e-10
569.806962	1.292770	-1.018290	1.15636730664742e-09	1.72381058218167e-10	-1.72381058218167e-10
572.405315	1.219007	-1.305583	1.05855912276766e-09	1.57800674686402e-10	-1.57800674686402e-10
574.776425	1.370688	-1.152104	1.05927884978209e-09	1.57907956178133e-10	-1.57907956178133e-10
577.618489	1.227550	-1.471376	9.67639201734275e-10	1.48441232846777e-10	-1.48441232846777e-10
579.778151	0.854132	-0.932112	1.47894072642856e-09	2.23636778700565e-10	-2.23636778700565e-10
582.343100	1.461343	-1.710816	8.4289250205873e-10	1.25651004688742e-10	-1.25651004688742e-10
585.027730	1.628644	-1.223287	9.2755432309322e-10	1.40259337127315e-10	-1.40259337127315e-10
588.400398	1.364082	-1.744024	8.51864542161029e-10	1.28813967366469e-10	-1.28813967366469e-10
591.228185	1.309952	-1.463705	9.55290833953117e-10	1.44453499860905e-10	-1.44453499860905e-10
594.203237	1.688573	-1.665100	7.99067080080621e-10	1.19117882118512e-10	-1.19117882118512e-10
597.159674	1.610719	-1.267864	9.19292416341731e-10	1.39010027382344e-10	-1.39010027382344e-10
599.712077	0.915728	-0.941685	1.43957073951273e-09	2.14598530265953e-10	-2.14598530265953e-10
602.133548	1.566803	-1.505743	8.69389663244899e-10	1.29600961330932e-10	-1.29600961330932e-10
605.176021	1.454542	-1.475670	9.00197784547192e-10	1.36122671580631e-10	-1.36122671580631e-10
608.701902	1.956579	-2.071339	6.54474838802176e-10	9.89658796396737e-11	-9.89658796396737e-11
612.025573	1.520437	-1.367091	9.23028048456451e-10	1.37596880515336e-10	-1.37596880515336e-10
614.838614	1.687424	-1.292604	8.83947068394721e-10	1.33665326150277e-10	-1.33665326150277e-10
618.933962	2.635864	-2.407924	5.109550666845e-10	7.95286623432445e-11	-7.95286623432445e-11
623.911607	1.796463	-2.341781	6.39055754216125e-10	9.66342755308227e-11	-9.66342755308227e-11
627.544157	2.040605	-1.836087	6.9132473877123e-10	1.03056623389181e-10	-1.03056623389181e-10
631.435910	1.931269	-1.851148	7.02525941616668e-10	1.06231877616499e-10	-1.06231877616499e-10
635.420323	2.177595	-2.053144	6.30018198624342e-10	9.5267673895187e-11	-9.5267673895187e-11
639.728762	1.660469	-2.130844	6.89217216224069e-10	1.07274657817221e-10	-1.07274657817221e-10
643.774666	2.001888	-2.385435	6.11436893813532e-10	9.24579276471189e-11	-9.24579276471189e-11
648.630108	3.181222	-2.853553	4.43364612788303e-10	6.70430081606876e-11	-6.70430081606876e-11
653.806721	2.032535	-1.995391	6.61485219778089e-10	1.00025930994515e-10	-1.00025930994515e-10
658.220255	2.114827	-2.380999	5.90549830242104e-10	8.92994806786668e-11	-8.92994806786668e-11
662.852910	2.458388	-2.517827	5.19388209114429e-10	8.08412401345467e-11	-8.08412401345467e-11
668.074721	2.506317	-2.763423	5.0421702501663e-10	7.62447693987347e-11	-7.62447693987347e-11
673.185200	2.606892	-2.604163	5.1868118989048e-10	7.73204183627515e-11	-7.73204183627515e-11
678.383651	2.078627	-2.591558	5.75484170045404e-10	8.70213698945237e-11	-8.70213698945237e-11
683.052676	2.172322	-2.590397	3.74701224048775e-10	6.98942047052067e-11	-6.98942047052067e-11
688.420023	2.741883	-3.195025	2.99238942111814e-10	5.58179985383837e-11	-5.58179985383837e-11
693.570337	2.902244	-2.408431	3.33093229114438e-10	6.21329248981153e-11	-6.21329248981153e-11
699.028488	2.728077	-2.555907	3.39025988298413e-10	6.18973810916214e-11	-6.18973810916214e-11
704.750917	2.633006	-2.994352	3.11465954527709e-10	5.80987437871746e-11	-5.80987437871746e-11
710.036543	2.851993	-2.652619	3.18182339062921e-10	5.93515583786105e-11	-5.93515583786105e-11
714.685756	3.045533	-1.797220	3.56009372556277e-10	6.78653425825247e-11	-6.78653425825247e-11
720.253605	2.308005	-2.522316	3.63925062566037e-10	6.78841040435194e-11	-6.78841040435194e-11
724.987131	2.175298	-2.425521	3.8271069919536e-10	7.13882567921123e-11	-7.13882567921123e-11
729.993411	2.851530	-2.830983	4.68091059816284e-10	7.07819836066004e-11	-7.07819836066004e-11
736.158216	2.733939	-3.313275	4.34877193567673e-10	6.67125896879583e-11	-6.67125896879583e-11
741.727963	2.707954	-2.835809	4.85423265776206e-10	7.23626220876586e-11	-7.23626220876586e-11
747.158013	3.189916	-2.722096	4.55235899436542e-10	6.78625434345003e-11	-6.78625434345003e-11
753.582378	2.673999	-3.234449	4.53799539311487e-10	6.86209262203051e-11	-6.86209262203051e-11
759.083829	2.543711	-2.827453	5.04328305591962e-10	7.62615723332473e-11	-7.62615723332473e-11
764.598705	2.542347	-2.971165	4.9633628597916e-10	7.50530667837954e-11	-7.50530667837954e-11
769.783147	2.022744	-2.642096	5.9224582648318e-10	8.95559595862488e-11	-8.95559595862488e-11
773.982133	1.744955	-2.176242	6.89381957511024e-10	1.07300295213754e-10	-1.07300295213754e-10
776.973094	1.148691	-1.246006	1.1543410347916e-09	1.72078990004394e-10	-1.72078990004394e-10
780.238087	1.981002	-2.116303	6.43129121012873e-10	1.00101164149425e-10	-1.00101164149425e-10
783.840115	1.278942	-1.621026	9.27007522166246e-10	1.38190136003842e-10	-1.38190136003842e-10
786.145135	1.274338	-1.026079	1.16078394279979e-09	1.73039473831297e-10	-1.73039473831297e-10
788.560292	0.905166	-1.140819	1.29427389808165e-09	1.95712550855253e-10	-1.95712550855253e-10
790.556262	1.008555	-1.090803	1.27901111515287e-09	1.90663734730935e-10	-1.90663734730935e-10
792.693306	1.221725	-1.128490	1.14556562354802e-09	1.70770859631419e-10	-1.70770859631419e-10
795.342830	1.114571	-1.427798	1.0386646169623e-09	1.59336930078946e-10	-1.59336930078946e-10
797.403139	0.984613	-0.945738	1.38843086761661e-09	2.09950430520918e-10	-2.09950430520918e-10
799.580822	1.116215	-1.193069	1.17801526961891e-09	1.75608161891711e-10	-1.75608161891711e-10
801.836716	1.242571	-1.139680	1.13308858694937e-09	1.71339052497281e-10	-1.71339052497281e-10
803.963066	0.898893	-0.883779	1.5367505464786e-09	2.29085245535203e-10	-2.29085245535203e-10
805.834745	1.146162	-0.972786	1.29646910764207e-09	1.93266215835186e-10	-1.93266215835186e-10
808.007009	0.870434	-1.026102	1.43449629193693e-09	2.16916143128466e-10	-2.16916143128466e-10
810.106586	1.329237	-1.229144	1.07729650944424e-09	1.60593897367735e-10	-1.60593897367735e-10
812.061552	0.808226	-0.625729	1.92491339003636e-09	2.86949135674468e-10	-2.86949135674468e-10
813.950859	0.874186	-1.081081	1.41371967174171e-09	2.10744877224215e-10	-2.10744877224215e-10
815.839971	1.057745	-1.014926	1.32042010326711e-09	1.99666210559835e-10	-1.99666210559835e-10
817.877691	0.875661	-0.979975	1.43866069170892e-09	2.23923334608217e-10	-2.23923334608217e-10
819.999617	0.950944	-1.246265	1.25297153607644e-09	1.86781966809846e-10	-1.86781966809846e-10
821.788762	0.860853	-0.838200	1.61513434306363e-09	2.40770009839612e-10	-2.40770009839612e-10
824.004717	0.888364	-1.355103	1.2045504394718e-09	1.82145076452487e-10	-1.82145076452487e-10
825.923325	1.165207	-1.030244	1.22668492785802e-09	1.85492137610045e-10	-1.85492137610045e-10
828.329900	1.115963	-1.241368	1.14146259921562e-09	1.72605332119756e-10	-1.72605332119756e-10
830.335290	0.811423	-0.889427	1.58484839567785e-09	2.39651536531471e-10	-2.39651536531471e-10
832.071424	1.073218	-0.924710	1.36674319900766e-09	2.03742062177801e-10	-2.03742062177801e-10
834.070243	1.198685	-0.925601	1.28770590316013e-09	1.91959861957484e-10	-1.91959861957484e-10
836.442264	0.821050	-1.173336	1.37445911010112e-09	2.04892260512598e-10	-2.04892260512598e-10
838.453767	1.108190	-1.190452	1.19110680142667e-09	1.77559715260611e-10	-1.77559715260611e-10
840.466726	1.061152	-0.904769	1.38706233546074e-09	2.06771051733636e-10	-2.06771051733636e-10
842.730433	1.058705	-1.202556	1.18684834552656e-09	1.79468295712972e-10	-1.79468295712972e-10
845.094334	0.835080	-1.305196	1.26234716686118e-09	1.88179588361447e-10	-1.88179588361447e-10
847.268016	0.922656	-1.338603	1.16269864251154e-09	1.78364424604457e-10	-1.78364424604457e-10
849.457916	0.924648	-1.267244	1.22289048582855e-09	1.84918381186565e-10	-1.84918381186565e-10
851.341088	0.720964	-0.958523	1.63269022867399e-09	2.43387084272285e-10	-2.43387084272285e-10
853.501549	1.295020	-1.439497	1.0158479672692e-09	1.51433667808316e-10	-1.51433667808316e-10
855.822143	0.837144	-1.025573	1.47789073082423e-09	2.26716657215517e-10	-2.26716657215517e-10
857.822455	1.204858	-1.163168	1.19963190923442e-09	1.788305518416e-10	-1.788305518416e-10
860.133915	1.620789	-1.106602	1.04147315225906e-09	1.55253639925674e-10	-1.55253639925674e-10
862.977145	1.316377	-1.222441	1.11871493669487e-09	1.66768178630876e-10	-1.66768178630876e-10
865.841737	1.330403	-1.548214	9.86561428576036e-10	1.47067896392321e-10	-1.47067896392321e-10
NO	NO	NO	NO	NO	NO
!Time	Poserr	Negerr	Flux	PosErr	NegErr
!XRT pc mode data
4102.598969	38.082182	-52.181158	1.11572124303858e-11	2.54225777352009e-12	-2.54225777352009e-12
4169.869395	28.480057	-29.188243	1.77107986361436e-11	3.97510181018556e-12	-3.97510181018556e-12
4241.083252	42.514920	-42.733800	1.25763525174294e-11	2.75417189615236e-12	-2.75417189615236e-12
4331.019477	37.827435	-47.421305	1.19036997934157e-11	2.69186082807728e-12	-2.69186082807728e-12
4435.181887	36.464944	-66.334976	1.04236589044393e-11	2.29090853872097e-12	-2.29090853872097e-12
4553.556718	91.094734	-81.909886	5.90746693256859e-12	1.33089358628564e-12	-1.33089358628564e-12
4699.300172	60.687699	-54.648721	8.89728283259229e-12	1.99695660455473e-12	-1.99695660455473e-12
4851.541044	104.017168	-91.553172	5.21346441742909e-12	1.17452230221368e-12	-1.17452230221368e-12
5063.695597	92.447495	-108.137385	4.99108291072296e-12	1.14158441585064e-12	-1.14158441585064e-12
5221.948273	62.067639	-65.805181	7.95237601242549e-12	1.78488507641703e-12	-1.78488507641703e-12
5383.228485	128.952707	-99.212573	3.99944594070493e-12	9.46607194114929e-13	-9.46607194114929e-13
5666.392938	119.085174	-154.211746	2.74380277202283e-12	7.26516584931979e-13	-7.26516584931979e-13
5953.546050	140.331582	-168.067938	2.42516353854433e-12	6.52078781409689e-13	-6.52078781409689e-13
6384.677423	250.766688	-290.799792	2.55369115819249e-12	5.07373163063251e-13	-5.07373163063251e-13
9986.490608	110.151383	-153.116877	3.68302930131441e-12	9.59502283473382e-13	-9.59502283473382e-13
10216.560142	115.769630	-119.918150	4.08800880488152e-12	1.07796922700047e-12	-1.07796922700047e-12
10442.847276	140.214016	-110.517504	3.73124770812339e-12	9.77964279494662e-13	-9.77964279494662e-13
10724.433016	136.940096	-141.371724	4.29811613990108e-12	9.71930857107819e-13	-9.71930857107819e-13
10982.557411	106.981120	-121.184300	4.01646825162759e-12	1.01830454833596e-12	-1.01830454833596e-12
11210.898199	139.400772	-121.359668	3.93208468375628e-12	9.33746389631618e-13	-9.33746389631618e-13
11504.633721	68.816130	-154.334749	3.9337746428999e-12	1.02790666567634e-12	-1.02790666567634e-12
11670.724180	73.223032	-97.274328	7.03592720691213e-12	1.58031970895549e-12	-1.58031970895549e-12
11811.829323	59.990969	-67.882111	9.36550331504216e-12	2.09885744809892e-12	-2.09885744809892e-12
11955.840906	83.969506	-84.020614	6.9956591886157e-12	1.58193703663173e-12	-1.58193703663173e-12
12096.421242	56.218430	-56.610830	1.04245322694784e-11	2.33101705688605e-12	-2.33101705688605e-12
12272.893090	148.014241	-120.253418	5.18294122853666e-12	1.07013924527865e-12	-1.07013924527865e-12
15649.687771	43.394341	-34.332559	1.17747074865747e-11	2.63291584075865e-12	-2.63291584075865e-12
15769.255405	69.251266	-76.173294	6.20136747510515e-12	1.40699661280172e-12	-1.40699661280172e-12
15877.988482	28.215850	-39.481811	1.33891203994407e-11	2.99389838506453e-12	-2.99389838506453e-12
15947.081987	31.834565	-40.877655	1.28833409155633e-11	2.84068611174363e-12	-2.84068611174363e-12
16020.767994	50.919377	-41.851443	9.58676232872351e-12	2.15926113644307e-12	-2.15926113644307e-12
16111.123544	45.812608	-39.436172	1.09393531628467e-11	2.39539760742333e-12	-2.39539760742333e-12
16199.412072	55.309479	-42.475921	9.10155513755524e-12	2.04255945438743e-12	-2.04255945438743e-12
16299.954775	72.610656	-45.233224	7.54505474032572e-12	1.69941294218962e-12	-1.69941294218962e-12
16411.156863	41.642689	-38.591431	1.11526064504236e-11	2.50285086554876e-12	-2.50285086554876e-12
16507.555882	40.521649	-54.756331	9.37531172410186e-12	2.10399783871618e-12	-2.10399783871618e-12
16610.988999	49.917693	-62.911467	7.89548676548107e-12	1.77187251231939e-12	-1.77187251231939e-12
16718.054285	30.608367	-57.147593	1.00886139336865e-11	2.27231470356643e-12	-2.27231470356643e-12
16785.882017	40.507394	-37.219366	1.14765135811837e-11	2.56623689885326e-12	-2.56623689885326e-12
16897.016633	44.709199	-70.627221	8.8367200175362e-12	1.89644289794666e-12	-1.89644289794666e-12
17017.640136	64.495255	-75.914305	6.84464751588427e-12	1.5586453899441e-12	-1.5586453899441e-12
17145.650132	56.836339	-63.514741	8.6471882829455e-12	1.94056644632034e-12	-1.94056644632034e-12
17276.786123	53.573428	-74.299652	8.65495094894415e-12	1.97089046679602e-12	-1.97089046679602e-12
17411.023402	84.818990	-80.663850	6.73102278486802e-12	1.50511909524606e-12	-1.50511909524606e-12
17563.994223	74.765189	-68.151831	7.18995965410589e-12	1.62536299074126e-12	-1.62536299074126e-12
17681.117285	42.890887	-42.357873	1.16593182014054e-11	2.60708670523311e-12	-2.60708670523311e-12
17790.288230	79.144302	-66.280058	7.00031285514723e-12	1.56531509030082e-12	-1.56531509030082e-12
17931.717672	32.992939	-62.285141	1.09417896772884e-11	2.46449436338339e-12	-2.46449436338339e-12
18014.527010	52.983682	-49.816398	1.0764850264597e-11	2.37360098281345e-12	-2.37360098281345e-12
18114.190747	83.235845	-46.680055	1.12297258791985e-11	2.4352527842813e-12	-2.4352527842813e-12
21456.546547	37.806365	-54.964515	1.17960954487019e-11	2.59119321462488e-12	-2.59119321462488e-12
21540.852031	38.749821	-46.499119	1.18329222144344e-11	2.65512257886697e-12	-2.65512257886697e-12
21625.970755	46.401957	-46.368903	1.01694590054872e-11	2.28981568646783e-12	-2.28981568646783e-12
21727.388812	45.276740	-55.016100	8.85482416519175e-12	1.99380470433137e-12	-1.99380470433137e-12
21814.402939	38.496813	-41.737387	1.08276205841533e-11	2.42110596931031e-12	-2.42110596931031e-12
21889.491588	46.149684	-36.591836	1.02089664018605e-11	2.29073087429622e-12	-2.29073087429622e-12
21987.012181	56.443791	-51.370909	8.255285721126e-12	1.80143688823493e-12	-1.80143688823493e-12
22081.557881	32.103010	-38.101910	1.25565918910859e-11	2.80774650232807e-12	-2.80774650232807e-12
22172.684690	41.268862	-59.023798	9.58296921273607e-12	2.09118748240889e-12	-2.09118748240889e-12
22247.659408	54.050263	-33.705857	1.0675696754147e-11	2.39546726187581e-12	-2.39546726187581e-12
22357.220642	57.318229	-55.510971	8.44611176229978e-12	1.90842852193227e-12	-1.90842852193227e-12
22443.127477	29.079615	-28.588605	1.77506691953254e-11	3.87352571665682e-12	-3.87352571665682e-12
22513.908105	33.518447	-41.701013	1.388518571073e-11	2.97908038712213e-12	-2.97908038712213e-12
22601.692309	56.056103	-54.265757	8.41612399138342e-12	1.88845574713245e-12	-1.88845574713245e-12
22691.085560	39.374991	-33.337149	1.29311503446993e-11	2.89147858020024e-12	-2.89147858020024e-12
22776.083405	37.118486	-45.622854	1.1527284498652e-11	2.58652107673626e-12	-2.58652107673626e-12
22857.694709	35.741282	-44.492818	1.176442441536e-11	2.6305988621326e-12	-2.6305988621326e-12
22941.560988	42.138344	-48.124996	1.00201938324386e-11	2.24059474503015e-12	-2.24059474503015e-12
23052.637645	36.368947	-68.938313	8.0912624985107e-12	1.81553634242444e-12	-1.81553634242444e-12
23141.020368	35.742304	-52.013776	9.59071923607204e-12	2.15949534996246e-12	-2.15949534996246e-12
23216.495214	32.979618	-39.732542	1.21004165914391e-11	2.70572179991613e-12	-2.70572179991613e-12
23315.399030	41.890422	-65.924198	8.42846662086922e-12	1.91782064656541e-12	-1.91782064656541e-12
23395.013406	37.495546	-37.723954	1.21962174561205e-11	2.73662221019132e-12	-2.73662221019132e-12
23495.285053	50.053219	-62.776101	7.92427307615652e-12	1.77808611064819e-12	-1.77808611064819e-12
23603.734947	54.432624	-58.396676	7.65585117808892e-12	1.72984459003578e-12	-1.72984459003578e-12
23692.504456	40.882695	-34.336885	1.1227314519422e-11	2.53682972206748e-12	-2.53682972206748e-12
23781.875674	61.833478	-48.488522	7.708611474075e-12	1.72369571822162e-12	-1.72369571822162e-12
23911.784416	79.856616	-68.075264	9.46783085038046e-12	1.65508460162486e-12	-1.65508460162486e-12
27238.387873	42.411219	-57.881601	1.03998657528929e-11	2.22428719198798e-12	-2.22428719198798e-12
27354.739048	71.484684	-73.939956	6.53492509801399e-12	1.46634689484102e-12	-1.46634689484102e-12
27506.557653	45.032098	-80.333922	7.63825811608299e-12	1.72596213233319e-12	-1.72596213233319e-12
27618.383456	66.094276	-66.793704	7.30678422300436e-12	1.64527312339204e-12	-1.64527312339204e-12
27755.159569	62.206042	-70.681838	7.0558558520155e-12	1.59433660938863e-12	-1.59433660938863e-12
27864.239570	40.882162	-46.873958	1.04791629637121e-11	2.3432046129904e-12	-2.3432046129904e-12
27964.776395	60.696557	-59.654663	7.33678785737285e-12	1.66365547808693e-12	-1.66365547808693e-12
28076.173256	57.114276	-50.700304	9.33840961466513e-12	1.99725579302187e-12	-1.99725579302187e-12
28188.430452	62.700900	-55.142920	7.97577489031119e-12	1.79590936487171e-12	-1.79590936487171e-12
28299.633639	39.253792	-48.502288	1.08170567703062e-11	2.42718220744064e-12	-2.42718220744064e-12
28382.001569	39.627203	-43.114137	1.12728096673702e-11	2.52944916614602e-12	-2.52944916614602e-12
28477.190468	49.745524	-55.561696	9.11480694954737e-12	1.99563209886814e-12	-1.99563209886814e-12
28587.215257	60.071895	-60.279265	7.60326937299576e-12	1.70608544184387e-12	-1.70608544184387e-12
28701.176855	53.924837	-53.889703	9.50089065072354e-12	2.03846630811766e-12	-2.03846630811766e-12
28804.227797	73.732355	-49.126105	7.71445842257053e-12	1.73708568040306e-12	-1.73708568040306e-12
28997.031241	53.933751	-119.071089	5.76005872799403e-12	1.29246771091747e-12	-1.29246771091747e-12
29101.154376	45.088636	-50.189384	1.13255100992374e-11	2.47143563540708e-12	-2.47143563540708e-12
29194.245675	47.275377	-48.002663	1.06843675325085e-11	2.39742166467835e-12	-2.39742166467835e-12
29311.445737	60.455875	-69.924685	7.47115358338761e-12	1.68819904078661e-12	-1.68819904078661e-12
29430.789750	71.492402	-58.888138	7.19375846759307e-12	1.6255051088163e-12	-1.6255051088163e-12
29613.680727	151.188245	-111.398575	7.60293302688358e-12	1.24244194829545e-12	-1.24244194829545e-12
33060.506896	70.768256	-97.222084	7.04872011718801e-12	1.55941592864409e-12	-1.55941592864409e-12
33208.729736	47.911455	-77.454585	8.53303414174176e-12	1.92178526930665e-12	-1.92178526930665e-12
33327.075609	59.946263	-70.434417	7.54974128970989e-12	1.69425558681987e-12	-1.69425558681987e-12
33458.695418	81.272933	-71.673547	5.83741082894595e-12	1.32902973652953e-12	-1.32902973652953e-12
33610.149472	80.257980	-70.181120	6.12763403603964e-12	1.39509924075857e-12	-1.39509924075857e-12
33772.871136	70.482676	-82.463684	6.28002593704674e-12	1.41948935633941e-12	-1.41948935633941e-12
33924.693277	51.548294	-81.339466	7.63580944972461e-12	1.71356622103845e-12	-1.71356622103845e-12
34061.024412	73.178040	-84.782840	7.05453345436747e-12	1.56066289571819e-12	-1.56066289571819e-12
34219.920734	77.257237	-85.718283	6.6987385625214e-12	1.51963336704095e-12	-1.51963336704095e-12
34363.350591	49.163861	-66.172619	9.13434658374605e-12	2.05720449931531e-12	-2.05720449931531e-12
34513.053700	95.031372	-100.539248	5.39448193317284e-12	1.18931360555074e-12	-1.18931360555074e-12
34758.372141	145.562871	-150.287069	5.67164305634131e-12	9.62744959830942e-13	-9.62744959830942e-13
35105.632914	92.077258	-113.522662	3.36111132979604e-12	8.84686049622653e-13	-8.84686049622653e-13
35259.997038	63.079134	-62.286866	7.21239576832028e-12	1.63613249757206e-12	-1.63613249757206e-12
35410.091719	149.222425	-87.015547	5.75246090670919e-12	1.2230085459783e-12	-1.2230085459783e-12
38814.934963	64.459169	-68.428860	7.84188589222832e-12	1.76570933260946e-12	-1.76570933260946e-12
38958.349139	63.962293	-78.955007	7.20122292452413e-12	1.61583162106001e-12	-1.61583162106001e-12
39119.049151	113.877141	-96.737719	4.64125049380046e-12	1.05236423929663e-12	-1.05236423929663e-12
39321.241526	74.660426	-88.315234	4.30575495340716e-12	1.12208211456599e-12	-1.12208211456599e-12
39473.603899	70.229773	-77.701947	6.18831730080774e-12	1.40806766353382e-12	-1.40806766353382e-12
39632.141523	84.696929	-88.307852	3.88956139919874e-12	1.02796778591062e-12	-1.02796778591062e-12
39823.854361	86.047330	-107.015910	4.62814993337004e-12	1.04940045596477e-12	-1.04940045596477e-12
40023.595785	101.934967	-113.694093	3.04504536448046e-12	8.08582016594052e-13	-8.08582016594052e-13
40215.141103	63.335829	-89.610351	5.8045731586162e-12	1.30698523303767e-12	-1.30698523303767e-12
40376.609892	67.349820	-98.132960	5.30639252084992e-12	1.20319019270847e-12	-1.20319019270847e-12
40553.576020	138.594883	-109.616309	4.43142176930526e-12	9.01577766401587e-13	-9.01577766401587e-13
44649.883518	80.189134	-120.396286	3.69681304369919e-12	9.65662846461612e-13	-9.65662846461612e-13
44818.115189	79.947843	-88.042537	4.7510941024735e-12	1.19098581996165e-12	-1.19098581996165e-12
44965.955724	110.126848	-67.892692	4.58162677370375e-12	1.11121386295186e-12	-1.11121386295186e-12
45171.598929	54.922683	-95.516357	6.08435329084823e-12	1.36941982158294e-12	-1.36941982158294e-12
45289.485950	105.025822	-62.964338	4.14065060083522e-12	1.0436452033814e-12	-1.0436452033814e-12
45474.469793	85.524699	-79.958021	3.9526402859879e-12	1.03250634808347e-12	-1.03250634808347e-12
45705.755096	137.565856	-145.760604	2.35560342180844e-12	6.08214249413125e-13	-6.08214249413125e-13
45934.911407	134.067725	-91.590455	3.94382031217065e-12	8.89555131451107e-13	-8.89555131451107e-13
46148.382169	113.660183	-79.403037	3.92387656243891e-12	9.66431588924783e-13	-9.66431588924783e-13
46448.053687	200.113145	-186.011335	3.2937350505978e-12	6.27393449446159e-13	-6.27393449446159e-13
50465.499591	195.102381	-150.907439	3.05006135723696e-12	7.95247956545094e-13	-7.95247956545094e-13
50777.965875	188.528656	-117.363904	3.48881100325629e-12	9.03732831698381e-13	-9.03732831698381e-13
51195.943010	174.229082	-229.448478	2.73870051725641e-12	7.187871783364e-13	-7.187871783364e-13
51555.045676	110.989196	-184.873584	3.88630867383515e-12	1.02332453427263e-12	-1.02332453427263e-12
51762.183219	152.075573	-96.148347	4.80680942608158e-12	1.24921664189211e-12	-1.24921664189211e-12
52053.840122	171.325570	-139.581330	3.92668109415076e-12	1.02719285696179e-12	-1.02719285696179e-12
52452.182147	179.155204	-227.016456	4.58229665267304e-12	9.80902738570208e-13	-9.80902738570208e-13
56276.644082	92.220510	-135.945090	3.8760389495588e-12	1.00412197718191e-12	-1.00412197718191e-12
56437.791739	91.540972	-68.927148	5.50536139720446e-12	1.43092729837519e-12	-1.43092729837519e-12
56705.892089	101.752383	-176.559377	2.91143872525941e-12	7.59221059629081e-13	-7.59221059629081e-13
56908.835280	81.842971	-101.190809	4.15669660812981e-12	1.0768096603181e-12	-1.0768096603181e-12
57118.105064	68.143368	-127.426812	3.611740874593e-12	9.38724046168412e-13	-9.38724046168412e-13
57387.859411	89.236981	-201.610979	2.35559349194191e-12	6.10205290372546e-13	-6.10205290372546e-13
57608.195278	104.588254	-131.098886	2.87247308383615e-12	7.49079625351948e-13	-7.49079625351948e-13
57835.659077	145.406755	-122.875545	2.50071582736662e-12	6.54297721506329e-13	-6.54297721506329e-13
58062.689997	81.351114	-81.624165	4.12033660199416e-12	1.07092789628664e-12	-1.07092789628664e-12
58232.592146	99.497486	-88.551034	4.02460393116097e-12	9.87601188938479e-13	-9.87601188938479e-13
58461.804513	178.672578	-129.714882	2.83401584689878e-12	6.54958443400809e-13	-6.54958443400809e-13
61999.277400	64.577792	-75.831808	6.52265228528182e-12	1.46571029221516e-12	-1.46571029221516e-12
62211.675899	90.374073	-147.820707	2.89219286458326e-12	7.49186719496121e-13	-7.49186719496121e-13
62471.416566	101.423125	-169.366595	2.54216810048727e-12	6.58529847225765e-13	-6.58529847225765e-13
62648.127406	97.716686	-75.287714	3.96624059376502e-12	1.03081196448001e-12	-1.03081196448001e-12
62857.891534	88.537298	-112.047442	3.41039829007174e-12	8.89268634251249e-13	-8.89268634251249e-13
63076.361589	80.681163	-129.932757	3.25119022624495e-12	8.50583766707558e-13	-8.50583766707558e-13
63262.909702	89.703130	-105.866950	3.56239458584121e-12	9.19810215390148e-13	-9.19810215390148e-13
63571.792166	79.190506	-219.179334	2.30127241423169e-12	6.08093241678937e-13	-6.08093241678937e-13
63801.756195	165.147717	-150.773523	2.22183681267378e-12	5.77441070893149e-13	-5.77441070893149e-13
64099.846327	92.715685	-132.942415	3.08655119319478e-12	8.07514684861661e-13	-8.07514684861661e-13
64320.714033	157.670259	-128.152021	2.55770612040392e-12	6.55842536225044e-13	-6.55842536225044e-13
67903.522684	144.580568	-196.414101	1.82989428419522e-12	4.85594310687717e-13	-4.85594310687717e-13
68179.992686	204.090265	-131.889435	1.87782024778234e-12	4.89832448378155e-13	-4.89832448378155e-13
68504.827158	112.435593	-120.744207	2.71515167832093e-12	7.03431787598907e-13	-7.03431787598907e-13
68731.299877	109.113355	-114.037125	2.84509394371662e-12	7.39589255437804e-13	-7.39589255437804e-13
69042.001956	164.478235	-201.588725	1.73478889378182e-12	4.54039164281172e-13	-4.54039164281172e-13
69297.984100	76.485791	-91.503909	3.84211608474031e-12	9.95392368124022e-13	-9.95392368124022e-13
69500.559508	89.539084	-126.089616	2.99953925420222e-12	7.79735356259876e-13	-7.79735356259876e-13
69903.285999	336.195585	-313.187407	1.83221356964009e-12	3.54764023497766e-13	-3.54764023497766e-13
95643.375383	3350.060728	-3219.818492	8.1885966053982e-13	1.58473139816873e-13	-1.58473139816873e-13
107464.533460	3110.050612	-3520.959648	5.19148349780652e-13	1.14075910589593e-13	-1.14075910589593e-13
121357.642651	11775.404101	-6271.455459	4.06748293260449e-13	9.1592529975484e-14	-9.1592529975484e-14
151685.568110	10727.480202	-1859.200298	2.28583138142519e-13	6.14448630402946e-14	-6.14448630402946e-14
179992.899450	5880.756202	-13022.932378	2.22798080945678e-13	4.72689330854995e-14	-4.72689330854995e-14
200486.611544	18747.829547	-9863.205653	9.52590403508707e-14	2.63421246181657e-14	-2.63421246181657e-14
254936.992785	22497.382267	-30846.825913	6.67378919741002e-14	1.69811313116196e-14	-1.69811313116196e-14
287892.596271	6941.763741	-6134.002019	1.8013023930722e-13	4.94385934708608e-14	-4.94385934708608e-14
316500.315958	19536.504853	-17299.359807	1.11153641510172e-13	2.76005097814515e-14	-2.76005097814515e-14
370120.019674	11413.108618	-19001.631982	9.12843658944347e-14	2.46760338832146e-14	-2.46760338832146e-14
441540.164239	32633.437733	-55643.820608	4.83980074166018e-14	1.35014049210306e-14	-1.35014049210306e-14
538162.298052	155732.349600	-59748.704420	1.84110520049409e-14	5.71083557560668e-15	-5.71083557560668e-15
728872.776538	45943.126814	-30790.005306	4.21067578261149e-14	1.21035619662112e-14	-1.21035619662112e-14
