READ TERR 1 2
NO	NO	NO	NO	NO	NO
!Time	Poserr	Negerr	Flux	PosErr	NegErr
!XRT pc mode data
2755.828484	28.325188	-44.387032	1.44936111223892e-11	3.16274026349506e-12	-3.16274026349506e-12
2804.063022	22.715029	-19.909351	2.2395760284014e-11	5.00785007622704e-12	-5.00785007622704e-12
2859.393266	42.604366	-32.615214	1.18736875965337e-11	2.6774891187045e-12	-2.6774891187045e-12
2934.023735	35.671457	-32.026103	1.3134177614577e-11	2.96172580273425e-12	-2.96172580273425e-12
2997.057417	25.291495	-27.362225	2.06914897214881e-11	4.5152620357346e-12	-4.5152620357346e-12
3050.765941	24.236671	-28.417029	2.22773215521426e-11	4.98137888036955e-12	-4.98137888036955e-12
3116.197735	36.531737	-41.195123	1.38419878908131e-11	3.13457664851685e-12	-3.13457664851685e-12
3193.025207	34.923825	-40.295735	1.25358813047594e-11	2.81489411355457e-12	-2.81489411355457e-12
3281.895378	33.809854	-53.946346	9.17694275255792e-12	2.0606619621398e-12	-2.0606619621398e-12
3361.259063	39.695049	-45.553831	9.4448585094407e-12	2.11195094918617e-12	-2.11195094918617e-12
3441.362024	47.348308	-40.407912	9.55879876169189e-12	2.14640246968845e-12	-2.14640246968845e-12
3565.278654	61.334318	-76.568322	6.43857733825347e-12	1.45804595842384e-12	-1.45804595842384e-12
3695.495901	51.468511	-68.882929	7.11644846273034e-12	1.59797345828094e-12	-1.59797345828094e-12
3770.126355	29.491816	-23.161944	1.59321704339806e-11	3.5625505058587e-12	-3.5625505058587e-12
3840.764389	46.610063	-41.146217	9.31323912014292e-12	2.09125123586725e-12	-2.09125123586725e-12
3942.540297	55.156375	-55.165845	1.53070139138697e-11	3.4511978729441e-12	-3.4511978729441e-12
4090.594179	62.556573	-92.897507	1.12783092067085e-11	2.49968681720176e-12	-2.49968681720176e-12
4192.196338	36.174153	-39.045587	1.15382587834005e-11	2.60182096675038e-12	-2.60182096675038e-12
4260.612642	30.440970	-32.242150	1.51024550355229e-11	3.3088503625098e-12	-3.3088503625098e-12
4349.070229	29.739783	-58.016617	1.12098365640251e-11	2.46585848000473e-12	-2.46585848000473e-12
4425.840473	40.725899	-47.030461	1.1254983747982e-11	2.45606185730276e-12	-2.45606185730276e-12
4500.621776	38.657036	-34.055404	1.27644765071827e-11	2.87835509505906e-12	-2.87835509505906e-12
4581.721089	32.777523	-42.442277	1.19082065585463e-11	2.68527472768066e-12	-2.68527472768066e-12
4647.412491	39.798561	-32.913879	1.19866509018233e-11	2.69157881018263e-12	-2.69157881018263e-12
4735.658800	49.337951	-48.447749	9.07568981567829e-12	1.98840962262541e-12	-1.98840962262541e-12
4813.179503	26.978408	-28.182752	1.51500566751205e-11	3.38767428058496e-12	-3.38767428058496e-12
4886.618132	33.774159	-46.460221	1.01319344060419e-11	2.29441353873772e-12	-2.29441353873772e-12
4978.085162	50.122109	-57.692871	7.46379166385669e-12	1.69021301905833e-12	-1.69021301905833e-12
5074.639335	48.836116	-46.432064	9.44428885020445e-12	2.01351856949609e-12	-2.01351856949609e-12
8623.393732	50.100999	-57.713701	8.93327484225901e-12	2.00460870828371e-12	-2.00460870828371e-12
8721.588886	44.676686	-48.094154	1.01399204036717e-11	2.29164212642402e-12	-2.29164212642402e-12
8812.143028	34.356804	-45.877456	1.17602989328811e-11	2.58367368547778e-12	-2.58367368547778e-12
8880.328005	28.854886	-33.828174	1.39088605608548e-11	3.11012582254517e-12	-3.11012582254517e-12
8958.661155	53.321857	-49.478263	8.42645654209447e-12	1.91806512080142e-12	-1.91806512080142e-12
9070.197995	72.165717	-58.214983	7.01227605898637e-12	1.59044807996396e-12	-1.59044807996396e-12
9220.514652	62.259100	-78.150940	7.25590525126695e-12	1.59408525429597e-12	-1.59408525429597e-12
9342.522847	48.065785	-59.749095	8.94422501753287e-12	2.01423353866625e-12	-2.01423353866625e-12
9446.449382	59.476129	-55.860751	8.26135656539842e-12	1.87375136613106e-12	-1.87375136613106e-12
9588.816302	75.070589	-82.890791	5.809521081527e-12	1.31296072992238e-12	-1.31296072992238e-12
9733.834319	82.999353	-69.947427	5.74684096085206e-12	1.29878884110007e-12	-1.29878884110007e-12
9907.454613	82.384539	-90.620941	4.94184099270314e-12	1.12895538210103e-12	-1.12895538210103e-12
10055.988684	51.694788	-66.149532	7.90663075722443e-12	1.73119812495289e-12	-1.73119812495289e-12
10212.812096	105.486856	-105.128624	4.21149420876625e-12	9.65564597278003e-13	-9.65564597278003e-13
10407.215327	48.986625	-88.916375	6.96662517052885e-12	1.52535715427047e-12	-1.52535715427047e-12
10495.792362	43.151389	-39.590411	1.09575677161102e-11	2.46761487008306e-12	-2.46761487008306e-12
10619.459463	64.909208	-80.515712	6.18336449779293e-12	1.39249407918733e-12	-1.39249407918733e-12
10788.010211	114.473420	-103.641540	6.16456964793062e-12	1.14212327901511e-12	-1.14212327901511e-12
14432.495391	77.189521	-78.264308	6.12146319223523e-12	1.38039290434717e-12	-1.38039290434717e-12
14585.557017	79.581755	-75.872105	6.10231229022751e-12	1.37608434302669e-12	-1.37608434302669e-12
14760.355066	62.744866	-95.216294	5.6255792855986e-12	1.27944002475101e-12	-1.27944002475101e-12
14928.542476	42.489435	-105.442545	5.95406321023965e-12	1.32581452282461e-12	-1.32581452282461e-12
15075.104828	99.020124	-104.072916	4.01552818496418e-12	9.29133573640887e-13	-9.29133573640887e-13
15259.548612	70.030380	-85.423660	5.4334290403714e-12	1.22524047085735e-12	-1.22524047085735e-12
15426.500646	68.561726	-96.921654	5.42702703256716e-12	1.18905006161497e-12	-1.18905006161497e-12
15574.196867	103.900205	-79.134495	4.78318035418229e-12	1.08320068527139e-12	-1.08320068527139e-12
15769.619436	101.541696	-91.522364	4.69986653602517e-12	1.07347271543811e-12	-1.07347271543811e-12
15918.024348	53.429864	-46.863216	9.30773226341789e-12	2.08125819405758e-12	-2.08125819405758e-12
16074.523653	97.516719	-103.069441	4.3471522243234e-12	9.92906109849665e-13	-9.92906109849665e-13
16240.056482	82.423469	-68.016111	5.59139675811994e-12	1.26085925084077e-12	-1.26085925084077e-12
16402.811075	50.049837	-80.331123	6.20647300198909e-12	1.41758673892655e-12	-1.41758673892655e-12
16548.132497	132.872987	-95.271585	3.61617147382078e-12	8.19317100003435e-13	-8.19317100003435e-13
20251.516004	121.570067	-124.147213	3.31195723960069e-12	8.77109651025424e-13	-8.77109651025424e-13
20485.128676	65.977116	-112.042604	4.55317898522288e-12	1.19268904541701e-12	-1.19268904541701e-12
20647.809443	111.403969	-96.703651	4.87083519392702e-12	1.1039399482291e-12	-1.1039399482291e-12
20856.135814	138.765858	-96.922402	2.94335282314523e-12	7.76648102411697e-13	-7.76648102411697e-13
21089.219102	88.717170	-94.317430	3.52769532923397e-12	9.20733834033751e-13	-9.20733834033751e-13
21288.027422	115.568010	-110.091150	2.90529428763613e-12	7.55534020248898e-13	-7.55534020248898e-13
21494.027287	95.110185	-90.431855	4.02851071726351e-12	9.89554873287896e-13	-9.89554873287896e-13
21673.734820	93.422812	-84.597348	3.77470285762345e-12	9.78142276894235e-13	-9.78142276894235e-13
21872.090473	75.594659	-104.932841	3.96640128188614e-12	1.00851121237743e-12	-1.00851121237743e-12
22061.179917	112.164595	-113.494785	2.97276655349703e-12	7.84380667299263e-13	-7.84380667299263e-13
22302.253354	156.904438	-128.908842	3.30709975427143e-12	7.29288952191353e-13	-7.29288952191353e-13
25942.737638	115.236233	-155.554147	2.56209432652544e-12	6.78753784932917e-13	-6.78753784932917e-13
26354.158523	170.176989	-296.184651	1.58015694767718e-12	4.03350815678217e-13	-4.03350815678217e-13
26737.098741	170.857131	-212.763229	1.78902945970261e-12	4.70682537510064e-13	-4.70682537510064e-13
27138.215193	348.932819	-230.259321	1.20725022462126e-12	3.15451290060406e-13	-3.15451290060406e-13
27851.119858	388.203034	-363.971846	1.39220896597152e-12	3.00688056567009e-13	-3.00688056567009e-13
32057.508980	536.174852	-486.811108	1.1310484155151e-12	3.07206419643796e-13	-3.07206419643796e-13
33071.167647	949.162325	-477.483815	1.18138705827761e-12	2.67647172928419e-13	-2.67647172928419e-13
38501.182914	1295.296117	-888.562183	5.63126692074343e-13	1.1485365674626e-13	-1.1485365674626e-13
44460.691218	1115.477134	-687.271566	5.70113839986708e-13	1.25263009130634e-13	-1.25263009130634e-13
50696.390080	659.241532	-850.153068	4.61590597017703e-13	1.17948702618958e-13	-1.17948702618958e-13
67245.891191	11591.500381	-11347.536919	1.41154724162601e-13	3.78220101237605e-14	-3.78220101237605e-14
96371.082716	104687.774956	-16704.656364	3.94830622561147e-14	1.22677388005424e-14	-1.22677388005424e-14
287680.272917	341238.609295	-82437.517585	1.21779229940494e-14	4.35691086590623e-15	-4.35691086590623e-15
