READ TERR 1 2
NO	NO	NO	NO	NO	NO
!Time	Poserr	Negerr	Flux	PosErr	NegErr
!XRT wt mode data
79.799125	0.326027	-0.309123	1.49721568184073e-08	1.83244913715162e-09	-1.83244913715162e-09
80.373062	0.255585	-0.247911	1.95869495636087e-08	2.34514725903667e-09	-2.34514725903667e-09
81.032137	0.311721	-0.403490	1.23196061794495e-08	1.62609634437039e-09	-1.62609634437039e-09
81.753875	0.339014	-0.410017	1.23941866793483e-08	1.5169301329593e-09	-1.5169301329593e-09
82.349912	0.289171	-0.257023	1.71555091763735e-08	2.08041105662063e-09	-2.08041105662063e-09
83.017734	0.331222	-0.378651	1.31811938369445e-08	1.6132523131625e-09	-1.6132523131625e-09
83.638478	0.322501	-0.289522	1.53726007916653e-08	1.88145962904818e-09	-1.88145962904818e-09
84.270981	0.271773	-0.310003	1.61695828900397e-08	1.97900264991305e-09	-1.97900264991305e-09
84.976724	0.377306	-0.433970	1.14863464998503e-08	1.41890195604006e-09	-1.41890195604006e-09
85.688601	0.375294	-0.334571	1.31982081696386e-08	1.61533471648093e-09	-1.61533471648093e-09
86.428809	0.355633	-0.364915	1.30905154295823e-08	1.5874581995552e-09	-1.5874581995552e-09
87.203353	0.306981	-0.418910	1.29857293571814e-08	1.57475098941295e-09	-1.57475098941295e-09
87.963252	0.363695	-0.452918	1.15326304200127e-08	1.39853684918867e-09	-1.39853684918867e-09
88.665859	0.383417	-0.338912	1.30204369698164e-08	1.57895989871722e-09	-1.57895989871722e-09
89.550188	0.408224	-0.500913	1.01698697889423e-08	1.26995873661032e-09	-1.26995873661032e-09
90.353278	0.325683	-0.394867	1.27963946508602e-08	1.58073149768882e-09	-1.58073149768882e-09
91.186314	0.396447	-0.507353	1.0187321264162e-08	1.25843409101075e-09	-1.25843409101075e-09
91.969453	0.312522	-0.386692	1.34154810104374e-08	1.64192686120561e-09	-1.64192686120561e-09
92.688573	0.360209	-0.406597	1.23584478444263e-08	1.51255609462108e-09	-1.51255609462108e-09
93.339356	0.371263	-0.290575	1.43705246150273e-08	1.75881509760423e-09	-1.75881509760423e-09
94.044827	0.377446	-0.334208	1.32469244918356e-08	1.6212971051564e-09	-1.6212971051564e-09
94.782388	0.294593	-0.360115	1.43743162920514e-08	1.74314189345901e-09	-1.74314189345901e-09
95.513748	0.451013	-0.436767	1.04921012725378e-08	1.28413302972825e-09	-1.28413302972825e-09
96.390325	0.563634	-0.425564	9.29058372468199e-09	1.15839774540499e-09	-1.15839774540499e-09
97.399720	0.401122	-0.445761	1.08700322362553e-08	1.35533148560034e-09	-1.35533148560034e-09
98.209659	0.357990	-0.408817	1.09647661013736e-08	1.36714340814752e-09	-1.36714340814752e-09
98.834186	0.279656	-0.266537	9.47016230283614e-09	1.17035544546099e-09	-1.17035544546099e-09
99.387227	0.260355	-0.273385	9.60849146919254e-09	1.19882507886878e-09	-1.19882507886878e-09
99.892249	0.260607	-0.244667	1.20412349079573e-08	1.37696614457499e-09	-1.37696614457499e-09
100.408192	0.260612	-0.255336	1.16200183901071e-08	1.34651624019786e-09	-1.34651624019786e-09
100.933316	0.262092	-0.264512	1.04843314018141e-08	1.26465177906788e-09	-1.26465177906788e-09
101.453091	0.299187	-0.257683	9.58729168174294e-09	1.16262986429511e-09	-1.16262986429511e-09
102.018084	0.251920	-0.265807	1.01798835476407e-08	1.23449221656197e-09	-1.23449221656197e-09
102.540318	0.236739	-0.270313	1.08655310902159e-08	1.29197211052597e-09	-1.29197211052597e-09
103.064219	0.237676	-0.287162	9.99119610659878e-09	1.21161047808676e-09	-1.21161047808676e-09
103.559616	0.277788	-0.257720	1.01535317102565e-08	1.21593686286229e-09	-1.21593686286229e-09
104.148777	0.238377	-0.311372	9.46409004826358e-09	1.15856660160278e-09	-1.15856660160278e-09
104.642236	0.250190	-0.255083	1.0366906614849e-08	1.27150999498681e-09	-1.27150999498681e-09
105.133645	0.269409	-0.241218	1.04155180386455e-08	1.25388099588067e-09	-1.25388099588067e-09
105.661241	0.255982	-0.258188	1.21508167770233e-08	1.35009075300259e-09	-1.35009075300259e-09
106.200155	0.240134	-0.282932	9.99144119548375e-09	1.22312337174506e-09	-1.22312337174506e-09
106.709698	0.237642	-0.269410	1.29839871339441e-08	1.41666912494474e-09	-1.41666912494474e-09
107.197157	0.253679	-0.249816	1.11801085927269e-08	1.32683479075659e-09	-1.32683479075659e-09
107.724656	0.252803	-0.273820	1.01603809516915e-08	1.23212714292475e-09	-1.23212714292475e-09
108.230023	0.277618	-0.252564	1.02708621391991e-08	1.22760283008555e-09	-1.22760283008555e-09
108.725515	0.287399	-0.217874	1.24261212746598e-08	1.38300681678672e-09	-1.38300681678672e-09
109.317921	0.280329	-0.305006	8.8830975279467e-09	1.08744313539217e-09	-1.08744313539217e-09
109.926835	0.267425	-0.328585	8.72411209879505e-09	1.06798059074656e-09	-1.06798059074656e-09
110.456643	0.289148	-0.262383	9.50440645068309e-09	1.1525785576414e-09	-1.1525785576414e-09
111.054823	0.333235	-0.309032	8.11093569826624e-09	9.92917299806036e-10	-9.92917299806036e-10
111.697205	0.352690	-0.309147	7.94161727600355e-09	9.63062553603796e-10	-9.63062553603796e-10
112.326087	0.252211	-0.276192	1.30625879923589e-08	1.39464045211562e-09	-1.39464045211562e-09
112.859222	0.256364	-0.280924	9.7573759998013e-09	1.2174009893972e-09	-1.2174009893972e-09
113.366302	0.274120	-0.250715	1.02492464702615e-08	1.25468314488568e-09	-1.25468314488568e-09
113.961623	0.301482	-0.321202	8.6143577686458e-09	1.0446443309597e-09	-1.0446443309597e-09
114.548654	0.249963	-0.285548	9.8108088984556e-09	1.2010109441571e-09	-1.2010109441571e-09
115.064870	0.239020	-0.266253	1.14510843114745e-08	1.33593649314638e-09	-1.33593649314638e-09
115.552962	0.268657	-0.249072	1.02115385638035e-08	1.25006705664783e-09	-1.25006705664783e-09
116.140967	0.281998	-0.319348	8.95096753836086e-09	1.09575160473963e-09	-1.09575160473963e-09
116.675516	0.281204	-0.252551	1.01413463146301e-08	1.22981885640732e-09	-1.22981885640732e-09
117.219875	0.242119	-0.263154	1.07269827547159e-08	1.2913769342987e-09	-1.2913769342987e-09
117.778318	0.349072	-0.316324	7.91905682517075e-09	9.60326677507341e-10	-9.60326677507341e-10
118.357815	0.283744	-0.230425	1.0143724251163e-08	1.25587807404252e-09	-1.25587807404252e-09
118.947264	0.249385	-0.305705	9.37804250969777e-09	1.14803288911455e-09	-1.14803288911455e-09
119.429592	0.270551	-0.232943	1.04175406301639e-08	1.2633123524069e-09	-1.2633123524069e-09
119.991127	0.274777	-0.290983	9.30868428770117e-09	1.12884378568874e-09	-1.12884378568874e-09
120.540330	0.250408	-0.274426	1.02220824180951e-08	1.23059410718537e-09	-1.23059410718537e-09
121.055320	0.322527	-0.264581	8.98580202497984e-09	1.08968853061616e-09	-1.08968853061616e-09
121.608041	0.310662	-0.230194	9.72664234541724e-09	1.17952861061784e-09	-1.17952861061784e-09
122.190630	0.313409	-0.271927	7.3227187410126e-09	9.89818542980081e-10	-9.89818542980081e-10
122.799498	0.282758	-0.295460	8.94981662080902e-09	1.10604929962531e-09	-1.10604929962531e-09
123.342878	0.290910	-0.260622	9.5893677800121e-09	1.16288164664049e-09	-1.16288164664049e-09
123.947455	0.309030	-0.313667	8.58249650176935e-09	1.05064444078738e-09	-1.05064444078738e-09
124.489490	0.284722	-0.233006	1.088028050351e-08	1.30296865214607e-09	-1.30296865214607e-09
125.011938	0.272886	-0.237726	7.39924763480661e-09	1.06798937851852e-09	-1.06798937851852e-09
125.523351	0.302329	-0.238527	7.09158204036569e-09	1.04695925077479e-09	-1.04695925077479e-09
126.102065	0.337416	-0.276385	8.34510196629558e-09	1.05122330548578e-09	-1.05122330548578e-09
126.704265	0.300980	-0.264783	9.2506661172923e-09	1.15418019049271e-09	-1.15418019049271e-09
127.254481	0.268493	-0.249236	7.237842715744e-09	1.0557478484455e-09	-1.0557478484455e-09
127.794785	0.267256	-0.271811	1.00449475884604e-08	1.21812878485956e-09	-1.21812878485956e-09
128.309916	0.273401	-0.247875	1.02049140884163e-08	1.24925611524696e-09	-1.24925611524696e-09
128.863922	0.251355	-0.280605	9.96597597804871e-09	1.20855207903621e-09	-1.20855207903621e-09
129.355346	0.295451	-0.240069	7.14236713219603e-09	1.02313703015884e-09	-1.02313703015884e-09
129.924650	0.352390	-0.273853	8.31962596662083e-09	1.03801690004255e-09	-1.03801690004255e-09
130.646634	0.281560	-0.369595	8.33281995890543e-09	1.01050287509113e-09	-1.01050287509113e-09
131.261964	0.317392	-0.333770	8.32965147280395e-09	1.01969189271977e-09	-1.01969189271977e-09
131.834510	0.253679	-0.255153	6.93992543877665e-09	1.04941502205321e-09	-1.04941502205321e-09
132.324269	0.295881	-0.236079	6.8634001702388e-09	1.01490257442226e-09	-1.01490257442226e-09
132.903886	0.282028	-0.283736	9.32185999440283e-09	1.13044155128496e-09	-1.13044155128496e-09
133.461143	0.283419	-0.275228	9.3648167363055e-09	1.14641379669621e-09	-1.14641379669621e-09
134.043636	0.293378	-0.299074	8.89512551886055e-09	1.07869244626857e-09	-1.07869244626857e-09
134.632989	0.396108	-0.295976	7.55627252933289e-09	9.25017061419935e-10	-9.25017061419935e-10
135.300554	0.310319	-0.271457	9.07255846279497e-09	1.11063642594537e-09	-1.11063642594537e-09
135.877203	0.267411	-0.266330	7.23734353024295e-09	1.050238018123e-09	-1.050238018123e-09
136.390608	0.307315	-0.245995	7.3941618859576e-09	1.03812274784958e-09	-1.03812274784958e-09
136.996376	0.299337	-0.298452	8.89072595641246e-09	1.08837704046075e-09	-1.08837704046075e-09
137.584944	0.306778	-0.289231	7.37985465559767e-09	9.88553119956781e-10	-9.88553119956781e-10
138.174814	0.302238	-0.283092	8.81633808913109e-09	1.08955357987335e-09	-1.08955357987335e-09
138.728312	0.262900	-0.251260	1.08641645312889e-08	1.2827741779086e-09	-1.2827741779086e-09
139.242402	0.268312	-0.251190	6.74888838483892e-09	1.00905947637517e-09	-1.00905947637517e-09
139.763199	0.268800	-0.252486	1.00703969455502e-08	1.22121497663699e-09	-1.22121497663699e-09
140.298852	0.245539	-0.266852	6.95680705992421e-09	1.02572525587361e-09	-1.02572525587361e-09
140.867350	0.358448	-0.322960	7.70564790894134e-09	9.43303150221411e-10	-9.43303150221411e-10
141.540457	0.290239	-0.314659	8.62912405630488e-09	1.06641700368737e-09	-1.06641700368737e-09
142.139804	0.322472	-0.309109	8.3159488044916e-09	1.01801444435502e-09	-1.01801444435502e-09
142.781835	0.328045	-0.319559	8.03721617231468e-09	9.9326702246509e-10	-9.9326702246509e-10
143.378362	0.243908	-0.268482	6.73633320204562e-09	1.01862897117419e-09	-1.01862897117419e-09
143.879834	0.263723	-0.257563	7.28246891469784e-09	1.04035272308831e-09	-1.04035272308831e-09
144.477723	0.320555	-0.334166	7.97538907065115e-09	9.76324101336059e-10	-9.76324101336059e-10
145.099552	0.305410	-0.301274	8.77518601528508e-09	1.06414762388882e-09	-1.06414762388882e-09
145.663262	0.262986	-0.258300	6.90253057236514e-09	1.04929951949966e-09	-1.04929951949966e-09
146.252075	0.295090	-0.325827	8.8897321582907e-09	1.07019795759716e-09	-1.07019795759716e-09
146.839094	0.289841	-0.291928	6.09229536763144e-09	9.21241358348569e-10	-9.21241358348569e-10
147.464846	0.297448	-0.335911	8.51465005187265e-09	1.03255301044031e-09	-1.03255301044031e-09
147.984547	0.307928	-0.222253	6.63083893164473e-09	1.00267676559558e-09	-1.00267676559558e-09
148.577998	0.298033	-0.285523	9.21314516100082e-09	1.11949056444439e-09	-1.11949056444439e-09
149.085545	0.327785	-0.209513	6.74746275227605e-09	9.97758685103444e-10	-9.97758685103444e-10
149.680004	0.254612	-0.266675	1.00193749281251e-08	1.22654296037309e-09	-1.22654296037309e-09
150.185397	0.259830	-0.250781	6.94442032880872e-09	1.02389890145609e-09	-1.02389890145609e-09
150.751356	0.291660	-0.306129	8.72031987514714e-09	1.06751641814037e-09	-1.06751641814037e-09
151.320781	0.320023	-0.277765	6.08441943134136e-09	8.87503798087915e-10	-8.87503798087915e-10
151.936394	0.250605	-0.295590	6.34463335740612e-09	9.59398425261495e-10	-9.59398425261495e-10
152.498426	0.337955	-0.311428	8.08725846370254e-09	9.99451382852704e-10	-9.99451382852704e-10
153.141427	0.381701	-0.305045	7.76711753700458e-09	9.41901343082988e-10	-9.41901343082988e-10
153.803445	0.292564	-0.280318	6.05894187427745e-09	9.16197834509144e-10	-9.16197834509144e-10
154.403340	0.238863	-0.307331	6.32447995517106e-09	9.56350964162526e-10	-9.56350964162526e-10
154.979951	0.327647	-0.337749	7.87337300554311e-09	9.63835612522642e-10	-9.63835612522642e-10
155.633168	0.272207	-0.325570	8.79316787015853e-09	1.07643425692648e-09	-1.07643425692648e-09
156.161920	0.271849	-0.256545	7.09068179202018e-09	1.03995287519109e-09	-1.03995287519109e-09
156.701585	0.241006	-0.267816	7.33375617765845e-09	1.09325184688914e-09	-1.09325184688914e-09
157.238639	0.248358	-0.296048	7.74382277220444e-09	1.12955262921572e-09	-1.12955262921572e-09
157.792702	0.272513	-0.305705	7.23589111742022e-09	1.07866294351411e-09	-1.07866294351411e-09
158.321052	0.267229	-0.255837	7.2668121867475e-09	1.09884490321542e-09	-1.09884490321542e-09
158.814342	0.291665	-0.226062	7.32151721786664e-09	1.05677001639264e-09	-1.05677001639264e-09
159.351298	0.270659	-0.245290	7.35075691078948e-09	1.05010813011278e-09	-1.05010813011278e-09
159.880857	0.269502	-0.258900	6.74936449646581e-09	9.95139541876074e-10	-9.95139541876074e-10
160.509084	0.308450	-0.358725	5.23992141944284e-09	7.81121357729749e-10	-7.81121357729749e-10
161.068105	0.308077	-0.250570	6.96797218528111e-09	9.85420066477486e-10	-9.85420066477486e-10
161.640420	0.260607	-0.264238	6.69051900190451e-09	9.97363699829896e-10	-9.97363699829896e-10
162.123192	0.324029	-0.222165	6.44113303025832e-09	9.60187408205995e-10	-9.60187408205995e-10
162.812826	0.319361	-0.365606	5.01439800173634e-09	7.6923648838823e-10	-7.6923648838823e-10
163.406727	0.262759	-0.274540	6.81213210836042e-09	9.93651604594011e-10	-9.93651604594011e-10
163.936170	0.254601	-0.266684	6.70275644620152e-09	1.01636363631193e-09	-1.01636363631193e-09
164.461492	0.291488	-0.270721	6.16082123963957e-09	9.31603441816094e-10	-9.31603441816094e-10
165.075136	0.330773	-0.322156	7.12050543363735e-09	9.41090679470464e-10	-9.41090679470464e-10
165.776779	0.299854	-0.370869	5.26943809963062e-09	7.85521439968455e-10	-7.85521439968455e-10
166.395495	0.325183	-0.318863	8.25316991920345e-09	1.01032921673085e-09	-1.01032921673085e-09
167.018855	0.248018	-0.298177	6.79595092015248e-09	9.91291307930188e-10	-9.91291307930188e-10
167.538377	0.303155	-0.271504	6.10566481630416e-09	9.2326302029817e-10	-9.2326302029817e-10
168.185667	0.251875	-0.344135	6.01978408873783e-09	8.8756873725314e-10	-8.8756873725314e-10
168.791944	0.303878	-0.354402	5.09756665574388e-09	7.93421290611424e-10	-7.93421290611424e-10
169.381056	0.333904	-0.285234	5.54055187107986e-09	8.37809931596152e-10	-8.37809931596152e-10
170.012447	0.275374	-0.297487	5.99461806302316e-09	9.06471189193906e-10	-9.06471189193906e-10
170.568002	0.253559	-0.280181	6.43986956974976e-09	9.73799530973443e-10	-9.73799530973443e-10
171.097902	0.243167	-0.276341	6.98354290266232e-09	1.018654405334e-09	-1.018654405334e-09
171.681260	0.262934	-0.340192	5.62348397968889e-09	8.62673677226285e-10	-8.62673677226285e-10
172.294810	0.318338	-0.350616	5.124293862619e-09	7.74865812884438e-10	-7.74865812884438e-10
172.838377	0.326302	-0.225229	6.4322105137073e-09	9.48377688338023e-10	-9.48377688338023e-10
173.518064	0.239067	-0.353385	5.8632661344467e-09	8.74044097961597e-10	-8.74044097961597e-10
174.129942	0.278337	-0.372811	5.22372125661277e-09	8.14978917500947e-10	-8.14978917500947e-10
174.757474	0.405157	-0.349195	4.53941264261649e-09	6.96371094373408e-10	-6.96371094373408e-10
175.510461	0.363818	-0.347830	4.90439118538153e-09	7.4161342915274e-10	-7.4161342915274e-10
176.191501	0.341058	-0.317222	5.25668685102027e-09	8.18187885798095e-10	-8.18187885798095e-10
176.807396	0.271357	-0.274836	6.845637962994e-09	1.02352498516417e-09	-1.02352498516417e-09
177.345859	0.255944	-0.267106	7.67389692664416e-09	1.12254874682408e-09	-1.12254874682408e-09
177.825986	0.330907	-0.224182	6.78083599847684e-09	1.01082734008018e-09	-1.01082734008018e-09
178.442880	0.310023	-0.285987	5.98281741083266e-09	9.04686732953827e-10	-9.04686732953827e-10
179.026591	0.254714	-0.273688	6.80879887290553e-09	1.0068285312051e-09	-1.0068285312051e-09
179.534424	0.261066	-0.253119	6.93560525758771e-09	1.022599167518e-09	-1.022599167518e-09
180.168389	0.365440	-0.372899	4.68218531538373e-09	7.08012714351231e-10	-7.08012714351231e-10
180.810860	0.308305	-0.277031	5.98577353080625e-09	8.92306464614832e-10	-8.92306464614832e-10
181.522395	0.429390	-0.403230	4.21490050786124e-09	6.28320268962809e-10	-6.28320268962809e-10
182.252126	0.325913	-0.300341	5.61363298047605e-09	8.36830971753224e-10	-8.36830971753224e-10
182.900035	0.314934	-0.321996	5.54330010343704e-09	8.26346419046982e-10	-8.26346419046982e-10
183.517022	0.301072	-0.302053	5.89618920213462e-09	8.78952019208028e-10	-8.78952019208028e-10
184.177246	0.308010	-0.359151	8.11632213997398e-09	9.84248617768121e-10	-9.84248617768121e-10
184.761679	0.285758	-0.276423	6.28273429263046e-09	9.50038402018099e-10	-9.50038402018099e-10
185.342698	0.307864	-0.295261	5.78671782176079e-09	8.75033681468322e-10	-8.75033681468322e-10
185.948101	0.223748	-0.297539	6.61266543699129e-09	9.99928702866734e-10	-9.99928702866734e-10
186.501637	0.335608	-0.329788	5.22191609074531e-09	7.784373137864e-10	-7.784373137864e-10
187.137420	0.283380	-0.300176	5.9767383034938e-09	8.90959574784525e-10	-8.90959574784525e-10
187.750652	0.371127	-0.329851	4.93672701612639e-09	7.46503083551088e-10	-7.46503083551088e-10
188.463536	0.275602	-0.341758	5.69059095885188e-09	8.48303175357939e-10	-8.48303175357939e-10
189.115883	0.293988	-0.376745	5.07547824904627e-09	7.89983318340012e-10	-7.89983318340012e-10
189.724381	0.221009	-0.314510	6.44295801486196e-09	9.88385545571769e-10	-9.88385545571769e-10
190.257220	0.333996	-0.311829	5.44635632398015e-09	8.11894843050188e-10	-8.11894843050188e-10
190.942651	0.264144	-0.351435	5.68785055371942e-09	8.4789470152333e-10	-8.4789470152333e-10
191.533552	0.377781	-0.326756	4.94968171468679e-09	7.37855000679715e-10	-7.37855000679715e-10
192.263725	0.305887	-0.352393	5.29153634668732e-09	7.88815695819861e-10	-7.88815695819861e-10
192.858685	0.431476	-0.289072	4.83129200019371e-09	7.20206463086559e-10	-7.20206463086559e-10
193.614617	0.292900	-0.324456	5.63447628628024e-09	8.39938111552523e-10	-8.39938111552523e-10
194.191284	0.310451	-0.283767	5.78081068852126e-09	8.74140465769082e-10	-8.74140465769082e-10
194.769394	0.303439	-0.267658	6.07675830994533e-09	9.05869622641465e-10	-9.05869622641465e-10
195.300620	0.279265	-0.227788	7.29340958253537e-09	1.05271297176838e-09	-1.05271297176838e-09
195.897103	0.293026	-0.317217	5.68121417591255e-09	8.46905403917877e-10	-8.46905403917877e-10
196.502000	0.221868	-0.311872	6.78428175973149e-09	9.89589169026333e-10	-9.89589169026333e-10
197.093257	0.313798	-0.369389	5.01726308061689e-09	7.58681224005702e-10	-7.58681224005702e-10
197.782009	0.338479	-0.374954	4.74950454652699e-09	7.28600380702741e-10	-7.28600380702741e-10
198.414178	0.359251	-0.293690	5.30975337830982e-09	7.91531288946633e-10	-7.91531288946633e-10
199.171449	0.397244	-0.398019	4.21129597775204e-09	6.55475922692221e-10	-6.55475922692221e-10
199.834239	0.285975	-0.265546	6.21535497059686e-09	9.39849740079729e-10	-9.39849740079729e-10
200.363018	0.358542	-0.242804	5.76518944704974e-09	8.59423672700745e-10	-8.59423672700745e-10
200.982647	0.290445	-0.261087	6.46997634834529e-09	9.53945937781928e-10	-9.53945937781928e-10
201.637690	0.345276	-0.364597	4.91705701769218e-09	7.43528657580538e-10	-7.43528657580538e-10
202.396925	0.420444	-0.413959	4.28540143252039e-09	6.38829953821895e-10	-6.38829953821895e-10
203.159884	0.346001	-0.342514	5.25151772204418e-09	7.82850018923376e-10	-7.82850018923376e-10
203.903006	0.296740	-0.397121	5.20799640492451e-09	7.87522785127644e-10	-7.87522785127644e-10
204.718418	0.349545	-0.518672	4.24140558761935e-09	6.32271409093492e-10	-6.32271409093492e-10
205.494941	0.412774	-0.426977	4.27797479479435e-09	6.46890352312057e-10	-6.46890352312057e-10
206.361979	0.303647	-0.454264	4.61625488655777e-09	7.08159130102021e-10	-7.08159130102021e-10
206.974398	0.297912	-0.308772	5.83948598295652e-09	8.70499132548448e-10	-8.70499132548448e-10
207.656564	0.346970	-0.384254	4.70124511562607e-09	7.21197117748075e-10	-7.21197117748075e-10
208.287913	0.272490	-0.284379	6.34255434248386e-09	9.48306540306814e-10	-9.48306540306814e-10
208.925626	0.303730	-0.365223	5.20471490833074e-09	7.75873107983329e-10	-7.75873107983329e-10
209.571540	0.310758	-0.342184	5.38289605638737e-09	8.0482325367839e-10	-8.0482325367839e-10
210.193896	0.298645	-0.311597	5.6249519413227e-09	8.50572434871862e-10	-8.50572434871862e-10
210.751786	0.270937	-0.259245	6.47110180122236e-09	9.78522264947675e-10	-9.78522264947675e-10
211.477369	0.397559	-0.454646	4.02404568069472e-09	6.08492731975987e-10	-6.08492731975987e-10
212.228559	0.359787	-0.353631	4.80475334418137e-09	7.26546797170623e-10	-7.26546797170623e-10
212.902596	0.352920	-0.314249	5.15640283049622e-09	7.79721137389549e-10	-7.79721137389549e-10
213.488804	0.364500	-0.233289	5.84116825352356e-09	8.70749931489101e-10	-8.70749931489101e-10
214.184502	0.366222	-0.331197	4.969107367844e-09	7.51399455150488e-10	-7.51399455150488e-10
214.947402	0.396796	-0.396678	4.40279085951326e-09	6.56329322017636e-10	-6.56329322017636e-10
215.591625	0.320116	-0.247427	6.27509311003848e-09	9.25211973262334e-10	-9.25211973262334e-10
216.262346	0.359270	-0.350605	4.61725879551393e-09	7.40090158583219e-10	-7.40090158583219e-10
217.047833	0.369055	-0.426217	4.41768162115206e-09	6.60509341460973e-10	-6.60509341460973e-10
217.890816	0.412081	-0.473928	3.92387305384107e-09	5.8493646682648e-10	-5.8493646682648e-10
218.866606	0.352544	-0.563709	3.75730817170585e-09	5.68158181783458e-10	-5.68158181783458e-10
219.620310	0.413683	-0.401160	4.28222741991912e-09	6.38356778066565e-10	-6.38356778066565e-10
220.490461	0.438436	-0.456468	3.90783952801767e-09	5.82546296840684e-10	-5.82546296840684e-10
221.330791	0.386258	-0.401894	4.33724945718141e-09	6.65358110440463e-10	-6.65358110440463e-10
222.225559	0.493127	-0.508510	3.44773773643721e-09	5.2134676160015e-10	-5.2134676160015e-10
223.141067	0.296388	-0.422382	4.85297389566586e-09	7.23438634282425e-10	-7.23438634282425e-10
223.816868	0.382056	-0.379413	4.52767195108052e-09	6.84648146480823e-10	-6.84648146480823e-10
224.631808	0.362389	-0.432884	4.38504284751281e-09	6.53683558526608e-10	-6.53683558526608e-10
225.415855	0.371836	-0.421658	4.39466452397514e-09	6.55117916824091e-10	-6.55117916824091e-10
226.177002	0.379274	-0.389311	4.47741567409521e-09	6.77048666152363e-10	-6.77048666152363e-10
226.910186	0.325719	-0.353910	5.05346154144829e-09	7.64154991815459e-10	-7.64154991815459e-10
227.600404	0.318688	-0.364499	5.07566462299166e-09	7.56635395795841e-10	-7.56635395795841e-10
228.309682	0.482965	-0.390589	3.93795153563588e-09	6.04103596301937e-10	-6.04103596301937e-10
229.134671	0.383861	-0.342024	4.88681097301742e-09	7.38955029299429e-10	-7.38955029299429e-10
229.982346	0.455971	-0.463813	3.82664104917341e-09	5.87028009453683e-10	-5.87028009453683e-10
230.739801	0.333655	-0.301484	5.57411885585321e-09	8.30940550996647e-10	-8.30940550996647e-10
231.398763	0.277819	-0.325307	5.71805911511704e-09	8.64651552322328e-10	-8.64651552322328e-10
232.243800	0.432654	-0.567219	3.48168966183818e-09	5.1901966929802e-10	-5.1901966929802e-10
233.125090	0.462281	-0.448636	3.79120298266856e-09	5.73283578325963e-10	-5.73283578325963e-10
234.012820	0.375161	-0.425449	4.37734776423879e-09	6.52536499685578e-10	-6.52536499685578e-10
234.885177	0.394150	-0.497196	3.87886037981266e-09	5.86538623156824e-10	-5.86538623156824e-10
235.801129	0.499421	-0.521802	3.4148821005844e-09	5.09060604449719e-10	-5.09060604449719e-10
236.702671	0.357568	-0.402121	4.52588513972121e-09	6.84377956970653e-10	-6.84377956970653e-10
237.522510	0.443308	-0.462271	3.90528877974646e-09	5.82166063225716e-10	-5.82166063225716e-10
238.376078	0.370779	-0.410260	4.55986590108404e-09	6.89516327814025e-10	-6.89516327814025e-10
239.143074	0.279854	-0.396216	5.41660474143072e-09	8.07459793498134e-10	-8.07459793498134e-10
239.725528	0.304085	-0.302600	5.93059824497845e-09	8.96790480162651e-10	-8.96790480162651e-10
240.572053	0.444973	-0.542440	3.61447518112413e-09	5.38814182806499e-10	-5.38814182806499e-10
241.428566	0.442430	-0.411541	4.09809607572281e-09	6.10908101008437e-10	-6.10908101008437e-10
242.271244	0.327417	-0.400248	4.71053042027108e-09	7.12298887880939e-10	-7.12298887880939e-10
242.941165	0.276635	-0.342504	5.5996996534577e-09	8.34753932511525e-10	-8.34753932511525e-10
243.779779	0.354275	-0.561979	3.78390102305523e-09	5.64070674232019e-10	-5.64070674232019e-10
244.583128	0.349757	-0.449074	4.35282981618843e-09	6.48881563842839e-10	-6.48881563842839e-10
245.421438	0.445472	-0.488553	3.65322198119971e-09	5.60424528361113e-10	-5.60424528361113e-10
246.373751	0.400516	-0.506841	3.87347718908266e-09	5.774238589863e-10	-5.774238589863e-10
247.178762	0.456606	-0.404495	4.19057237342653e-09	6.24693643291382e-10	-6.24693643291382e-10
248.008510	0.338512	-0.373142	5.15050425225975e-09	7.78829170163419e-10	-7.78829170163419e-10
248.687980	0.400943	-0.340959	5.02368409494387e-09	7.48886594046255e-10	-7.48886594046255e-10
249.489530	0.522745	-0.400608	4.00927655779959e-09	5.97667653018729e-10	-5.97667653018729e-10
250.370844	0.452711	-0.358569	4.52985645810854e-09	6.75271154184734e-10	-6.75271154184734e-10
251.089037	0.357215	-0.265482	5.82506765439671e-09	8.68349795807892e-10	-8.68349795807892e-10
251.850274	0.312968	-0.404022	4.96828652463144e-09	7.40628431582649e-10	-7.40628431582649e-10
252.466927	0.438213	-0.303686	4.67831136129199e-09	7.07426973689735e-10	-7.07426973689735e-10
253.242723	0.356279	-0.337583	5.01116684300901e-09	7.4702063518333e-10	-7.4702063518333e-10
254.033058	0.371893	-0.434055	4.30517932399979e-09	6.51004117401824e-10	-6.51004117401824e-10
254.839937	0.314028	-0.434986	4.73012265062395e-09	7.05125015342931e-10	-7.05125015342931e-10
255.575834	0.513955	-0.421869	3.81220181934396e-09	5.68289470392714e-10	-5.68289470392714e-10
256.602249	0.394898	-0.512460	3.93044056845153e-09	5.85915481140399e-10	-5.85915481140399e-10
257.453991	0.544808	-0.456844	3.55949279103376e-09	5.30617844647042e-10	-5.30617844647042e-10
258.484634	0.464220	-0.485835	3.75164894619586e-09	5.59262813292249e-10	-5.59262813292249e-10
259.446986	0.448350	-0.498131	3.72702861074317e-09	5.63579487909311e-10	-5.63579487909311e-10
260.406422	0.398051	-0.511086	3.92881956372495e-09	5.8567384916996e-10	-5.8567384916996e-10
261.252827	0.487469	-0.448354	3.69074405671047e-09	5.7445349081789e-10	-5.7445349081789e-10
262.251741	0.344308	-0.511445	4.1819760200714e-09	6.23412182633875e-10	-6.23412182633875e-10
263.149257	0.565857	-0.553208	3.19955015265934e-09	4.76960751470614e-10	-4.76960751470614e-10
264.178310	0.534898	-0.463196	3.54875742686186e-09	5.36622360227162e-10	-5.36622360227162e-10
265.287581	0.493108	-0.574372	3.35798387490951e-09	5.0057866345936e-10	-5.0057866345936e-10
266.475008	0.497700	-0.694320	2.9908692960898e-09	4.45852438918403e-10	-4.45852438918403e-10
267.350486	0.389028	-0.377778	4.63080484529056e-09	6.90319598097036e-10	-6.90319598097036e-10
268.290068	0.374592	-0.550553	3.82181320425742e-09	5.69722300455485e-10	-5.69722300455485e-10
269.088047	0.256226	-0.423387	5.20973259279686e-09	7.76621085199251e-10	-7.76621085199251e-10
269.747096	0.476068	-0.402823	4.03578060391366e-09	6.01618626591332e-10	-6.01618626591332e-10
270.735942	0.474641	-0.512778	3.60202328457157e-09	5.36957921222673e-10	-5.36957921222673e-10
271.757682	0.604000	-0.547099	3.04818544225841e-09	4.60928795933584e-10	-4.60928795933584e-10
272.966810	0.561984	-0.605127	3.01036950478773e-09	4.48759386201693e-10	-4.48759386201693e-10
273.978941	0.494573	-0.450147	3.6878638145585e-09	5.49754242435981e-10	-5.49754242435981e-10
274.956082	0.378532	-0.482568	4.04352310863834e-09	6.02772866296679e-10	-6.02772866296679e-10
275.810490	0.424366	-0.475876	3.86077104973856e-09	5.83803257413137e-10	-5.83803257413137e-10
276.678005	0.387706	-0.443149	4.27229434431779e-09	6.36876039251801e-10	-6.36876039251801e-10
277.650120	0.443930	-0.584408	3.48422608768098e-09	5.19397743760491e-10	-5.19397743760491e-10
278.722760	0.614864	-0.628711	2.89406556897246e-09	4.32705993754991e-10	-4.32705993754991e-10
279.830316	0.412888	-0.492691	3.77256273597349e-09	5.87188315761552e-10	-5.87188315761552e-10
280.758177	0.573857	-0.514973	3.2302621609445e-09	4.81539047288634e-10	-4.81539047288634e-10
281.859166	0.472741	-0.527132	3.49916815070366e-09	5.21625166861186e-10	-5.21625166861186e-10
282.791266	0.447999	-0.459359	3.83962047663327e-09	5.72376846866877e-10	-5.72376846866877e-10
283.849322	0.601532	-0.610057	2.79701568878155e-09	4.29077753312381e-10	-4.29077753312381e-10
284.930551	0.523734	-0.479697	3.46976932190063e-09	5.17242670557311e-10	-5.17242670557311e-10
285.927556	0.425191	-0.473270	3.84662347510487e-09	5.81663964824701e-10	-5.81663964824701e-10
286.808835	0.638079	-0.456088	3.13354960492673e-09	4.80703907092996e-10	-4.80703907092996e-10
287.796248	0.522442	-0.349334	4.08777897060565e-09	6.09370131164765e-10	-6.09370131164765e-10
288.956463	0.650302	-0.637773	2.82688335848451e-09	4.21406869290655e-10	-4.21406869290655e-10
290.191844	0.501969	-0.585079	3.39307416046522e-09	5.0580958843171e-10	-5.0580958843171e-10
291.149043	0.517955	-0.455230	3.61059528937626e-09	5.53885351941552e-10	-5.53885351941552e-10
292.161229	0.534108	-0.494231	3.40303635693917e-09	5.07294677341651e-10	-5.07294677341651e-10
293.364150	0.553452	-0.668813	2.79357994748009e-09	4.2855065004145e-10	-4.2855065004145e-10
294.494141	0.400205	-0.576538	3.61319436170015e-09	5.38623222339499e-10	-5.38623222339499e-10
295.366424	0.476201	-0.472078	3.70842212053525e-09	5.60765994446674e-10	-5.60765994446674e-10
296.304605	0.347505	-0.461981	4.32604571096903e-09	6.54159378377297e-10	-6.54159378377297e-10
297.121393	0.455861	-0.469282	3.79726909371745e-09	5.66063419242487e-10	-5.66063419242487e-10
298.268596	0.509559	-0.691342	2.89211175267273e-09	4.31130549589723e-10	-4.31130549589723e-10
299.301019	0.619339	-0.522865	3.06004324219833e-09	4.56164324886143e-10	-4.56164324886143e-10
300.403362	0.481286	-0.483004	3.62124806541097e-09	5.47583967840783e-10	-5.47583967840783e-10
301.485595	0.637330	-0.600947	2.8138521325074e-09	4.31660525521869e-10	-4.31660525521869e-10
302.691982	0.503760	-0.569057	3.20796778027242e-09	4.92120067511825e-10	-4.92120067511825e-10
303.657731	0.607271	-0.461988	3.260918435516e-09	4.86109042429756e-10	-4.86109042429756e-10
304.761588	0.460587	-0.496587	3.61956826808743e-09	5.47330023415537e-10	-5.47330023415537e-10
305.635974	0.388591	-0.413798	4.4432920056725e-09	6.6236685259936e-10	-6.6236685259936e-10
306.553011	0.594182	-0.528446	3.19653111329322e-09	4.83360775955113e-10	-4.83360775955113e-10
307.629116	0.450328	-0.481924	3.83306712501487e-09	5.71399936515393e-10	-5.71399936515393e-10
308.490472	0.563937	-0.411028	3.53120094535234e-09	5.50920334482931e-10	-5.50920334482931e-10
309.598984	0.489101	-0.544575	3.32628119956173e-09	5.02980837359149e-10	-5.02980837359149e-10
310.729352	0.527624	-0.641267	2.97736496398385e-09	4.43839372728536e-10	-4.43839372728536e-10
311.774234	0.541327	-0.517258	3.29008153810493e-09	4.90456426225441e-10	-4.90456426225441e-10
312.845262	0.464814	-0.529701	3.50312877245328e-09	5.22215636314017e-10	-5.22215636314017e-10
313.801418	0.520985	-0.491342	3.40153378550056e-09	5.14360074223763e-10	-5.14360074223763e-10
314.815943	0.540136	-0.493541	3.33034578933925e-09	5.03595438002629e-10	-5.03595438002629e-10
316.016620	0.615097	-0.660541	2.72806971903613e-09	4.06676615301882e-10	-4.06676615301882e-10
317.255180	0.737566	-0.623463	2.52560517598906e-09	3.81907253339639e-10	-3.81907253339639e-10
318.500789	0.481144	-0.508043	3.47169617511756e-09	5.24969610254217e-10	-5.24969610254217e-10
319.623813	0.523452	-0.641880	2.98171426278914e-09	4.44487692769593e-10	-4.44487692769593e-10
320.928022	0.610525	-0.780757	2.50281695846299e-09	3.73097944862155e-10	-3.73097944862155e-10
322.022999	0.406894	-0.484452	3.9138583211413e-09	5.83443541563996e-10	-5.83443541563996e-10
323.045568	0.542541	-0.615675	2.9642378227252e-09	4.54730549842214e-10	-4.54730549842214e-10
324.269342	0.525019	-0.681233	2.91152555899687e-09	4.40263918194538e-10	-4.40263918194538e-10
325.346089	0.649187	-0.551729	2.98692016812661e-09	4.45263800149126e-10	-4.45263800149126e-10
326.502913	0.467328	-0.507636	3.67989020289883e-09	5.48565674177368e-10	-5.48565674177368e-10
327.477961	0.579311	-0.507720	3.22913178279945e-09	4.88290474664475e-10	-4.88290474664475e-10
328.478608	0.502034	-0.421336	3.76083378073804e-09	5.68691370256933e-10	-5.68691370256933e-10
329.600545	0.643282	-0.619903	2.75155571772712e-09	4.1017772764381e-10	-4.1017772764381e-10
330.915798	0.493341	-0.671971	2.98373509235087e-09	4.44788959095551e-10	-4.44788959095551e-10
331.846605	0.441426	-0.437465	3.95718509208462e-09	5.89902316470302e-10	-5.89902316470302e-10
332.885867	0.533693	-0.597836	3.07200347863821e-09	4.57947250772938e-10	-4.57947250772938e-10
334.036141	0.607463	-0.616581	2.83583991609558e-09	4.22742045974938e-10	-4.22742045974938e-10
335.284659	0.659491	-0.641055	2.67154732268527e-09	3.98250784862011e-10	-3.98250784862011e-10
336.458302	0.708105	-0.514152	2.87806554990996e-09	4.29036692659565e-10	-4.29036692659565e-10
337.672736	0.386784	-0.506329	3.98959002687507e-09	5.94732959864892e-10	-5.94732959864892e-10
338.610102	0.534689	-0.550582	3.27804567584285e-09	4.95686970422332e-10	-4.95686970422332e-10
339.868419	0.664096	-0.723628	2.54650478403383e-09	3.85067568781046e-10	-3.85067568781046e-10
341.208737	0.586962	-0.676223	2.79056022576202e-09	4.15992141135358e-10	-4.15992141135358e-10
342.599727	0.679770	-0.804027	2.31535845056433e-09	3.50115001562695e-10	-3.50115001562695e-10
343.933000	0.725325	-0.653503	2.57405193431814e-09	3.83717037419685e-10	-3.83717037419685e-10
345.295359	0.613696	-0.637034	2.92016991499395e-09	4.35313218175351e-10	-4.35313218175351e-10
346.471437	0.618963	-0.562381	3.12631744127191e-09	4.66043893037913e-10	-4.66043893037913e-10
347.872484	0.509548	-0.782084	2.81652574355257e-09	4.19862898393067e-10	-4.19862898393067e-10
349.029104	0.689036	-0.647073	2.65875927676572e-09	4.02042059870389e-10	-4.02042059870389e-10
350.323301	0.519251	-0.605161	3.16929934689361e-09	4.72451226394696e-10	-4.72451226394696e-10
351.359257	0.492064	-0.516704	3.51134503579207e-09	5.23440396071002e-10	-5.23440396071002e-10
352.644605	0.622906	-0.793283	2.48272201926157e-09	3.70102322414223e-10	-3.70102322414223e-10
353.859636	0.560754	-0.592125	3.02903860775042e-09	4.51542435457507e-10	-4.51542435457507e-10
355.150146	0.727354	-0.729757	2.35268136678773e-09	3.55758746014676e-10	-3.55758746014676e-10
356.589015	0.864789	-0.711515	2.30285845730605e-09	3.39537969479468e-10	-3.39537969479468e-10
358.295541	0.654502	-0.841737	2.38583084877895e-09	3.65999697161903e-10	-3.65999697161903e-10
359.670663	0.590601	-0.720621	2.75666037903947e-09	4.16846065312728e-10	-4.16846065312728e-10
360.892717	0.619278	-0.631452	2.85066663539701e-09	4.24952307481817e-10	-4.24952307481817e-10
362.122015	0.569546	-0.610020	2.94744040202298e-09	4.39378500114194e-10	-4.39378500114194e-10
363.293469	0.711091	-0.601909	2.64947394846903e-09	3.94960265859805e-10	-3.94960265859805e-10
364.713561	0.701853	-0.709001	2.41266248219808e-09	3.70115818453559e-10	-3.70115818453559e-10
366.097090	0.529914	-0.681676	2.87982771149566e-09	4.2929933949328e-10	-4.2929933949328e-10
367.432073	0.646697	-0.805069	2.41473454743155e-09	3.59967371627263e-10	-3.59967371627263e-10
368.803727	0.620034	-0.724958	2.58907536106078e-09	3.91504896751059e-10	-3.91504896751059e-10
370.237555	0.675341	-0.813795	2.36140200492243e-09	3.52017044993995e-10	-3.52017044993995e-10
371.503806	0.473011	-0.590910	3.17000845654021e-09	4.93402558817277e-10	-4.93402558817277e-10
372.540302	0.626756	-0.563485	2.88318449222343e-09	4.35978350360184e-10	-4.35978350360184e-10
373.747696	0.590032	-0.580638	2.93990834349356e-09	4.44555751144964e-10	-4.44555751144964e-10
375.355849	0.926471	-1.018122	1.80171558574214e-09	2.68583938347852e-10	-2.68583938347852e-10
377.128479	0.698119	-0.846158	2.25378540604524e-09	3.40804296625871e-10	-3.40804296625871e-10
378.409927	0.551747	-0.583329	3.01239382462191e-09	4.62117908913497e-10	-4.62117908913497e-10
379.644809	0.610295	-0.683134	2.6281687924413e-09	4.03175699650608e-10	-4.03175699650608e-10
381.093724	0.691436	-0.838619	2.27137171090273e-09	3.38596075801992e-10	-3.38596075801992e-10
382.513781	0.676894	-0.728621	2.4835484913156e-09	3.70225533020605e-10	-3.70225533020605e-10
384.172505	1.010799	-0.981831	1.70096756767489e-09	2.64750642507325e-10	-2.64750642507325e-10
386.112205	0.727474	-0.928901	2.12607910404876e-09	3.16937191147014e-10	-3.16937191147014e-10
387.571632	0.723336	-0.731953	2.39613886547839e-09	3.62330162305574e-10	-3.62330162305574e-10
389.103318	0.974342	-0.808350	1.98163862472811e-09	2.95405233638221e-10	-2.95405233638221e-10
390.776293	0.726452	-0.698633	2.47598938335406e-09	3.69098690132802e-10	-3.69098690132802e-10
392.347037	0.710671	-0.844291	2.25520747496019e-09	3.36186467454968e-10	-3.36186467454968e-10
393.851754	0.631040	-0.794046	2.44607776513385e-09	3.64639726168922e-10	-3.64639726168922e-10
395.026217	0.634363	-0.543423	2.92131029491235e-09	4.41743520732495e-10	-4.41743520732495e-10
396.582410	0.787917	-0.921830	2.04536848995642e-09	3.04905514781725e-10	-3.04905514781725e-10
398.142302	0.722494	-0.771975	2.29811843994591e-09	3.52544124605157e-10	-3.52544124605157e-10
399.602290	0.758740	-0.737494	2.35715764368036e-09	3.51384324762183e-10	-3.51384324762183e-10
401.211995	0.766268	-0.850965	2.15611269874845e-09	3.26034759349684e-10	-3.26034759349684e-10
402.796980	0.782502	-0.818717	2.20276377872003e-09	3.28368628821691e-10	-3.28368628821691e-10
404.570303	0.887944	-0.990821	1.81272104885928e-09	2.82144723939486e-10	-2.82144723939486e-10
406.158367	0.561285	-0.700120	2.74757202744632e-09	4.15471846525572e-10	-4.15471846525572e-10
407.715441	1.222759	-0.995788	1.55340754074025e-09	2.34897212153673e-10	-2.34897212153673e-10
409.621335	0.855808	-0.683135	2.26021492729804e-09	3.36932927785429e-10	-3.36932927785429e-10
411.171459	0.810831	-0.694316	2.33987247690805e-09	3.48807579353313e-10	-3.48807579353313e-10
412.763700	0.560056	-0.781410	2.62891936612946e-09	3.97529855229014e-10	-3.97529855229014e-10
414.077602	0.658786	-0.753846	2.52291253652542e-09	3.76093590207929e-10	-3.76093590207929e-10
415.660343	0.944134	-0.923955	1.88326164255792e-09	2.8074005405395e-10	-2.8074005405395e-10
417.384319	0.636349	-0.779841	2.42458764078563e-09	3.666319704028e-10	-3.666319704028e-10
418.635333	0.762376	-0.614664	2.54254422936259e-09	3.79020137508106e-10	-3.79020137508106e-10
420.250013	0.747125	-0.852304	2.16167636124823e-09	3.31613143550875e-10	-3.31613143550875e-10
421.869889	0.799634	-0.872751	2.10204970819818e-09	3.17859681524273e-10	-3.17859681524273e-10
423.619308	0.928980	-0.949785	1.85589090911925e-09	2.80636996990772e-10	-2.80636996990772e-10
425.497250	0.931582	-0.948962	1.83792251578686e-09	2.77919943793463e-10	-2.77919943793463e-10
427.428542	0.813226	-0.999710	1.90988988971898e-09	2.88802364616282e-10	-2.88802364616282e-10
428.945734	0.680181	-0.703966	2.48202952733608e-09	3.80757080645609e-10	-3.80757080645609e-10
430.422264	0.915157	-0.796349	2.01272706115433e-09	3.08763534085388e-10	-3.08763534085388e-10
432.168486	0.891136	-0.831066	2.0231722039849e-09	3.05932268638233e-10	-3.05932268638233e-10
433.808492	0.779405	-0.748870	2.25355445179332e-09	3.45707779254299e-10	-3.45707779254299e-10
435.196760	0.638310	-0.608862	2.8870058694864e-09	4.25665813856907e-10	-4.25665813856907e-10
436.644536	0.789975	-0.809466	2.20033078506057e-09	3.2800593111784e-10	-3.2800593111784e-10
438.151798	0.802092	-0.717287	2.28805423691608e-09	3.45986189055125e-10	-3.45986189055125e-10
439.859971	0.940651	-0.906081	1.90690891394252e-09	2.84265205773334e-10	-2.84265205773334e-10
441.569796	0.783999	-0.769174	2.28246063967125e-09	3.40249103662853e-10	-3.40249103662853e-10
443.135277	0.712990	-0.781482	2.35996871020299e-09	3.56860711166228e-10	-3.56860711166228e-10
445.018014	0.961654	-1.169748	1.66683463319186e-09	2.52048995195561e-10	-2.52048995195561e-10
446.736277	0.599091	-0.756608	2.62470885538641e-09	3.91268485135868e-10	-3.91268485135868e-10
448.334743	0.895402	-0.999375	1.85911416562393e-09	2.77140390513597e-10	-2.77140390513597e-10
450.103081	0.835013	-0.872936	1.99332382078248e-09	3.05786963678499e-10	-3.05786963678499e-10
451.852944	1.031501	-0.914850	1.74807805778591e-09	2.68164908204273e-10	-2.68164908204273e-10
453.730192	0.771485	-0.845747	2.15323285758337e-09	3.20985015086876e-10	-3.20985015086876e-10
455.275904	0.859017	-0.774227	2.08637670860902e-09	3.200617973531e-10	-3.200617973531e-10
456.982090	0.903498	-0.847169	1.99882977542213e-09	2.97967948941071e-10	-2.97967948941071e-10
458.823501	0.835883	-0.937913	1.95809894200183e-09	2.96092273222077e-10	-2.96092273222077e-10
460.491094	0.894050	-0.831709	2.02088761293119e-09	3.05586830028439e-10	-3.05586830028439e-10
462.320131	0.742715	-0.934988	2.09149289218925e-09	3.16263379803643e-10	-3.16263379803643e-10
463.713324	0.755038	-0.650477	2.53693597107055e-09	3.78184075838739e-10	-3.78184075838739e-10
465.225468	0.650189	-0.757106	2.52338635652176e-09	3.76164234080763e-10	-3.76164234080763e-10
466.831295	0.980058	-0.955638	1.79286124513403e-09	2.71105999505301e-10	-2.71105999505301e-10
468.512373	0.811244	-0.701020	2.26716494044534e-09	3.42827453621968e-10	-3.42827453621968e-10
470.291556	0.718679	-0.967939	2.06320851105668e-09	3.07564934527188e-10	-3.07564934527188e-10
471.951264	0.775807	-0.941029	2.03403909561365e-09	3.03216664740981e-10	-3.03216664740981e-10
473.669434	0.870562	-0.942363	1.90866740031816e-09	2.88617569196249e-10	-2.88617569196249e-10
475.412209	0.908699	-0.872213	1.96131593278149e-09	2.92375703662721e-10	-2.92375703662721e-10
477.259005	0.905085	-0.938097	1.84812380895777e-09	2.83512431342191e-10	-2.83512431342191e-10
478.872759	0.851632	-0.708668	2.23710871260832e-09	3.33488462636952e-10	-3.33488462636952e-10
480.585789	0.821661	-0.861399	2.05872542665332e-09	3.11308437662395e-10	-3.11308437662395e-10
482.408146	0.876284	-1.000696	1.8539801435437e-09	2.80348045889192e-10	-2.80348045889192e-10
484.167583	0.773205	-0.883153	2.08195016097646e-09	3.19382721030702e-10	-3.19382721030702e-10
485.919206	1.058691	-0.978417	1.73430716751902e-09	2.58535269440276e-10	-2.58535269440276e-10
487.655007	0.772884	-0.677110	2.43961039152447e-09	3.63675633333266e-10	-3.63675633333266e-10
489.305308	0.622392	-0.877417	2.34827640874481e-09	3.50060368075854e-10	-3.50060368075854e-10
490.706110	0.625326	-0.778410	2.46384622544209e-09	3.72568451096968e-10	-3.72568451096968e-10
492.123197	1.362769	-0.791762	1.61265729987472e-09	2.40400757864866e-10	-2.40400757864866e-10
494.508831	0.903904	-1.022865	1.78638728064521e-09	2.74041757781965e-10	-2.74041757781965e-10
496.409594	1.195026	-0.996859	1.63169163963016e-09	2.43238226320579e-10	-2.43238226320579e-10
498.279573	0.696759	-0.674953	2.61699750506089e-09	3.95727118072262e-10	-3.95727118072262e-10
500.102681	1.248794	-1.126349	1.50715427665593e-09	2.27903077524252e-10	-2.27903077524252e-10
502.073662	0.715352	-0.722187	2.47228707485163e-09	3.73844839282595e-10	-3.73844839282595e-10
503.556796	1.123438	-0.767781	1.89056756577925e-09	2.81829186598881e-10	-2.81829186598881e-10
506.254026	1.141145	-1.573793	1.29080017109486e-09	1.95187302716386e-10	-1.95187302716386e-10
508.520017	1.074163	-1.124846	1.58540722467526e-09	2.39735998122064e-10	-2.39735998122064e-10
510.608701	0.946083	-1.014521	1.80928139247181e-09	2.70514532430213e-10	-2.70514532430213e-10
512.541860	0.795616	-0.987075	1.9612505079648e-09	2.92365946844357e-10	-2.92365946844357e-10
514.593610	1.122567	-1.256134	1.44207467131408e-09	2.21222232651589e-10	-2.21222232651589e-10
516.881394	1.067581	-1.165217	1.56070156082259e-09	2.36000187204818e-10	-2.36000187204818e-10
518.871051	1.177276	-0.922076	1.68027379227245e-09	2.50480420246204e-10	-2.50480420246204e-10
521.258971	0.943886	-1.210645	1.61089547789825e-09	2.4359021431771e-10	-2.4359021431771e-10
523.420786	0.984638	-1.217929	1.58685407112889e-09	2.36554202193924e-10	-2.36554202193924e-10
525.342106	0.753496	-0.936681	2.07126264304386e-09	3.08765627419955e-10	-3.08765627419955e-10
526.948043	1.166870	-0.852441	1.70071775761569e-09	2.60899544578374e-10	-2.60899544578374e-10
529.219508	1.058816	-1.104595	1.63302852933444e-09	2.43437509273857e-10	-2.43437509273857e-10
531.769815	1.154079	-1.491492	1.32039366687402e-09	1.99662252844928e-10	-1.99662252844928e-10
534.213083	1.133992	-1.289188	1.44802228689903e-09	2.15858417899404e-10	-2.15858417899404e-10
536.488312	1.342433	-1.141237	1.38771443525169e-09	2.09842114226414e-10	-2.09842114226414e-10
538.943775	1.112666	-1.113030	1.56523086028078e-09	2.33330842079841e-10	-2.33330842079841e-10
540.899311	0.875753	-0.842870	2.03839787749423e-09	3.03866379516946e-10	-3.03866379516946e-10
543.315855	1.506844	-1.540792	1.14435146516093e-09	1.73042123080606e-10	-1.73042123080606e-10
545.790126	0.804589	-0.967427	2.00519435801461e-09	2.98916741508795e-10	-2.98916741508795e-10
547.943722	1.152455	-1.349007	1.42973440266839e-09	2.1313221113919e-10	-2.1313221113919e-10
550.515721	1.092593	-1.419543	1.43461529315187e-09	2.13859823639557e-10	-2.13859823639557e-10
553.096917	1.409585	-1.488604	1.21945928670863e-09	1.84399541717418e-10	-1.84399541717418e-10
555.441716	1.174838	-0.935215	1.67150020027461e-09	2.49172528065424e-10	-2.49172528065424e-10
557.892026	1.042738	-1.275472	1.50026335511116e-09	2.23646069707818e-10	-2.23646069707818e-10
559.771531	0.965495	-0.836766	1.92057860866844e-09	2.90418683306333e-10	-2.90418683306333e-10
561.693954	0.838218	-0.956928	1.90545701999551e-09	2.96578822647528e-10	-2.96578822647528e-10
563.421087	1.141056	-0.888915	1.7619031979056e-09	2.62649035173929e-10	-2.62649035173929e-10
566.082532	1.256839	-1.520388	1.24600184897604e-09	1.91143624952103e-10	-1.91143624952103e-10
568.444547	1.072462	-1.105177	1.59247491222042e-09	2.40804740181792e-10	-2.40804740181792e-10
570.978886	0.984432	-1.461876	1.40938630217793e-09	2.13119180521709e-10	-2.13119180521709e-10
573.019877	0.998340	-1.056559	1.69244128219791e-09	2.52294278316968e-10	-2.52294278316968e-10
575.173537	1.127288	-1.155320	1.51928321119043e-09	2.26481400376963e-10	-2.26481400376963e-10
577.390172	0.841012	-1.089348	1.81221973460618e-09	2.70149749371083e-10	-2.70149749371083e-10
579.689665	1.133717	-1.458480	1.33228891320387e-09	2.04380507222749e-10	-2.04380507222749e-10
582.584652	1.681354	-1.761270	9.80622138744539e-10	1.57181720930189e-10	-1.57181720930189e-10
585.616394	1.414384	-1.350389	1.28328758265699e-09	1.91301218340777e-10	-1.91301218340777e-10
588.349215	0.917913	-1.318437	1.58966103791981e-09	2.37678027229318e-10	-2.37678027229318e-10
590.978400	1.350617	-1.711271	1.1147985921042e-09	1.71016281772146e-10	-1.71016281772146e-10
593.659022	1.221272	-1.330005	1.3738260448984e-09	2.04797875736305e-10	-2.04797875736305e-10
595.926439	1.346769	-1.046146	1.46912975694427e-09	2.19004927602035e-10	-2.19004927602035e-10
598.577127	1.496424	-1.303918	1.22574505992352e-09	1.88036094422681e-10	-1.88036094422681e-10
601.697909	1.300531	-1.624358	1.15709122956795e-09	1.80097850754534e-10	-1.80097850754534e-10
604.277289	1.327581	-1.278850	1.34140593187745e-09	1.99964996456709e-10	-1.99964996456709e-10
606.863690	1.360064	-1.258820	1.32229099917139e-09	1.99949113358545e-10	-1.99949113358545e-10
609.561277	1.363202	-1.337522	1.2848463860961e-09	1.94287010165859e-10	-1.94287010165859e-10
612.097816	1.223136	-1.173338	1.46544870950563e-09	2.18456178656839e-10	-2.18456178656839e-10
614.811932	1.232872	-1.490980	1.27143658780431e-09	1.92259219783438e-10	-1.92259219783438e-10
617.604575	1.518130	-1.559771	1.12226524765228e-09	1.69702437876961e-10	-1.69702437876961e-10
620.726118	1.575899	-1.603413	1.0956984186951e-09	1.63337065608874e-10	-1.63337065608874e-10
623.793699	1.160966	-1.491682	1.30954581802608e-09	1.9521558487785e-10	-1.9521558487785e-10
626.164465	1.179576	-1.209800	1.45151046477399e-09	2.16378385341222e-10	-2.16378385341222e-10
628.394534	0.993731	-1.050493	1.73907546511826e-09	2.56412695783431e-10	-2.56412695783431e-10
630.656602	1.071223	-1.268337	1.4905699129392e-09	2.22201010262635e-10	-2.22201010262635e-10
633.320863	1.315845	-1.593039	1.1891983260623e-09	1.79823661905961e-10	-1.79823661905961e-10
635.917504	1.361206	-1.280796	1.32889563271364e-09	1.98100091175765e-10	-1.98100091175765e-10
638.630680	1.199299	-1.351970	1.38110761461385e-09	2.05883391688553e-10	-2.05883391688553e-10
641.087812	1.467798	-1.257834	1.24708117480581e-09	1.94104544518351e-10	-1.94104544518351e-10
643.756578	1.218653	-1.200968	1.44445665779705e-09	2.15326861409359e-10	-2.15326861409359e-10
646.167296	1.305839	-1.192064	1.39067240674868e-09	2.07309164995374e-10	-2.07309164995374e-10
648.978386	1.275520	-1.505251	1.23460214825417e-09	1.86689344009924e-10	-1.86689344009924e-10
651.493616	1.197677	-1.239710	1.45881216521087e-09	2.15090107442716e-10	-2.15090107442716e-10
653.754780	1.277852	-1.063487	1.48870867661553e-09	2.21923596046981e-10	-2.21923596046981e-10
656.342781	1.157509	-1.310149	1.40272649491946e-09	2.12112127719267e-10	-2.12112127719267e-10
658.742281	1.179409	-1.241991	1.4518733094047e-09	2.16432491054998e-10	-2.16432491054998e-10
661.527538	1.404426	-1.605848	1.14577512995817e-09	1.75768246217056e-10	-1.75768246217056e-10
664.414625	1.557878	-1.482661	1.0941568938944e-09	1.75380016383314e-10	-1.75380016383314e-10
667.871675	1.694678	-1.899171	9.58155096270883e-10	1.46986334974917e-10	-1.46986334974917e-10
671.107961	1.728438	-1.541609	1.07650363397178e-09	1.60475716394818e-10	-1.60475716394818e-10
674.114109	1.318027	-1.277709	1.33964356319588e-09	2.02573081467989e-10	-2.02573081467989e-10
677.473441	1.906592	-2.041305	8.78287402314015e-10	1.32809465091864e-10	-1.32809465091864e-10
681.204819	1.681885	-1.824786	9.81506392442906e-10	1.48417632808558e-10	-1.48417632808558e-10
684.589026	1.720701	-1.702322	1.00241834414964e-09	1.51579833109703e-10	-1.51579833109703e-10
687.640267	1.480481	-1.330540	1.20965372998404e-09	1.85567576279777e-10	-1.85567576279777e-10
690.682471	1.879120	-1.561724	1.00822770463398e-09	1.52458277297634e-10	-1.52458277297634e-10
694.177955	1.532702	-1.616364	1.1415493435157e-09	1.7261843475864e-10	-1.7261843475864e-10
697.127228	1.456730	-1.416571	1.30383300036102e-09	1.94363941482225e-10	-1.94363941482225e-10
700.093083	1.453111	-1.509125	1.27350305577803e-09	1.95362469819306e-10	-1.95362469819306e-10
702.644192	0.997821	-1.097998	1.78106028384169e-09	2.69321543830332e-10	-2.69321543830332e-10
705.195058	1.572893	-1.553045	1.16298120697396e-09	1.7585919640277e-10	-1.7585919640277e-10
708.265553	1.589194	-1.497603	1.15402890128316e-09	1.72032507261914e-10	-1.72032507261914e-10
711.842792	1.819281	-1.988045	9.06445814020781e-10	1.37067433024406e-10	-1.37067433024406e-10
714.837309	1.333341	-1.175236	1.39815443543966e-09	2.08424548747139e-10	-2.08424548747139e-10
718.106100	1.834534	-1.935450	9.35147489722393e-10	1.39403561186691e-10	-1.39403561186691e-10
721.629556	1.506381	-1.688922	1.08542420225631e-09	1.64131504315639e-10	-1.64131504315639e-10
724.640719	1.457455	-1.504782	1.17502911594505e-09	1.75163017049391e-10	-1.75163017049391e-10
727.192794	1.067027	-1.094620	1.60547245147236e-09	2.39329666715912e-10	-2.39329666715912e-10
730.107455	1.678608	-1.847634	9.7569275734151e-10	1.47538548874566e-10	-1.47538548874566e-10
733.511160	1.575196	-1.725096	1.04570368556712e-09	1.58125212155088e-10	-1.58125212155088e-10
736.557420	1.110446	-1.471064	1.3194153083515e-09	2.02405653009992e-10	-2.02405653009992e-10
739.247027	1.867012	-1.579161	1.03212886682008e-09	1.52179124556611e-10	-1.52179124556611e-10
742.347949	1.546876	-1.233910	1.23529962742359e-09	1.86794825350417e-10	-1.86794825350417e-10
745.891632	1.363976	-1.996807	1.02060567794025e-09	1.54330058576327e-10	-1.54330058576327e-10
749.185088	1.662570	-1.929481	9.55210737874466e-10	1.4444141676698e-10	-1.4444141676698e-10
752.739837	2.210503	-1.892178	8.28659433896306e-10	1.27120979920684e-10	-1.27120979920684e-10
756.960789	1.578062	-2.010450	9.26761405225397e-10	1.46373170676661e-10	-1.46373170676661e-10
760.061169	1.649857	-1.522318	1.07159829520163e-09	1.6438914312605e-10	-1.6438914312605e-10
763.410926	1.413564	-1.699899	7.43478354096154e-10	1.35739980305383e-10	-1.35739980305383e-10
766.418081	1.583941	-1.593591	1.0921565928631e-09	1.6280908370932e-10	-1.6280908370932e-10
769.613697	1.811378	-1.611675	9.9370631956384e-10	1.52440081756454e-10	-1.52440081756454e-10
773.066775	1.614114	-1.641700	1.07239944551857e-09	1.59863877606013e-10	-1.59863877606013e-10
776.421753	2.098485	-1.740865	9.21520298363687e-10	1.3934690103418e-10	-1.3934690103418e-10
780.487208	1.722952	-1.966971	1.04792403047421e-09	1.58460945621327e-10	-1.58460945621327e-10
783.685852	1.561290	-1.475691	1.31113614226183e-09	1.98262318604179e-10	-1.98262318604179e-10
787.173296	1.448841	-1.926154	1.11280694440682e-09	1.6588746907014e-10	-1.6588746907014e-10
790.332253	1.716495	-1.710116	1.02892515213451e-09	1.53383086712173e-10	-1.53383086712173e-10
794.095398	1.750021	-2.046650	9.12024749086408e-10	1.37911037279791e-10	-1.37911037279791e-10
798.105349	1.760910	-2.259930	8.55600698748993e-10	1.29378945329802e-10	-1.29378945329802e-10
801.636477	1.482019	-1.770217	1.04213832872995e-09	1.59869807221902e-10	-1.59869807221902e-10
805.179166	1.814272	-2.060671	8.95652769950598e-10	1.33516011093075e-10	-1.33516011093075e-10
809.144233	1.919852	-2.150795	8.42549495272924e-10	1.29251799148329e-10	-1.29251799148329e-10
812.894429	1.286677	-1.830344	7.28305321692498e-10	1.41921856194455e-10	-1.41921856194455e-10
815.505145	1.360673	-1.324038	1.33731999482875e-09	2.0222171906536e-10	-2.0222171906536e-10
819.023432	2.155006	-2.157613	8.08591245163183e-10	1.24042376869083e-10	-1.24042376869083e-10
823.386766	1.917481	-2.208329	8.174890626885e-10	1.27239767388367e-10	-1.27239767388367e-10
827.095411	2.012605	-1.791163	9.12608928341035e-10	1.36043715108594e-10	-1.36043715108594e-10
831.041926	1.770244	-1.933911	9.39130433303869e-10	1.39997279352006e-10	-1.39997279352006e-10
835.120278	1.785679	-2.308107	8.53627501456432e-10	1.27251259530384e-10	-1.27251259530384e-10
838.584848	1.580461	-1.678891	7.06984202639002e-10	1.31876010091895e-10	-1.31876010091895e-10
842.179512	1.839400	-2.014203	9.07942217009641e-10	1.37293715260054e-10	-1.37293715260054e-10
845.681078	1.597206	-1.662166	1.07908476892657e-09	1.60860449209769e-10	-1.60860449209769e-10
849.345313	1.761649	-2.067029	8.99402467179892e-10	1.360023833993e-10	-1.360023833993e-10
853.053372	1.969459	-1.946411	8.85465058843412e-10	1.33894823026794e-10	-1.33894823026794e-10
856.633794	1.829876	-1.610963	6.82027312557382e-10	1.27220705881741e-10	-1.27220705881741e-10
860.152014	1.780952	-1.688345	6.77172125641115e-10	1.29087915627284e-10	-1.29087915627284e-10
864.100950	2.217559	-2.167984	8.45549635727936e-10	1.26047119400257e-10	-1.26047119400257e-10
868.565418	1.715221	-2.246909	9.44803517338486e-10	1.40843034519694e-10	-1.40843034519694e-10
872.403172	1.948124	-2.122533	8.89158368170037e-10	1.3254787968768e-10	-1.3254787968768e-10
876.533391	1.852959	-2.182095	8.35895620910045e-10	1.30104683072773e-10	-1.30104683072773e-10
880.110302	2.181246	-1.723952	8.79410233191847e-10	1.32979306774915e-10	-1.32979306774915e-10
883.850322	1.552930	-1.558774	7.44448906721216e-10	1.35917181457233e-10	-1.35917181457233e-10
887.159839	1.673562	-1.756587	1.0160274644e-09	1.51460407866932e-10	-1.51460407866932e-10
890.829428	1.909171	-1.996027	8.70188508062703e-10	1.35442288363808e-10	-1.35442288363808e-10
894.623787	1.735348	-1.885188	9.54546598047589e-10	1.46432723052287e-10	-1.46432723052287e-10
898.606368	2.387390	-2.247232	7.53478695262104e-10	1.1393663063319e-10	-1.1393663063319e-10
903.037398	1.584012	-2.043641	6.25741192454966e-10	1.1928377543188e-10	-1.1928377543188e-10
906.187645	1.774978	-1.566234	7.45808391796763e-10	1.31841565309333e-10	-1.31841565309333e-10
909.681716	1.636348	-1.719093	6.80029084479634e-10	1.26847987226219e-10	-1.26847987226219e-10
913.061731	2.264685	-1.743667	8.55592548859269e-10	1.29377742300176e-10	-1.29377742300176e-10
917.600037	2.257831	-2.273621	7.67429238085676e-10	1.14401591807585e-10	-1.14401591807585e-10
921.436111	1.958663	-1.578243	6.45699428347181e-10	1.20444331773994e-10	-1.20444331773994e-10
925.176283	2.159263	-1.781509	8.68401422518867e-10	1.33217600552214e-10	-1.33217600552214e-10
929.173227	2.298804	-1.837681	6.90260878121676e-10	1.15466982414047e-10	-1.15466982414047e-10
933.287017	1.579600	-1.814987	6.83578746895775e-10	1.27510086369272e-10	-1.27510086369272e-10
936.675613	1.891581	-1.808996	9.51498988975985e-10	1.41841057629493e-10	-1.41841057629493e-10
940.934624	1.592921	-2.367430	8.82767904414109e-10	1.31595302455631e-10	-1.31595302455631e-10
944.593868	2.000776	-2.066323	5.71681201432864e-10	1.04374205267373e-10	-1.04374205267373e-10
948.726707	2.192990	-2.132063	5.39721757305449e-10	9.85392793922577e-11	-9.85392793922577e-11
953.112952	2.122923	-2.193254	8.04770350159408e-10	1.21692668094014e-10	-1.21692668094014e-10
956.855240	1.602645	-1.619366	7.11073019104646e-10	1.32638718744721e-10	-1.32638718744721e-10
960.761375	2.226163	-2.303490	7.59125495942901e-10	1.14790550493035e-10	-1.14790550493035e-10
965.087697	2.150190	-2.100159	8.15100499894489e-10	1.23254761310152e-10	-1.23254761310152e-10
969.161033	2.570929	-1.923145	7.62350569146314e-10	1.16257339538048e-10	-1.16257339538048e-10
973.884168	1.768980	-2.152207	6.15314705448145e-10	1.14776610476357e-10	-1.14776610476357e-10
977.519751	1.437248	-1.866603	7.59170542580281e-10	1.38604962250691e-10	-1.38604962250691e-10
980.974855	1.616914	-2.017856	6.93622662841197e-10	1.29383658207703e-10	-1.29383658207703e-10
984.441437	1.491524	-1.849668	7.71629074127691e-10	1.43934414831089e-10	-1.43934414831089e-10
987.308429	1.896358	-1.375468	7.92279326113779e-10	1.44649716904013e-10	-1.44649716904013e-10
990.856428	2.050736	-1.651640	6.67913995653364e-10	1.21943880546738e-10	-1.21943880546738e-10
994.232248	2.019670	-1.325084	7.42114259286916e-10	1.33852634527368e-10	-1.33852634527368e-10
998.333899	1.449595	-2.081981	6.67774965495411e-10	1.24562194381065e-10	-1.24562194381065e-10
1002.310635	2.240937	-2.527140	5.11509405846364e-10	9.54134602653381e-11	-9.54134602653381e-11
1006.267602	1.742588	-1.716031	7.58052565777949e-10	1.36150268970131e-10	-1.36150268970131e-10
1010.512083	1.622134	-2.501894	5.95826360148218e-10	1.08782546769496e-10	-1.08782546769496e-10
1014.202263	2.424267	-2.068045	7.95635924565117e-10	1.20311418462453e-10	-1.20311418462453e-10
1018.606617	1.692023	-1.980087	6.65586011450916e-10	1.24153844319418e-10	-1.24153844319418e-10
1022.465713	1.768371	-2.167072	6.39795536606594e-10	1.19343061078469e-10	-1.19343061078469e-10
1026.143608	1.575798	-1.909524	7.60323975912827e-10	1.3881549833346e-10	-1.3881549833346e-10
1029.664931	2.397319	-1.945526	9.30462395865715e-10	1.40699113089229e-10	-1.40699113089229e-10
1034.038740	2.113718	-1.976490	9.45312749716816e-10	1.40918866260487e-10	-1.40918866260487e-10
1037.851784	1.750414	-1.699326	7.83355648261919e-10	1.36364695063627e-10	-1.36364695063627e-10
1041.484168	2.192225	-1.881970	5.76005279337454e-10	1.05163667673261e-10	-1.05163667673261e-10
1045.483189	2.295886	-1.806796	8.53166276676855e-10	1.29010827202203e-10	-1.29010827202203e-10
1049.767333	2.000558	-1.988258	8.86431726430084e-10	1.34041060459653e-10	-1.34041060459653e-10
1053.398328	2.463328	-1.630438	7.76069845510179e-10	1.2427060931772e-10	-1.2427060931772e-10
1058.153137	1.788072	-2.291480	6.38936295591021e-10	1.16653296642067e-10	-1.16653296642067e-10
1061.530187	2.216588	-1.588978	6.61150313337108e-10	1.26033689841768e-10	-1.26033689841768e-10
1066.293546	1.571903	-2.546771	5.83121899568815e-10	1.0877160183384e-10	-1.0877160183384e-10
1069.686468	2.009455	-1.821018	6.09444349627946e-10	1.1126884063384e-10	-1.1126884063384e-10
1073.582496	2.386896	-1.886573	5.46536943575076e-10	9.97835462534522e-11	-9.97835462534522e-11
1078.384263	1.810560	-2.414871	5.58922984428188e-10	1.02044880551856e-10	-1.02044880551856e-10
1082.247346	1.763718	-2.052523	6.32169791351511e-10	1.1541788483521e-10	-1.1541788483521e-10
1086.254598	1.688337	-2.243533	6.51887723501382e-10	1.19017853780906e-10	-1.19017853780906e-10
1089.689758	2.558668	-1.746824	5.90643319824165e-10	1.15096238033068e-10	-1.15096238033068e-10
1094.241647	1.862147	-1.993221	6.52662861614856e-10	1.21743245313286e-10	-1.21743245313286e-10
1098.179287	2.133916	-2.075493	5.84639098251798e-10	1.06740033115216e-10	-1.06740033115216e-10
1102.408500	1.920207	-2.095297	5.91650632165097e-10	1.10362487453946e-10	-1.10362487453946e-10
1106.358321	2.065952	-2.029613	5.69596430434673e-10	1.10994876687226e-10	-1.10994876687226e-10
1110.413265	1.405573	-1.988993	7.24297037014849e-10	1.35105430395719e-10	-1.35105430395719e-10
1113.753341	1.853272	-1.934502	6.10419420826367e-10	1.21629002700648e-10	-1.21629002700648e-10
1117.857719	2.465376	-2.251106	4.99117735393854e-10	9.31020335281563e-11	-9.31020335281563e-11
1122.419731	1.262349	-2.096636	6.76390394381709e-10	1.26169284536119e-10	-1.26169284536119e-10
1125.879952	1.878122	-2.197873	5.5742685906115e-10	1.03978609121334e-10	-1.03978609121334e-10
1130.333793	2.379147	-2.575719	4.66455312831756e-10	8.5162685118379e-11	-8.5162685118379e-11
1135.666008	2.227768	-2.953068	4.46803735010043e-10	8.33437379292601e-11	-8.33437379292601e-11
1139.583446	1.607064	-1.689670	7.41421004368454e-10	1.38299574394628e-10	-1.38299574394628e-10
1142.802495	1.666938	-1.611984	7.92869438898253e-10	1.44757533519963e-10	-1.44757533519963e-10
1146.121182	1.872695	-1.651749	7.7612486322026e-10	1.37765277662994e-10	-1.37765277662994e-10
1150.156758	2.429057	-2.162881	5.24369914286638e-10	9.57364345159868e-11	-9.57364345159868e-11
1154.547562	1.429266	-1.961747	6.67100587486603e-10	1.27168035585842e-10	-1.27168035585842e-10
1159.030226	2.508172	-3.053399	4.21373713574578e-10	7.69319910065229e-11	-7.69319910065229e-11
1164.063208	2.424719	-2.524810	4.57813241270309e-10	8.72719712442415e-11	-8.72719712442415e-11
1167.893374	2.051410	-1.405446	6.77857306792786e-10	1.23759237614781e-10	-1.23759237614781e-10
1171.872954	1.676356	-1.928170	6.4880899046094e-10	1.18455764025365e-10	-1.18455764025365e-10
1176.286531	2.546783	-2.737221	4.41641528920642e-10	8.06323624194545e-11	-8.06323624194545e-11
1180.802745	2.231102	-1.969431	5.46038324669137e-10	1.01854225207265e-10	-1.01854225207265e-10
1185.094854	1.954477	-2.061007	5.8223628636187e-10	1.06301291520991e-10	-1.06301291520991e-10
1189.100481	1.350553	-2.051150	6.76886744743186e-10	1.2626181872119e-10	-1.2626181872119e-10
1193.132987	3.192706	-2.681953	4.01809622090855e-10	7.33600636844026e-11	-7.33600636844026e-11
1198.284342	2.321946	-1.958649	8.17497773062771e-10	1.27671715668545e-10	-1.27671715668545e-10
1203.460664	2.015110	-2.854377	5.50997955853034e-10	1.05035621986891e-10	-1.05035621986891e-10
1207.653296	1.807718	-2.177521	6.76423101535172e-10	1.28945148442094e-10	-1.28945148442094e-10
1211.774085	2.268197	-2.313071	5.64267471437929e-10	1.03020666344376e-10	-1.03020666344376e-10
1215.884384	1.547127	-1.842103	7.06779805518927e-10	1.2903975413871e-10	-1.2903975413871e-10
1219.643973	2.324328	-2.212462	4.86288557960844e-10	9.68952914203581e-11	-9.68952914203581e-11
1224.794200	1.717997	-2.825899	4.99233209790645e-10	9.51677956641035e-11	-9.51677956641035e-11
1229.149394	2.226945	-2.637196	4.7136461521448e-10	8.79251132443095e-11	-8.79251132443095e-11
1233.308803	2.670153	-1.932464	4.9701573287858e-10	9.27099121627756e-11	-9.27099121627756e-11
1238.317219	2.502739	-2.338263	4.80079403984166e-10	8.76501024901151e-11	-8.76501024901151e-11
1243.199013	2.437039	-2.379054	4.82027419230664e-10	8.80057737754735e-11	-8.80057737754735e-11
1247.984932	2.750096	-2.348880	4.48644520443542e-10	8.36871159647846e-11	-8.36871159647846e-11
1252.850820	1.954865	-2.115792	5.64268870453245e-10	1.05254846136033e-10	-1.05254846136033e-10
1257.451179	2.499739	-2.645494	4.55903565018224e-10	8.32362479410558e-11	-8.32362479410558e-11
1262.332206	2.520225	-2.381287	4.70126601588559e-10	8.76942325958972e-11	-8.76942325958972e-11
1267.320942	2.094946	-2.468511	5.10802954279508e-10	9.32594303580967e-11	-9.32594303580967e-11
1272.055257	2.920423	-2.639369	4.17065978016734e-10	7.61454875787518e-11	-7.61454875787518e-11
1277.621345	1.997853	-2.645665	4.9169530488273e-10	9.37308578368833e-11	-9.37308578368833e-11
1282.128851	2.261983	-2.509653	5.14564317201024e-10	9.39461391925706e-11	-9.39461391925706e-11
1286.220950	1.882894	-1.830117	6.68084599339266e-10	1.24619953509293e-10	-1.24619953509293e-10
1290.197687	1.562276	-2.093842	6.6495239850334e-10	1.21403115949553e-10	-1.21403115949553e-10
1294.768864	2.307150	-3.008901	4.23245606781416e-10	8.06824597518669e-11	-8.06824597518669e-11
1299.062113	2.059631	-1.986099	5.74330599906767e-10	1.04857940304963e-10	-1.04857940304963e-10
1304.089052	1.989356	-2.967309	4.67902849115098e-10	8.54269951357943e-11	-8.54269951357943e-11
1309.512109	3.341219	-3.433701	3.35937833738592e-10	6.26635346644944e-11	-6.26635346644944e-11
1316.187521	3.307292	-3.334192	3.36490526639802e-10	6.41444729301537e-11	-6.41444729301537e-11
1321.774792	1.986383	-2.279979	5.41855333789671e-10	9.8928776687609e-11	-9.8928776687609e-11
1325.789903	2.821150	-2.028728	4.70034471666645e-10	8.76769998723256e-11	-8.76769998723256e-11
1331.142777	3.350090	-2.531724	3.90753092869612e-10	7.28884404765455e-11	-7.28884404765455e-11
1337.240034	2.061811	-2.747167	4.90721601992786e-10	8.95930727723234e-11	-8.95930727723234e-11
1342.935451	2.945621	-3.633607	3.48764272741941e-10	6.64842147420722e-11	-6.64842147420722e-11
1347.908174	2.032868	-2.027101	5.88359218701491e-10	1.07419225446713e-10	-1.07419225446713e-10
1353.226063	2.436662	-3.285021	4.27859831182262e-10	7.81161248314392e-11	-7.81161248314392e-11
1358.396781	2.834620	-2.734057	4.50383595665239e-10	8.40114703398426e-11	-8.40114703398426e-11
1364.580763	2.281556	-3.349361	4.17165909372646e-10	8.50197381495622e-11	-8.50197381495622e-11
1369.116275	1.720628	-2.253956	6.26523247243297e-10	1.14386943251586e-10	-1.14386943251586e-10
1373.209750	2.635393	-2.372848	4.50920401451165e-10	8.98480725462828e-11	-8.98480725462828e-11
1378.652557	2.492624	-2.807414	4.4338496703755e-10	8.27060342961643e-11	-8.27060342961643e-11
NO	NO	NO	NO	NO	NO
!Time	Poserr	Negerr	Flux	PosErr	NegErr
!XRT pc mode data
4789.121803	33.767069	-33.930471	7.3867215723153e-11	1.67914489732074e-11	-1.67914489732074e-11
4856.828966	28.742886	-33.940094	8.26182729786232e-11	1.83136963845408e-11	-1.83136963845408e-11
4911.879854	23.838318	-26.308002	9.58442552036902e-11	2.17872900297011e-11	-2.17872900297011e-11
4971.652774	39.284937	-35.934603	6.15595926862773e-11	1.4150107213797e-11	-1.4150107213797e-11
5050.488258	25.639754	-39.550546	7.42630347485661e-11	1.64616315717326e-11	-1.64616315717326e-11
5114.051783	42.310389	-37.923771	5.69776603092145e-11	1.28808749292436e-11	-1.28808749292436e-11
5185.305800	23.710071	-28.943629	8.69580962837015e-11	1.95509159280273e-11	-1.95509159280273e-11
5231.982490	19.657782	-22.966618	1.12826257376558e-10	2.47491325321356e-11	-2.47491325321356e-11
5293.110628	31.241904	-41.470356	6.29592902046483e-11	1.41552754310776e-11	-1.41552754310776e-11
5357.528258	37.029214	-33.175726	6.45514771506e-11	1.4673838437264e-11	-1.4673838437264e-11
5436.117999	36.166372	-41.560528	6.2164509758454e-11	1.35654382812601e-11	-1.35654382812601e-11
5511.096317	36.407654	-38.811946	6.11808375586132e-11	1.36804794794965e-11	-1.36804794794965e-11
5587.583470	30.125482	-40.079498	7.08583881264162e-11	1.59311887386715e-11	-1.59311887386715e-11
5653.261002	39.667530	-35.552050	7.1316031133986e-11	1.59467039154292e-11	-1.59467039154292e-11
5729.385038	33.748454	-36.456506	7.08885325029641e-11	1.62944359522833e-11	-1.62944359522833e-11
5795.063021	43.290130	-31.929530	6.37633265979547e-11	1.42578862762093e-11	-1.42578862762093e-11
5865.887992	57.714120	-27.534840	5.4046699484076e-11	1.22858969896237e-11	-1.22858969896237e-11
5966.923456	51.956896	-43.321344	5.10640485403648e-11	1.16078650472108e-11	-1.16078650472108e-11
6089.618504	32.062068	-70.738152	5.81911268458008e-11	1.2249685228351e-11	-1.2249685228351e-11
6167.866178	44.077973	-46.185607	5.40257682479874e-11	1.23493860952899e-11	-1.23493860952899e-11
6248.526292	28.608300	-36.582140	7.13041840102616e-11	1.62088548556982e-11	-1.62088548556982e-11
6324.575062	45.330489	-47.440471	4.95590851422268e-11	1.11424225040502e-11	-1.11424225040502e-11
6425.890452	41.800740	-55.984900	4.87037050208151e-11	1.0853044868038e-11	-1.0853044868038e-11
6511.390256	44.057316	-43.699064	5.2474840875424e-11	1.17980139889941e-11	-1.17980139889941e-11
6587.244261	30.886431	-31.796689	7.76737833819031e-11	1.71274913010927e-11	-1.71274913010927e-11
6695.864743	70.198109	-77.734051	3.17416038167295e-11	7.21551861545451e-12	-7.21551861545451e-12
6851.104539	65.397813	-85.041688	3.23725928095875e-11	7.39980839304735e-12	-7.39980839304735e-12
6957.594797	34.127254	-41.092446	7.20356122325939e-11	1.58842588185884e-11	-1.58842588185884e-11
7098.396861	68.817071	-106.674809	5.04159399855234e-11	8.89948609527202e-12	-8.89948609527202e-12
10548.424567	31.858645	-35.838815	2.32461942364552e-11	5.21925292625447e-12	-5.21925292625447e-12
10612.989035	37.499057	-32.705823	2.2358830949034e-11	5.02003241797047e-12	-5.02003241797047e-12
10675.296510	32.859882	-24.808418	2.7091020704352e-11	6.13249816796677e-12	-6.13249816796677e-12
10746.984994	41.405578	-38.828602	2.16326226726272e-11	4.64641678238037e-12	-4.64641678238037e-12
10825.353352	30.734759	-36.962780	2.35017651416725e-11	5.27663040977497e-12	-5.27663040977497e-12
10897.184875	41.644716	-41.096763	2.08806399186563e-11	4.5921241248718e-12	-4.5921241248718e-12
10972.656753	36.377779	-33.827161	2.55433469652339e-11	5.61751562598458e-12	-5.61751562598458e-12
11041.986496	34.745596	-32.951964	2.51749751689952e-11	5.65225499131683e-12	-5.65225499131683e-12
11102.135250	24.743242	-25.403158	3.61129165862542e-11	7.69932149000666e-12	-7.69932149000666e-12
11175.870619	38.764033	-48.992127	1.78392047476974e-11	4.00526713332137e-12	-4.00526713332137e-12
11252.728739	37.125472	-38.094088	2.17556029935171e-11	4.864713702935e-12	-4.864713702935e-12
11325.688891	39.384941	-35.834680	2.23366531789428e-11	5.05627260318941e-12	-5.05627260318941e-12
11403.293612	31.985160	-38.219780	2.40188070686936e-11	5.37078881499033e-12	-5.37078881499033e-12
11470.777532	34.706220	-35.498760	2.45540705973578e-11	5.35811485233284e-12	-5.35811485233284e-12
11542.782566	25.384166	-37.298814	2.67370002239328e-11	5.83446611719332e-12	-5.83446611719332e-12
11612.348909	56.110663	-44.182177	1.69530105628897e-11	3.69945470330886e-12	-3.69945470330886e-12
11702.048061	24.079910	-33.588490	2.84675484018228e-11	6.39155651785571e-12	-6.39155651785571e-12
11756.205155	22.576576	-30.077184	3.15045334192157e-11	7.07342997854029e-12	-7.07342997854029e-12
11824.886128	41.651904	-46.104396	1.93149603886407e-11	4.37225707361518e-12	-4.37225707361518e-12
11901.128985	25.584746	-34.590953	2.96002767768922e-11	6.6731362477102e-12	-6.6731362477102e-12
11978.459928	41.024744	-51.746196	2.01878434719978e-11	4.53252716903591e-12	-4.53252716903591e-12
12076.485825	48.306427	-57.001153	1.68125657618451e-11	3.79026056487073e-12	-3.79026056487073e-12
12160.375652	49.665640	-35.583400	2.38684270939086e-11	5.4021205845779e-12	-5.4021205845779e-12
12278.908996	76.557076	-68.867704	2.11518372476472e-11	4.74862068822842e-12	-4.74862068822842e-12
12422.461418	58.370874	-66.995346	2.1476169944623e-11	4.84077650242899e-12	-4.84077650242899e-12
12532.195844	53.944088	-51.363552	1.51164678192874e-11	3.39391637383492e-12	-3.39391637383492e-12
12637.131555	34.257397	-50.991623	1.910990726543e-11	4.29051353879651e-12	-4.29051353879651e-12
12726.894026	47.295226	-55.505074	1.60572368146132e-11	3.6348614513959e-12	-3.6348614513959e-12
12835.340606	39.141546	-61.151354	1.67970909499958e-11	3.81804226884488e-12	-3.81804226884488e-12
12917.867636	31.829635	-43.385485	2.36538468235461e-11	5.22235972798147e-12	-5.22235972798147e-12
16234.936429	44.002863	-70.978777	2.02922147584164e-11	4.53746829537455e-12	-4.53746829537455e-12
16354.373458	54.946273	-75.434167	1.30233087739822e-11	2.97382322051357e-12	-2.97382322051357e-12
16496.515725	50.706427	-87.195993	1.15997682294376e-11	2.65999811873218e-12	-2.65999811873218e-12
16625.750429	79.432683	-78.528277	9.66949208725002e-12	2.21736280906281e-12	-2.21736280906281e-12
16767.204000	58.330352	-62.020888	1.3119379663831e-11	2.93357084581584e-12	-2.93357084581584e-12
16873.011511	62.844821	-47.477159	1.39895931765117e-11	3.22174210942194e-12	-3.22174210942194e-12
17035.586575	40.679617	-99.730243	1.16914488875751e-11	2.60273007550842e-12	-2.60273007550842e-12
17132.516326	61.593825	-56.250135	1.34232240746245e-11	3.01401250993578e-12	-3.01401250993578e-12
17280.414144	66.642528	-86.303992	1.0095510905622e-11	2.31505971062094e-12	-2.31505971062094e-12
17404.168571	83.298041	-57.111899	1.13782070656804e-11	2.57633194252419e-12	-2.57633194252419e-12
17567.536020	82.906432	-80.069408	7.60736678754334e-12	1.98619639619264e-12	-1.98619639619264e-12
17713.482431	57.311481	-63.039979	1.4133620361352e-11	3.18681181120827e-12	-3.18681181120827e-12
17855.808116	60.410516	-85.014204	1.17846902382169e-11	2.60247303309344e-12	-2.60247303309344e-12
17984.629336	66.984796	-68.410704	1.15966249852555e-11	2.63685234466299e-12	-2.63685234466299e-12
18117.175968	64.818984	-65.561836	1.27286244658293e-11	2.81096319207576e-12	-2.81096319207576e-12
18280.597205	69.388466	-98.602254	9.47030204721224e-12	2.19032469200796e-12	-2.19032469200796e-12
18423.294102	57.072390	-73.308430	1.251629939527e-11	2.89484384600802e-12	-2.89484384600802e-12
18593.318660	140.266872	-112.952168	1.18013357904945e-11	2.00476552320892e-12	-2.00476552320892e-12
22088.936548	88.068624	-74.906816	7.25484838510065e-12	1.90514802001259e-12	-1.90514802001259e-12
22279.108395	85.945477	-102.103223	8.33741333135589e-12	1.89613438102413e-12	-1.89613438102413e-12
22443.840799	109.261733	-78.786927	8.27836137446053e-12	1.91531374568643e-12	-1.91531374568643e-12
22647.965445	55.576067	-94.862913	1.06278602288291e-11	2.42739065981093e-12	-2.42739065981093e-12
22790.489745	81.042047	-86.948233	7.16016260776439e-12	1.90193713251148e-12	-1.90193713251148e-12
22965.500817	74.021234	-93.969026	9.44969290513821e-12	2.17693042488959e-12	-2.17693042488959e-12
23116.090742	56.319189	-76.568691	1.21477804302429e-11	2.72777020149341e-12	-2.72777020149341e-12
23258.520314	96.923938	-86.110382	6.31812969927867e-12	1.70768470615616e-12	-1.70768470615616e-12
23469.472745	58.976626	-114.028494	7.23138332987614e-12	1.84653546138394e-12	-1.84653546138394e-12
23618.249813	75.682758	-89.800442	7.10896239316883e-12	1.86687648962545e-12	-1.86687648962545e-12
23811.451052	100.618620	-117.518480	5.35825496049978e-12	1.41513357388748e-12	-1.41513357388748e-12
23990.830718	91.736873	-78.761047	6.87940809115942e-12	1.80654446571288e-12	-1.80654446571288e-12
24184.297371	81.304780	-101.729780	8.55027226343558e-12	1.94452564005532e-12	-1.94452564005532e-12
24407.667456	111.174176	-142.065304	7.40457818591211e-12	1.53938806279007e-12	-1.53938806279007e-12
28037.865005	122.939007	-185.460993	3.83479667347641e-12	1.01173327863277e-12	-1.01173327863277e-12
28279.991125	88.920227	-119.187113	5.68609276400211e-12	1.50022394398442e-12	-1.50022394398442e-12
28488.549242	128.586729	-119.637891	4.70132296784382e-12	1.2586720767277e-12	-1.2586720767277e-12
28703.762405	76.349326	-86.626434	7.32720696125805e-12	1.91234925856488e-12	-1.91234925856488e-12
28935.132358	143.350554	-155.020626	3.87397715988047e-12	1.04491297067824e-12	-1.04491297067824e-12
29290.171022	146.859010	-211.688110	3.21920356597884e-12	8.68282983521699e-13	-8.68282983521699e-13
29598.268650	119.581661	-161.238618	4.19852473827043e-12	1.1077095710007e-12	-1.1077095710007e-12
29874.623454	96.466618	-156.773142	4.67898009006661e-12	1.23005134046692e-12	-1.23005134046692e-12
30155.221985	146.814127	-184.131913	4.03251720442836e-12	1.00371579383962e-12	-1.00371579383962e-12
33981.301354	377.176758	-317.350322	2.59922525446757e-12	6.98884441364667e-13	-6.98884441364667e-13
34706.072134	244.133597	-347.594023	3.1344822345911e-12	8.22669186742784e-13	-8.22669186742784e-13
35104.929135	176.243216	-154.723404	5.61779632586016e-12	1.4717396939946e-12	-1.4717396939946e-12
35657.899881	428.118890	-376.727530	2.73962672953644e-12	6.61812831199796e-13	-6.61812831199796e-13
39671.749125	127.596627	-245.993273	3.327456310473e-12	8.67789813387063e-13	-8.67789813387063e-13
40089.665637	211.143875	-290.319885	2.4748987929977e-12	6.45409328493987e-13	-6.45409328493987e-13
40442.243072	116.820440	-141.433560	4.75961207090837e-12	1.25126724586305e-12	-1.25126724586305e-12
40813.335743	227.133589	-254.272231	2.54762357006866e-12	6.7113871654565e-13	-6.7113871654565e-13
41504.737120	365.636232	-464.267788	2.83305490634838e-12	5.42428240652798e-13	-5.42428240652798e-13
45448.840432	213.638260	-222.635080	3.37181584224845e-12	8.57467910463577e-13	-8.57467910463577e-13
45855.248506	208.401186	-192.769814	3.42909380303143e-12	8.95050851011157e-13	-8.95050851011157e-13
46379.550564	235.709768	-315.900872	2.47022264510168e-12	6.51897203321416e-13	-6.51897203321416e-13
46877.036720	194.556551	-261.776389	3.00659611318853e-12	7.87674328639689e-13	-7.87674328639689e-13
47331.286227	324.492825	-259.692955	2.60001115642583e-12	6.54734921799305e-13	-6.54734921799305e-13
51297.070467	269.141585	-302.526315	2.56270327006107e-12	6.78570593408997e-13	-6.78570593408997e-13
51843.155198	176.881514	-276.943146	3.25831971804019e-12	8.53430796666136e-13	-8.53430796666136e-13
52720.062233	701.548319	-700.025521	1.81236104414896e-12	3.63737382333561e-13	-3.63737382333561e-13
89642.108424	3087.574728	-3669.200372	1.15808993667889e-12	2.59694267882022e-13	-2.59694267882022e-13
101435.314392	2874.390479	-4049.253581	1.07469615349986e-12	2.44705666217471e-13	-2.44705666217471e-13
126561.356528	12414.146403	-17595.498197	4.17128211620036e-13	8.53847874007729e-14	-8.53847874007729e-14
184483.493076	12329.535215	-27089.803633	5.71130188024031e-13	1.08057893101773e-13	-1.08057893101773e-13
298192.711091	72145.155421	-44692.396679	1.24055075852782e-13	3.43016514757229e-14	-3.43016514757229e-14
471326.693223	50024.092809	-50015.059211	1.53049969588988e-13	3.97622282801541e-14	-3.97622282801541e-14
782296.192762	108731.546450	-197141.364570	3.63782088520559e-14	1.72277352703182e-14	-1.72277352703182e-14
