!TIME		Err (pos)	Err(neg)	Flux		Error
     172.260	     1.919	     -1.785	1.52526e-08	7.70861e-10
     176.133	     1.961	     -1.954	1.14874e-08	6.42537e-10
     179.622	     1.717	     -1.527	1.33848e-08	7.46967e-10
     183.278	     2.141	     -1.940	1.15784e-08	5.85736e-10
     187.456	     1.981	     -2.037	1.13453e-08	5.69806e-10
     191.349	     1.966	     -1.913	1.31052e-08	6.59695e-10
     195.309	     1.902	     -1.994	1.33680e-08	6.78973e-10
     199.268	     2.269	     -2.056	1.33510e-08	6.20816e-10
     203.817	     2.367	     -2.280	1.46905e-08	6.38877e-10
     208.136	     2.230	     -1.953	1.16696e-08	5.89404e-10
     212.545	     1.962	     -2.178	1.28435e-08	6.51514e-10
     217.212	     2.342	     -2.706	1.66335e-08	6.69704e-10
     221.416	     2.515	     -1.862	9.44961e-09	4.18524e-10
     226.230	     2.488	     -2.299	7.94757e-09	3.47246e-10
     231.296	     2.601	     -2.578	6.97549e-09	3.05604e-10
     236.193	     2.153	     -2.296	5.52240e-09	2.86362e-10
     241.267	     2.710	     -2.921	6.47168e-09	2.82306e-10
     246.319	     2.384	     -2.341	6.25524e-09	3.00551e-10
     251.011	     2.727	     -2.308	5.89822e-09	2.81093e-10
     256.617	     2.670	     -2.879	5.60259e-09	2.59578e-10
     262.562	     2.738	     -3.275	6.92263e-09	2.87204e-10
     268.570	     2.251	     -3.270	1.33041e-08	5.83340e-10
     273.634	     3.115	     -2.813	2.42288e-08	9.59842e-10
     279.321	     2.684	     -2.572	1.94897e-08	8.49928e-10
     284.601	     3.474	     -2.597	9.50509e-09	3.69291e-10
     291.011	     3.007	     -2.936	7.20034e-09	2.79791e-10
     297.362	     3.560	     -3.344	5.67672e-09	2.27261e-10
     303.813	     3.099	     -2.891	4.51922e-09	2.17857e-10
     309.922	     3.463	     -3.010	3.42606e-09	1.83674e-10
     316.454	     3.192	     -3.069	2.60613e-09	1.61029e-10
     323.069	     3.675	     -3.424	1.96022e-09	1.32700e-10
     330.352	     3.876	     -3.608	1.49427e-09	1.14624e-10
     337.380	     3.896	     -3.151	1.15426e-09	1.02877e-10
     344.844	     3.033	     -3.568	1.22759e-09	1.08233e-10
     351.208	     3.598	     -3.332	1.19522e-09	1.03142e-10
     359.467	     4.957	     -4.661	8.62326e-10	7.62902e-11
     368.144	     3.768	     -3.720	7.34430e-10	8.05381e-11
     374.471	     2.569	     -2.558	5.30856e-10	8.38436e-11
     380.996	     3.983	     -3.956	7.18665e-10	7.72347e-11
     391.006	     5.488	     -6.028	7.94037e-10	6.94184e-11
     399.844	     3.796	     -3.349	8.44571e-10	8.97638e-11
     407.249	     4.235	     -3.609	7.49120e-10	8.02064e-11
     415.098	     4.443	     -3.615	7.01584e-10	7.87047e-11
     424.046	     4.797	     -4.504	6.82952e-10	7.19982e-11
     433.619	     3.897	     -4.776	7.20266e-10	7.73048e-11
     442.079	     5.220	     -4.564	5.00650e-10	6.09537e-11
     452.365	     5.347	     -5.066	5.02439e-10	5.86014e-11
     462.771	     5.533	     -5.058	3.75025e-10	5.00415e-11
     473.345	     4.146	     -5.041	4.32754e-10	5.71575e-11
     480.595	     2.350	     -3.104	3.66571e-10	6.69264e-11
     499.015	     7.197	     -7.847	2.85994e-10	6.15483e-11
     513.893	     7.364	     -7.680	2.67430e-10	5.89341e-11
     530.136	     8.672	     -8.879	2.22534e-10	4.97601e-11
     548.052	    10.814	     -9.244	1.95828e-10	4.40143e-11
     581.275	    20.215	    -22.409	1.44156e-10	2.59771e-11
    3968.742	   108.886	   -116.771	3.29011e-11	3.67362e-12
    4211.777	   121.597	   -134.148	2.84041e-11	3.20413e-12
    4462.826	   123.787	   -129.452	2.27380e-11	2.96325e-12
    4682.167	   122.582	    -95.554	2.43101e-11	3.30265e-12
    4945.480	   162.654	   -140.731	2.45611e-11	2.78298e-12
    5243.389	   153.086	   -135.255	1.41957e-11	1.86222e-12
    5580.715	   144.218	   -184.240	2.11089e-11	2.42613e-12
    5904.171	   179.308	   -179.238	2.05593e-11	2.30362e-12
    6245.679	   141.179	   -162.199	2.19287e-11	2.59193e-12
    9829.759	   218.124	   -197.861	1.04051e-11	1.17680e-12
   10246.351	   165.093	   -198.469	1.30801e-11	1.32936e-12
   10616.147	   203.987	   -204.705	1.19850e-11	1.18336e-12
   11050.873	   248.159	   -230.738	1.03070e-11	1.04897e-12
   11512.389	   185.308	   -213.356	1.05690e-11	1.19591e-12
   11937.676	   231.396	   -239.979	1.09191e-11	1.07917e-12
   15776.327	   283.055	   -301.149	6.34076e-12	7.27296e-13
   16380.536	   328.241	   -321.154	1.07829e-11	9.29075e-13
   17009.072	   321.520	   -300.295	8.13679e-12	8.24361e-13
   17625.096	   327.295	   -294.504	6.71380e-12	7.40439e-13
   21675.922	   452.180	   -415.352	4.89789e-12	5.23612e-13
   22535.357	   432.693	   -407.258	5.38718e-12	5.77332e-13
   23340.254	   397.527	   -372.203	4.52274e-12	5.63816e-13
   27647.287	   573.162	   -652.912	3.09890e-12	3.63030e-13
   28890.473	   631.268	   -670.023	2.60882e-12	3.16263e-13
   33391.910	   510.379	   -605.379	1.98760e-12	3.09265e-13
   34562.547	   743.820	   -660.258	2.49780e-12	2.98737e-13
   39689.734	  1399.066	  -1123.293	1.31887e-12	1.63759e-13
   45576.676	  1297.465	  -1242.434	1.74616e-12	1.93241e-13
   51301.391	  1356.973	  -1180.414	1.12551e-12	1.54405e-13
   56541.207	   345.008	   -715.168	9.78405e-13	2.57341e-13
   57661.672	   779.066	   -775.457	1.12350e-12	1.97098e-13
   62840.352	  1385.199	  -1041.867	8.61698e-13	2.08698e-13
   68094.773	   404.406	   -590.992	7.38661e-13	2.01264e-13
   69305.453	   703.117	   -806.273	5.24092e-13	1.36714e-13
   74258.930	  1534.523	  -1078.492	4.98678e-13	1.34775e-13
   80522.258	  1055.734	  -1454.070	6.13502e-13	1.14042e-13
   86148.016	  1214.438	  -1327.961	3.12137e-13	8.27491e-14
   91745.492	  1399.258	  -1108.039	4.10912e-13	9.69839e-14
   97811.500	  1117.430	  -1389.867	3.05426e-13	8.27353e-14
  105735.398	  4761.664	  -3528.945	2.45256e-13	5.34510e-14
  122468.203	 26211.234	  -8669.203	2.61216e-13	5.18988e-14
  233864.219	 66718.688	 -39041.969	7.02158e-14	1.61706e-14
  521227.875	980911.000	-118144.000	2.56275e-14	1.31161e-14
