READ TERR 1 2
NO	NO	NO	NO	NO	NO
!Time	Poserr	Negerr	Flux	PosErr	NegErr
!XRT wt mode data
170.769065	0.227117	-0.294158	1.65009879029689e-08	2.01956346991222e-09	-2.01956346991222e-09
171.287823	0.277537	-0.291641	1.59980949857278e-08	1.99472472669058e-09	-1.99472472669058e-09
171.841138	0.295324	-0.275777	1.74686528790723e-08	2.13799641896659e-09	-2.13799641896659e-09
172.514150	0.362567	-0.377688	1.47294345671346e-08	1.80274223107812e-09	-1.80274223107812e-09
173.198891	0.291626	-0.322174	1.58614924532325e-08	1.95936133594128e-09	-1.95936133594128e-09
173.841280	0.337762	-0.350763	1.28091930798596e-08	1.5823124672963e-09	-1.5823124672963e-09
174.485940	0.410090	-0.306898	1.20632256150567e-08	1.50410501110441e-09	-1.50410501110441e-09
175.362228	0.353965	-0.466198	1.12245138294197e-08	1.41269414397477e-09	-1.41269414397477e-09
176.126821	0.400656	-0.410628	1.17447633501003e-08	1.45082404585191e-09	-1.45082404585191e-09
176.928812	0.434839	-0.401334	1.05199836636491e-08	1.34925521600742e-09	-1.34925521600742e-09
177.760713	0.334162	-0.397062	1.21170875958149e-08	1.48301586827383e-09	-1.48301586827383e-09
178.371371	0.324850	-0.276496	1.53744650260202e-08	1.8848791252866e-09	-1.8848791252866e-09
178.971556	0.301085	-0.275335	1.66455802442854e-08	2.0221727408941e-09	-2.0221727408941e-09
179.696787	0.371112	-0.424146	1.1145926986364e-08	1.39184351723785e-09	-1.39184351723785e-09
180.326650	0.342595	-0.258751	1.41908182235808e-08	1.73682073810356e-09	-1.73682073810356e-09
180.976307	0.361893	-0.307061	1.22642432091037e-08	1.54576074957029e-09	-1.54576074957029e-09
181.689246	0.321465	-0.351047	1.21214204975107e-08	1.49735231978742e-09	-1.49735231978742e-09
182.272137	0.318572	-0.261425	1.39885176487624e-08	1.74416031669606e-09	-1.74416031669606e-09
182.903825	0.313125	-0.313115	1.29216856601515e-08	1.59620864335478e-09	-1.59620864335478e-09
183.573556	0.328359	-0.356607	1.15343019408044e-08	1.41168846229297e-09	-1.41168846229297e-09
184.278566	0.377696	-0.376651	1.01612559152512e-08	1.25521430560281e-09	-1.25521430560281e-09
185.038701	0.380796	-0.382438	1.05306443408048e-08	1.27930547585868e-09	-1.27930547585868e-09
185.776266	0.317522	-0.356769	1.21247985371869e-08	1.47034779937688e-09	-1.47034779937688e-09
186.463867	0.361144	-0.370080	1.06997436026191e-08	1.32173339047248e-09	-1.32173339047248e-09
187.179226	0.252473	-0.354214	1.2414134501968e-08	1.53351113286054e-09	-1.53351113286054e-09
187.796391	0.451915	-0.364692	9.23890040024558e-09	1.12038122158536e-09	-1.12038122158536e-09
188.532156	0.331708	-0.283851	1.23495164712406e-08	1.49759882907508e-09	-1.49759882907508e-09
189.124880	0.311864	-0.261017	1.3425913077615e-08	1.62813112625171e-09	-1.62813112625171e-09
189.744181	0.336610	-0.307437	1.2450453362812e-08	1.50983922348906e-09	-1.50983922348906e-09
190.377435	0.294028	-0.296644	1.37491698166706e-08	1.73044217101386e-09	-1.73044217101386e-09
190.966022	0.280101	-0.294558	1.50206601926876e-08	1.83838545932817e-09	-1.83838545932817e-09
191.603859	0.273857	-0.357736	1.42451678176917e-08	1.74347261972843e-09	-1.74347261972843e-09
192.285145	0.268641	-0.407429	1.32650165877557e-08	1.60861957079598e-09	-1.60861957079598e-09
192.906111	0.409136	-0.352325	1.12928514355939e-08	1.39499965786653e-09	-1.39499965786653e-09
193.660918	0.358820	-0.345670	1.22865194162471e-08	1.51774689344513e-09	-1.51774689344513e-09
194.280322	0.335425	-0.260584	1.49481365160523e-08	1.82950923425695e-09	-1.82950923425695e-09
195.011191	0.355350	-0.395445	1.17421118884715e-08	1.4640668790067e-09	-1.4640668790067e-09
195.719215	0.273582	-0.352674	1.39384704244016e-08	1.7379201642131e-09	-1.7379201642131e-09
196.285417	0.308726	-0.292621	1.46431769717601e-08	1.79218509811329e-09	-1.79218509811329e-09
196.928616	0.282886	-0.334473	1.38872675063126e-08	1.74782283604517e-09	-1.74782283604517e-09
197.498896	0.265917	-0.287393	1.55263091088703e-08	1.90027205330075e-09	-1.90027205330075e-09
198.073802	0.324379	-0.308989	1.27496167166307e-08	1.56043140877895e-09	-1.56043140877895e-09
198.650036	0.255188	-0.251855	1.6300603289636e-08	1.93022377652622e-09	-1.93022377652622e-09
199.161123	0.261822	-0.255898	1.55521261799589e-08	1.92114549058562e-09	-1.92114549058562e-09
199.791315	0.387761	-0.368370	1.17557221792669e-08	1.43878820709354e-09	-1.43878820709354e-09
200.513786	0.314674	-0.334710	1.33175605139508e-08	1.62994230833871e-09	-1.62994230833871e-09
201.160717	0.375837	-0.332257	1.14614477455738e-08	1.40277182809046e-09	-1.40277182809046e-09
201.825562	0.299874	-0.289008	1.38925712511602e-08	1.68472174196606e-09	-1.68472174196606e-09
202.418305	0.242643	-0.292870	1.60262019203495e-08	1.96145418333422e-09	-1.96145418333422e-09
202.934300	0.256829	-0.273352	1.64573330923893e-08	2.03296521164921e-09	-2.03296521164921e-09
203.482835	0.272279	-0.291706	1.52873397940321e-08	1.87102451816981e-09	-1.87102451816981e-09
204.040589	0.322988	-0.285475	1.38939159479711e-08	1.71630770347696e-09	-1.71630770347696e-09
204.582287	0.291902	-0.218710	1.73337669058564e-08	2.09040922216426e-09	-2.09040922216426e-09
205.208982	0.291462	-0.334792	1.38929052770722e-08	1.70035899688873e-09	-1.70035899688873e-09
205.876516	0.307116	-0.376072	1.28651072887422e-08	1.58921954416422e-09	-1.58921954416422e-09
206.480435	0.345463	-0.296804	1.39853914858524e-08	1.69597783804932e-09	-1.69597783804932e-09
207.132455	0.269871	-0.306557	1.50616040744113e-08	1.82648777863733e-09	-1.82648777863733e-09
207.780758	0.388366	-0.378432	1.09487751759827e-08	1.32773399383566e-09	-1.32773399383566e-09
208.534654	0.340771	-0.365530	1.1450170198902e-08	1.41443314901835e-09	-1.41443314901835e-09
209.241240	0.413445	-0.365814	1.00860593621704e-08	1.25758173970517e-09	-1.25758173970517e-09
209.993084	0.373270	-0.338398	1.11016321625008e-08	1.37137845251947e-09	-1.37137845251947e-09
210.743387	0.322131	-0.377033	1.13752689022478e-08	1.39222433174602e-09	-1.39222433174602e-09
211.394726	0.348629	-0.329207	1.24848896920593e-08	1.54225146056664e-09	-1.54225146056664e-09
212.089278	0.403086	-0.345923	1.26544426466232e-08	1.54878300062599e-09	-1.54878300062599e-09
212.933035	0.331488	-0.440671	1.2617928390001e-08	1.57326822211833e-09	-1.57326822211833e-09
213.578439	0.328350	-0.313917	1.43106926331476e-08	1.80111427899016e-09	-1.80111427899016e-09
214.223004	0.283339	-0.316215	1.49987721476235e-08	1.85576951015121e-09	-1.85576951015121e-09
214.869130	0.334633	-0.362788	1.28215745217157e-08	1.56923833890099e-09	-1.56923833890099e-09
215.529806	0.266408	-0.326043	1.51543072878773e-08	1.83772968272891e-09	-1.83772968272891e-09
216.090628	0.283805	-0.294414	1.55326980288053e-08	1.91874553076962e-09	-1.91874553076962e-09
216.644646	0.236830	-0.270213	2.02602561762228e-08	2.34324609033369e-09	-2.34324609033369e-09
217.194667	0.240109	-0.313191	1.57461578681648e-08	1.98177892534144e-09	-1.98177892534144e-09
217.689074	0.250976	-0.254298	2.28444310979249e-08	2.40801448140511e-09	-2.40801448140511e-09
218.233055	0.244293	-0.293006	1.65074369273181e-08	2.03915447409673e-09	-2.03915447409673e-09
218.768805	0.265412	-0.291457	1.67250736591077e-08	2.07247023603197e-09	-2.07247023603197e-09
219.306875	0.246849	-0.272659	2.11812311932748e-08	2.40204523984303e-09	-2.40204523984303e-09
219.822102	0.244002	-0.268378	2.09034635506863e-08	2.43774183718541e-09	-2.43774183718541e-09
220.366413	0.290354	-0.300308	1.27175331957616e-08	1.5856874142557e-09	-1.5856874142557e-09
220.915322	0.260951	-0.258556	9.08000316657904e-09	1.13288707830094e-09	-1.13288707830094e-09
221.461597	0.223509	-0.285324	1.01345057861727e-08	1.22898935890517e-09	-1.22898935890517e-09
221.931943	0.281565	-0.246837	1.01099692975822e-08	1.22176196707732e-09	-1.22176196707732e-09
222.578408	0.302275	-0.364900	7.16681240159517e-09	8.69103640737933e-10	-8.69103640737933e-10
223.147525	0.240210	-0.266842	9.66533691661147e-09	1.14122395884539e-09	-1.14122395884539e-09
223.666226	0.264161	-0.278490	8.40889170883929e-09	1.03135780322123e-09	-1.03135780322123e-09
224.188310	0.252688	-0.257923	9.88899808313407e-09	1.14957269436533e-09	-1.14957269436533e-09
224.732513	0.224418	-0.291515	9.76281678903264e-09	1.17980957413383e-09	-1.17980957413383e-09
225.292667	0.340321	-0.335736	7.17053017157082e-09	8.86158922554619e-10	-8.86158922554619e-10
225.962995	0.294463	-0.330006	7.49697016620027e-09	9.17757423479957e-10	-9.17757423479957e-10
226.527053	0.280157	-0.269595	8.41301984928331e-09	1.02022850990452e-09	-1.02022850990452e-09
227.075388	0.262019	-0.268178	9.10861082010011e-09	1.10458128738986e-09	-1.10458128738986e-09
227.744751	0.373676	-0.407344	6.13080172992834e-09	7.87363045624881e-10	-7.87363045624881e-10
228.439417	0.278577	-0.320991	8.24116077816131e-09	1.01847119430896e-09	-1.01847119430896e-09
228.996754	0.276315	-0.278760	8.73209942748486e-09	1.07914308660888e-09	-1.07914308660888e-09
229.590183	0.300245	-0.317114	7.51799789759276e-09	9.20331619894291e-10	-9.20331619894291e-10
230.291132	0.387459	-0.400704	5.53357192501998e-09	6.90408590172823e-10	-6.90408590172823e-10
231.000201	0.274388	-0.321610	7.42364046286244e-09	9.0878064266311e-10	-9.0878064266311e-10
231.571359	0.356171	-0.296770	6.87237840041595e-09	8.35063657355185e-10	-8.35063657355185e-10
232.270512	0.322415	-0.342981	6.90928036951399e-09	8.45814168294691e-10	-8.45814168294691e-10
232.997416	0.335633	-0.404489	6.46661867566684e-09	7.9162478816397e-10	-7.9162478816397e-10
233.580001	0.317022	-0.246952	8.46307398404787e-09	1.03602510193472e-09	-1.03602510193472e-09
234.334707	0.357577	-0.437684	5.7509054394593e-09	7.12010291620474e-10	-7.12010291620474e-10
234.986444	0.367677	-0.294160	4.40885960072996e-09	6.5723397180188e-10	-6.5723397180188e-10
235.767683	0.355024	-0.413561	5.52648345047548e-09	6.89524173246198e-10	-6.89524173246198e-10
236.497451	0.404517	-0.374744	5.59618940276855e-09	6.78637630444505e-10	-6.78637630444505e-10
237.254053	0.354231	-0.352085	6.12271150570337e-09	7.56665891967395e-10	-7.56665891967395e-10
237.978253	0.368370	-0.369969	6.00487851001626e-09	7.28198492980711e-10	-7.28198492980711e-10
238.730118	0.324596	-0.383494	6.39437159160367e-09	7.84275176971987e-10	-7.84275176971987e-10
239.488241	0.409768	-0.433527	5.5452560387244e-09	6.78834252695674e-10	-6.78834252695674e-10
240.228424	0.276269	-0.330415	8.01170319643771e-09	9.64495728487771e-10	-9.64495728487771e-10
240.929674	0.420107	-0.424981	5.3602924394908e-09	6.62443502780478e-10	-6.62443502780478e-10
241.680538	0.386234	-0.330757	6.31910398554636e-09	7.66303916965738e-10	-7.66303916965738e-10
242.389627	0.287387	-0.322855	7.67618112211603e-09	9.39695910700371e-10	-9.39695910700371e-10
242.990156	0.345132	-0.313142	7.13441123267065e-09	8.81695228952073e-10	-8.81695228952073e-10
243.650229	0.327313	-0.314940	7.29950312256428e-09	8.85194767796346e-10	-8.85194767796346e-10
244.351213	0.345097	-0.373672	6.39150259554796e-09	7.75083520579625e-10	-7.75083520579625e-10
245.060109	0.305136	-0.363798	6.55538379003427e-09	8.1789725114741e-10	-8.1789725114741e-10
245.667363	0.331253	-0.302118	6.846138184454e-09	8.54173870173845e-10	-8.54173870173845e-10
246.297317	0.428965	-0.298701	6.15569745706299e-09	7.60742412016466e-10	-7.60742412016466e-10
247.051516	0.359732	-0.325235	6.76932177135429e-09	8.20900820084944e-10	-8.20900820084944e-10
247.781532	0.287996	-0.370283	4.59429762172526e-09	6.94722891508423e-10	-6.94722891508423e-10
248.396622	0.306272	-0.327095	7.34163445173539e-09	8.92083015620562e-10	-8.92083015620562e-10
249.000642	0.282237	-0.297749	7.84662601495187e-09	9.79001964226033e-10	-9.79001964226033e-10
249.650342	0.317501	-0.367462	6.85070481942222e-09	8.40244815214696e-10	-8.40244815214696e-10
250.322585	0.285746	-0.354743	7.24892482062296e-09	8.8739243462093e-10	-8.8739243462093e-10
251.014442	0.373149	-0.406111	5.89382507274348e-09	7.14731271458438e-10	-7.14731271458438e-10
251.688365	0.412649	-0.300774	4.75712138080783e-09	6.59694062941495e-10	-6.59694062941495e-10
252.460491	0.444681	-0.359477	5.30357671239337e-09	6.49248555804955e-10	-6.49248555804955e-10
253.271320	0.466486	-0.366148	5.43887620540027e-09	6.59560636500488e-10	-6.59560636500488e-10
254.163608	0.433519	-0.425801	5.5144557893561e-09	6.75063781325425e-10	-6.75063781325425e-10
255.046473	0.390405	-0.449346	5.31804200797227e-09	6.51019350628697e-10	-6.51019350628697e-10
255.894244	0.373490	-0.457365	5.18765066313653e-09	6.29095039027483e-10	-6.29095039027483e-10
256.660342	0.484501	-0.392608	5.04408399820711e-09	6.11685048430499e-10	-6.11685048430499e-10
257.532341	0.313467	-0.387498	6.40469757857117e-09	7.91514709094825e-10	-7.91514709094825e-10
258.198379	0.380444	-0.352571	6.13588650322188e-09	7.51137525863963e-10	-7.51137525863963e-10
258.939282	0.347621	-0.360459	6.28925482492937e-09	7.62684176774879e-10	-7.62684176774879e-10
259.650623	0.337274	-0.363720	6.2816601456528e-09	7.61763203830865e-10	-7.61763203830865e-10
260.352294	0.413084	-0.364397	5.62784413080903e-09	6.82476363842395e-10	-6.82476363842395e-10
261.189991	0.365316	-0.424613	5.64726864552438e-09	6.84831920794467e-10	-6.84831920794467e-10
261.902349	0.375238	-0.347042	6.87771564040201e-09	8.41950095942885e-10	-8.41950095942885e-10
262.571061	0.282964	-0.293475	9.15999288476239e-09	1.13202365448958e-09	-1.13202365448958e-09
263.175619	0.320689	-0.321593	7.78511595883654e-09	9.53031400248494e-10	-9.53031400248494e-10
263.832162	0.322425	-0.335854	7.54669418475433e-09	9.16999859424142e-10	-9.16999859424142e-10
264.441030	0.329122	-0.286444	8.14455785055262e-09	1.01617413901965e-09	-1.01617413901965e-09
265.030587	0.269746	-0.260435	9.97164851422576e-09	1.22070044387408e-09	-1.22070044387408e-09
265.574948	0.268030	-0.274615	1.00897628540963e-08	1.23515961864302e-09	-1.23515961864302e-09
266.116859	0.339907	-0.273882	9.37862896959946e-09	1.13959851524845e-09	-1.13959851524845e-09
266.742136	0.280394	-0.285370	1.03964264628145e-08	1.28482635677111e-09	-1.28482635677111e-09
267.274175	0.260746	-0.251645	1.68749649131182e-08	1.89296283640837e-09	-1.89296283640837e-09
267.903127	0.343447	-0.368206	2.26467225083262e-08	2.74631849956694e-09	-2.74631849956694e-09
268.570668	0.364430	-0.324095	2.09396723198342e-08	2.62855690822261e-09	-2.62855690822261e-09
269.318760	0.349344	-0.383661	1.96720296196554e-08	2.44803347681381e-09	-2.44803347681381e-09
269.976839	0.239226	-0.308736	2.77156252478498e-08	3.41926665415004e-09	-3.41926665415004e-09
270.544980	0.275979	-0.328915	2.6028195089898e-08	3.1835492013998e-09	-3.1835492013998e-09
271.115986	0.274296	-0.295026	2.71855784355686e-08	3.32511062189254e-09	-3.32511062189254e-09
271.636403	0.284061	-0.246121	3.04418744540879e-08	3.61676133896545e-09	-3.61676133896545e-09
272.285580	0.275372	-0.365115	2.2875266303167e-08	2.89676149052146e-09	-2.89676149052146e-09
272.877087	0.253188	-0.316135	2.57257251253324e-08	3.22935009814426e-09	-3.22935009814426e-09
273.432361	0.288586	-0.302086	2.5597816765621e-08	3.15799342349044e-09	-3.15799342349044e-09
273.995047	0.234732	-0.274100	3.1276465345785e-08	3.79282851862663e-09	-3.79282851862663e-09
274.524674	0.244182	-0.294895	2.98942172216674e-08	3.68803876414865e-09	-3.68803876414865e-09
275.087359	0.364678	-0.318502	2.17907333589229e-08	2.66525868172845e-09	-2.66525868172845e-09
275.761256	0.279662	-0.309219	2.20082739560803e-08	2.81158832149671e-09	-2.81158832149671e-09
276.401870	0.347142	-0.360953	1.82968697221442e-08	2.27690536901393e-09	-2.27690536901393e-09
277.005800	0.324989	-0.256788	2.22553542144121e-08	2.74563501634587e-09	-2.74563501634587e-09
277.683194	0.318328	-0.352405	1.90819629113463e-08	2.39535866562945e-09	-2.39535866562945e-09
278.329955	0.356533	-0.328433	1.9206706288429e-08	2.37184942189916e-09	-2.37184942189916e-09
278.984564	0.308590	-0.298076	2.18498523715904e-08	2.67533405834822e-09	-2.67533405834822e-09
279.675400	0.297370	-0.382246	1.93499262929932e-08	2.36671973743022e-09	-2.36671973743022e-09
280.348674	0.332183	-0.375904	1.8472664252105e-08	2.24270882683826e-09	-2.24270882683826e-09
281.013833	0.300395	-0.332976	1.98357689011542e-08	2.42614390353777e-09	-2.42614390353777e-09
281.714013	0.290518	-0.399786	1.75765700682189e-08	2.16841511681106e-09	-2.16841511681106e-09
282.372124	0.356516	-0.367592	1.6542511381229e-08	2.00607415598146e-09	-2.00607415598146e-09
283.112589	0.397092	-0.383950	1.47600664446576e-08	1.82094404903966e-09	-1.82094404903966e-09
283.960497	0.424501	-0.450816	1.33135456160445e-08	1.62840057680122e-09	-1.62840057680122e-09
284.650867	0.251854	-0.265869	9.84076117329445e-09	1.19800483768161e-09	-1.19800483768161e-09
285.145412	0.275036	-0.242692	8.52166239299574e-09	1.02981947653455e-09	-1.02981947653455e-09
285.684210	0.241512	-0.263762	9.27809547560333e-09	1.08986480344165e-09	-1.08986480344165e-09
286.202195	0.260825	-0.276473	8.89484473658371e-09	1.0377137791159e-09	-1.0377137791159e-09
286.712911	0.255383	-0.249891	1.03746588510779e-08	1.15468240327903e-09	-1.15468240327903e-09
287.179138	0.299767	-0.210844	8.66522243588358e-09	1.04317019702632e-09	-1.04317019702632e-09
287.788581	0.286333	-0.309677	7.09312760648328e-09	8.68320192229603e-10	-8.68320192229603e-10
288.326599	0.251810	-0.251684	9.38882615036935e-09	1.06995602655815e-09	-1.06995602655815e-09
288.833720	0.290881	-0.255310	7.59607417630531e-09	9.38749166265477e-10	-9.38749166265477e-10
289.478602	0.346964	-0.354001	5.98620408255849e-09	7.39795803475171e-10	-7.39795803475171e-10
290.140992	0.307267	-0.315426	6.90001685544213e-09	8.44680149335668e-10	-8.44680149335668e-10
290.758597	0.232297	-0.310339	8.03547111418001e-09	9.93051328905561e-10	-9.93051328905561e-10
291.338093	0.238136	-0.347198	7.63253405242273e-09	9.25580687683693e-10	-9.25580687683693e-10
291.849677	0.326121	-0.273448	7.28499556777863e-09	9.00304983663994e-10	-9.00304983663994e-10
292.503050	0.297222	-0.327253	7.01564633282033e-09	8.5077209314879e-10	-8.5077209314879e-10
293.180464	0.331457	-0.380191	5.92524060836892e-09	7.39276009171011e-10	-7.39276009171011e-10
293.762978	0.254207	-0.251057	8.74956943750761e-09	1.04780525317102e-09	-1.04780525317102e-09
294.450833	0.411435	-0.433648	4.91642543818221e-09	6.07588896537923e-10	-6.07588896537923e-10
295.169897	0.306173	-0.307628	6.74293108794032e-09	8.25450154185869e-10	-8.25450154185869e-10
295.783467	0.265483	-0.307398	7.21185151986196e-09	8.82854054002267e-10	-8.82854054002267e-10
296.430237	0.321465	-0.381287	5.79592834483205e-09	7.23142046594972e-10	-7.23142046594972e-10
297.097167	0.362617	-0.345465	5.80110384212265e-09	7.16920481880505e-10	-7.16920481880505e-10
297.726346	0.272505	-0.266561	7.80234177584917e-09	9.46172922984911e-10	-9.46172922984911e-10
298.338934	0.341315	-0.340083	6.16020023100434e-09	7.61298892408597e-10	-7.61298892408597e-10
299.043275	0.366418	-0.363026	5.93029017244746e-09	7.19153339445896e-10	-7.19153339445896e-10
299.872585	0.373301	-0.462892	5.09474060102678e-09	6.17828044778303e-10	-6.17828044778303e-10
300.575387	0.346569	-0.329502	4.12172974817202e-09	6.14431199625008e-10	-6.14431199625008e-10
301.224222	0.322210	-0.302266	4.47767699331736e-09	6.67492682527253e-10	-6.67492682527253e-10
301.933347	0.486628	-0.386915	4.85395632765772e-09	5.95341921266565e-10	-5.95341921266565e-10
302.824241	0.378545	-0.404266	5.41922583522648e-09	6.57177650003241e-10	-6.57177650003241e-10
303.528685	0.392871	-0.325900	3.83614217517888e-09	5.80079053747209e-10	-5.80079053747209e-10
304.306939	0.436576	-0.385383	5.0897438591887e-09	6.1722209138986e-10	-6.1722209138986e-10
305.110824	0.445755	-0.367309	4.41659561289022e-09	5.81279525909257e-10	-5.81279525909257e-10
305.857597	0.408857	-0.301018	3.80918060436982e-09	5.92887828869918e-10	-5.92887828869918e-10
306.553961	0.358317	-0.287508	4.48465792099868e-09	6.6122675995394e-10	-6.6122675995394e-10
307.274856	0.313484	-0.362578	4.19620326052208e-09	6.34525380051053e-10	-6.34525380051053e-10
307.937428	0.358996	-0.349088	4.08124753664606e-09	6.08396456957287e-10	-6.08396456957287e-10
308.682918	0.367858	-0.386494	3.767290364799e-09	5.69667674788268e-10	-5.69667674788268e-10
309.470100	0.436440	-0.419323	3.37635806665361e-09	5.04815915670762e-10	-5.04815915670762e-10
310.321123	0.321978	-0.414584	3.85696039182491e-09	5.74961701744457e-10	-5.74961701744457e-10
311.006889	0.413693	-0.363788	3.63604297036953e-09	5.42029285359503e-10	-5.42029285359503e-10
311.867429	0.478283	-0.446847	3.04267590763068e-09	4.53575325300613e-10	-4.53575325300613e-10
312.953321	0.431404	-0.607609	2.66420398369069e-09	4.02865368727693e-10	-4.02865368727693e-10
313.892317	0.458477	-0.507591	2.8522484519911e-09	4.31300381972593e-10	-4.31300381972593e-10
314.934150	0.539257	-0.583356	2.47222087101734e-09	3.68536928644217e-10	-3.68536928644217e-10
315.970612	0.449281	-0.497204	2.85930434522258e-09	4.38633172899879e-10	-4.38633172899879e-10
316.964945	0.392545	-0.545052	2.9469821580318e-09	4.39310164895392e-10	-4.39310164895392e-10
317.863607	0.525781	-0.506117	2.67245866609427e-09	3.98386603108534e-10	-3.98386603108534e-10
319.105396	0.540059	-0.716009	2.18663896622863e-09	3.30650767246388e-10	-3.30650767246388e-10
320.269686	0.448572	-0.624231	2.58660625397841e-09	3.91131524533438e-10	-3.91131524533438e-10
321.438956	0.789781	-0.720698	1.87728788955851e-09	2.79849565200221e-10	-2.79849565200221e-10
323.115689	0.612857	-0.886952	1.9115992654697e-09	2.8496438396406e-10	-2.8496438396406e-10
324.506739	0.533013	-0.778192	2.16422876030968e-09	3.27262064716907e-10	-3.27262064716907e-10
325.915199	0.828958	-0.875448	1.68596712394086e-09	2.51329162105139e-10	-2.51329162105139e-10
327.545653	0.831751	-0.801495	1.76174402280215e-09	2.62625292855678e-10	-2.62625292855678e-10
329.415567	0.845917	-1.038163	1.47749951490764e-09	2.29968466285406e-10	-2.29968466285406e-10
331.232809	1.008830	-0.971325	1.40061076234697e-09	2.18000942222822e-10	-2.18000942222822e-10
333.271384	0.957528	-1.029744	1.42087691570383e-09	2.14856719661353e-10	-2.14856719661353e-10
335.168482	0.992569	-0.939570	1.43766615734234e-09	2.20545967697552e-10	-2.20545967697552e-10
337.267152	1.237008	-1.106102	1.19286258850441e-09	1.8037773441334e-10	-1.8037773441334e-10
339.728456	1.547583	-1.224295	9.91884796157857e-10	1.52160620386183e-10	-1.52160620386183e-10
342.706389	1.216980	-1.430350	1.04440587426471e-09	1.57928962794924e-10	-1.57928962794924e-10
344.897013	0.983402	-0.973644	1.42286928346036e-09	2.12108839634978e-10	-2.12108839634978e-10
346.968967	0.907616	-1.088551	1.35794690087586e-09	2.08316617085474e-10	-2.08316617085474e-10
348.954342	1.028716	-1.077758	1.31677109124365e-09	1.96292620238668e-10	-1.96292620238668e-10
351.093915	1.189542	-1.110857	1.20650687054726e-09	1.79855432117971e-10	-1.79855432117971e-10
353.573834	1.232433	-1.290377	1.10085621141149e-09	1.64105975980313e-10	-1.64105975980313e-10
356.609783	1.354426	-1.803516	8.83456395063307e-10	1.3359110273088e-10	-1.3359110273088e-10
359.292385	1.224861	-1.328176	1.10975945544704e-09	1.67811329754929e-10	-1.67811329754929e-10
362.404068	2.020155	-1.886821	7.38117186340032e-10	1.11613792482352e-10	-1.11613792482352e-10
366.358897	1.166315	-1.934675	9.3559411830013e-10	1.39470148930421e-10	-1.39470148930421e-10
370.007072	1.905463	-2.481860	6.33791532313532e-10	9.86478142677125e-11	-9.86478142677125e-11
374.470663	2.569314	-2.558129	5.30855806285224e-10	8.38436255637984e-11	-8.38436255637984e-11
379.016181	1.566030	-1.976204	8.06623683732085e-10	1.20244352520763e-10	-1.20244352520763e-10
382.953901	2.024509	-2.371690	6.5688991684603e-10	1.00770538815095e-10	-1.00770538815095e-10
387.081155	2.208075	-2.102745	7.01635158792726e-10	1.06097166223614e-10	-1.06097166223614e-10
390.965369	2.182781	-1.676139	8.18884774343125e-10	1.2207211519561e-10	-1.2207211519561e-10
394.900861	1.593825	-1.752710	9.20875866977526e-10	1.39249495695431e-10	-1.39249495695431e-10
397.986213	1.919069	-1.491528	8.90288104294624e-10	1.34624177906681e-10	-1.34624177906681e-10
401.713346	1.926294	-1.808064	8.07976680859794e-10	1.20446070123797e-10	-1.20446070123797e-10
405.276266	2.103092	-1.636627	7.93362579847916e-10	1.18267513646113e-10	-1.18267513646113e-10
409.253366	2.230432	-1.874008	7.11443808141873e-10	1.09139440655534e-10	-1.09139440655534e-10
413.065137	1.444947	-1.581338	1.00320744572845e-09	1.49549323077473e-10	-1.49549323077473e-10
417.191951	2.349482	-2.681867	5.86041858858484e-10	9.25597382241981e-11	-9.25597382241981e-11
421.828650	2.249553	-2.287217	6.93901542213192e-10	1.03440719978079e-10	-1.03440719978079e-10
426.223339	2.619364	-2.145136	6.72662472109375e-10	1.00274628619758e-10	-1.00274628619758e-10
431.482572	2.320334	-2.639870	6.39650464891099e-10	9.67242299674404e-11	-9.67242299674404e-11
435.734463	1.781455	-1.931557	8.62818735017702e-10	1.28621422775229e-10	-1.28621422775229e-10
439.842363	2.934432	-2.326445	5.13393000826346e-10	8.32833211403046e-11	-8.32833211403046e-11
444.828930	2.470401	-2.052136	4.85950027126726e-10	8.94496227801234e-11	-8.94496227801234e-11
449.072687	2.660225	-1.773355	4.71084703301736e-10	8.78729127527857e-11	-8.78729127527857e-11
454.545441	3.167078	-2.812529	5.27552727297008e-10	7.86429349666607e-11	-7.86429349666607e-11
460.287464	1.935138	-2.574945	4.5318440670147e-10	8.45339399852676e-11	-8.45339399852676e-11
465.278693	3.024967	-3.056091	3.32859442435577e-10	6.20893216434558e-11	-6.20893216434558e-11
471.077162	2.079933	-2.773502	4.12410109182346e-10	7.69281698873768e-11	-7.69281698873768e-11
475.632387	1.858657	-2.475292	4.57825415761134e-10	8.5399647010403e-11	-8.5399647010403e-11
480.595417	2.350430	-3.104373	3.66571012038962e-10	6.6926383429356e-11	-6.6926383429356e-11
NO	NO	NO	NO	NO	NO
!Time	Poserr	Negerr	Flux	PosErr	NegErr
!XRT pc mode data
499.015380	7.196971	-7.846937	2.85993656263584e-10	6.15483512102923e-11	-6.15483512102923e-11
513.892660	7.363592	-7.680308	2.67429857391935e-10	5.89340634672775e-11	-5.89340634672775e-11
530.135553	8.671858	-8.879302	2.22533906031338e-10	4.9760102293991e-11	-4.9760102293991e-11
548.051522	10.814450	-9.244110	1.95827592465386e-10	4.40143127835956e-11	-4.40143127835956e-11
581.275241	20.215031	-22.409269	1.44155587139856e-10	2.59771363205382e-11	-2.59771363205382e-11
3891.163831	23.489840	-39.192860	3.10769348266396e-11	6.7815622742282e-12	-6.7815622742282e-12
3939.067812	30.746640	-24.414140	3.34502532313005e-11	7.51027473430005e-12	-7.51027473430005e-12
4000.125357	27.357195	-30.310905	3.16689120655373e-11	7.139491615549e-12	-7.139491615549e-12
4049.893378	27.735334	-22.410826	3.65062248616315e-11	8.16302136987034e-12	-8.16302136987034e-12
4109.539823	38.293528	-31.911112	2.59084762157858e-11	5.8169972514032e-12	-5.8169972514032e-12
4187.023068	28.507643	-39.189717	2.68782659850531e-11	6.05946492644737e-12	-6.05946492644737e-12
4242.699996	33.006176	-27.169285	3.04568683288011e-11	6.83817802097581e-12	-6.83817802097581e-12
4305.896674	27.477617	-30.190503	3.21175603407763e-11	7.21107974324679e-12	-7.21107974324679e-12
4384.472847	29.135365	-51.098555	2.33943216560452e-11	5.27405765428635e-12	-5.27405765428635e-12
4460.447521	33.394631	-46.839309	2.38489102319286e-11	5.37655976589068e-12	-5.37655976589068e-12
4539.532006	47.080606	-45.689854	2.13068784898128e-11	4.80346423521422e-12	-4.80346423521422e-12
4611.666814	20.077398	-25.054202	4.48490138401327e-11	1.00695459544079e-11	-1.00695459544079e-11
4680.449179	41.558273	-48.704967	2.13109303225789e-11	4.84410156066757e-12	-4.84410156066757e-12
4760.932664	43.816028	-38.925212	2.2403295353381e-11	5.0506631253925e-12	-5.0506631253925e-12
4831.173393	28.736219	-26.424701	3.32436605469118e-11	7.46391398914531e-12	-7.46391398914531e-12
4901.596383	36.039869	-41.686771	2.51899781452356e-11	5.56157272780117e-12	-5.56157272780117e-12
4986.629851	33.747761	-48.993599	2.32242627733181e-11	5.23570158626774e-12	-5.23570158626774e-12
5059.922783	48.210789	-39.545171	2.15528202632554e-11	4.85891812743794e-12	-4.85891812743794e-12
5159.414543	59.040829	-51.280971	1.73895998799674e-11	3.86967742407958e-12	-3.86967742407958e-12
5257.899678	43.297074	-39.444306	1.18576558075359e-11	2.68490449668927e-12	-2.68490449668927e-12
5342.606279	53.868413	-41.409527	1.55360156729576e-11	3.47396660961065e-12	-3.47396660961065e-12
5470.696540	48.636612	-74.221848	1.56249325923847e-11	3.42290540612005e-12	-3.42290540612005e-12
5552.194020	27.314712	-32.860868	3.19196726152632e-11	6.96544846603635e-12	-6.96544846603635e-12
5618.210045	31.503567	-38.701314	2.59643655715228e-11	5.80582334455245e-12	-5.80582334455245e-12
5689.908471	35.024641	-40.194859	2.40625116756072e-11	5.40251596972866e-12	-5.40251596972866e-12
5779.398721	40.812471	-54.465609	1.91115366833242e-11	4.29092271785246e-12	-4.29092271785246e-12
5861.145204	39.300167	-40.934013	2.28241844939409e-11	5.1244991879727e-12	-5.1244991879727e-12
5935.731521	49.962671	-35.286149	2.14123589054538e-11	4.84710591863102e-12	-4.84710591863102e-12
6032.861972	50.617600	-47.167780	1.97380476297547e-11	4.32394342063873e-12	-4.32394342063873e-12
6128.181864	43.053828	-44.702292	2.06722184988672e-11	4.69890742912915e-12	-4.69890742912915e-12
6224.739397	29.237794	-53.503706	2.2147515899975e-11	4.97256014357628e-12	-4.97256014357628e-12
6329.100072	57.757740	-75.122880	2.26901793842752e-11	3.98033848234019e-12	-3.98033848234019e-12
9687.860295	41.593577	-55.962892	1.35613380086265e-11	3.05780114138413e-12	-3.05780114138413e-12
9777.813200	44.411192	-48.359328	1.03768994359198e-11	2.33975713163532e-12	-2.33975713163532e-12
9878.728305	38.773886	-56.503914	1.07312099441311e-11	2.40956437950889e-12	-2.40956437950889e-12
9991.276932	56.605519	-73.774741	8.91189248349652e-12	1.96025167680974e-12	-1.96025167680974e-12
10090.843200	49.809812	-42.960748	1.08980652997952e-11	2.48848734692155e-12	-2.48848734692155e-12
10183.002003	30.363029	-42.348991	1.30739387702094e-11	2.96025711599066e-12	-2.96025711599066e-12
10246.444229	37.125602	-33.079198	1.3588920205128e-11	3.03858755133916e-12	-3.03858755133916e-12
10327.926631	30.862561	-44.356799	1.26995103696254e-11	2.83970944965819e-12	-2.83970944965819e-12
10385.459771	25.983000	-26.670580	1.90355939214336e-11	4.15389393752037e-12	-4.15389393752037e-12
10446.016047	38.138845	-34.573275	1.30411491859283e-11	2.92822489882707e-12	-2.92822489882707e-12
10526.120889	48.297283	-41.965997	1.04600147662853e-11	2.34867851087432e-12	-2.34867851087432e-12
10611.257248	40.887703	-36.839077	1.21051551321092e-11	2.71806473020104e-12	-2.71806473020104e-12
10694.556722	32.807670	-42.411770	1.33046491351998e-11	2.90331252029235e-12	-2.90331252029235e-12
10772.829547	47.305505	-45.465156	1.18643982431669e-11	2.48287696051259e-12	-2.48287696051259e-12
10851.710220	33.615012	-31.575168	1.46657104721092e-11	3.29300676702292e-12	-3.29300676702292e-12
10943.072001	52.575150	-57.746770	8.4995366750004e-12	1.93265737500179e-12	-1.93265737500179e-12
11053.796684	49.665048	-58.149532	1.23764999914204e-11	2.70076195379496e-12	-2.70076195379496e-12
11152.070882	41.654290	-48.609150	1.08655251281021e-11	2.40912192162466e-12	-2.40912192162466e-12
11248.219770	50.812782	-54.494598	9.06271762001607e-12	2.04345259259613e-12	-2.04345259259613e-12
11361.927163	44.920089	-62.894611	8.9799941926782e-12	2.02481508031913e-12	-2.02481508031913e-12
11450.183854	44.419518	-43.336602	1.13117492759397e-11	2.53993179344967e-12	-2.53993179344967e-12
11543.965340	43.408852	-49.361968	1.09031177140893e-11	2.45843446955403e-12	-2.45843446955403e-12
11642.987573	54.708698	-55.613382	1.21795589139121e-11	2.72340967197122e-12	-2.72340967197122e-12
11738.419355	39.511176	-40.723084	1.30012736193957e-11	2.93150129421646e-12	-2.93150129421646e-12
11830.059512	40.641840	-52.128980	1.11764117692146e-11	2.52004105741096e-12	-2.52004105741096e-12
11932.196684	53.841408	-61.495332	9.04089684694847e-12	1.98859923222423e-12	-1.98859923222423e-12
12030.138302	53.685250	-44.100210	9.78456529657009e-12	2.19702640893819e-12	-2.19702640893819e-12
12131.250302	37.822070	-47.426750	1.43424395631152e-11	2.83087279121182e-12	-2.83087279121182e-12
15576.419013	51.705079	-101.240961	6.23244794457319e-12	1.41129131248449e-12	-1.41129131248449e-12
15714.183803	71.900989	-86.059711	6.05505515965174e-12	1.36533745850455e-12	-1.36533745850455e-12
15836.202346	52.682326	-50.117555	9.27115730956844e-12	2.09937394564885e-12	-2.09937394564885e-12
15978.058051	81.323941	-89.173379	5.60929788275796e-12	1.26481150465938e-12	-1.26481150465938e-12
16113.030213	39.122419	-53.648221	1.10629547671965e-11	2.41413087465355e-12	-2.41413087465355e-12
16199.695257	55.257275	-47.542625	1.06020705244866e-11	2.31354533981422e-12	-2.31354533981422e-12
16307.703676	62.585376	-52.751144	9.65385226775777e-12	2.16770892246617e-12	-2.16770892246617e-12
16396.984081	28.465911	-26.695029	2.04068604034293e-11	4.60147287239495e-12	-4.60147287239495e-12
16459.160529	44.016243	-33.710537	1.37087001430237e-11	3.0911131443977e-12	-3.0911131443977e-12
16555.927197	55.064175	-52.750425	9.15309834152946e-12	2.04671026239163e-12	-2.04671026239163e-12
16662.989342	45.787389	-51.997971	1.0042021110952e-11	2.25488737434752e-12	-2.25488737434752e-12
16773.671762	47.934249	-64.895031	8.78564872397185e-12	1.97277014183806e-12	-1.97277014183806e-12
16885.011280	41.902092	-63.405268	9.58453191783829e-12	2.14313914962525e-12	-2.14313914962525e-12
16975.409497	64.333214	-48.496126	9.58872704688673e-12	2.0924062857533e-12	-2.0924062857533e-12
17123.160708	79.557784	-83.417996	6.4272382153666e-12	1.4615438115271e-12	-1.4615438115271e-12
17275.272379	55.319432	-72.553888	8.09269671493444e-12	1.824828432282e-12	-1.824828432282e-12
17398.860006	69.634466	-68.268194	7.40867356004741e-12	1.66357066161528e-12	-1.66357066161528e-12
17534.767927	76.643825	-66.273455	7.01938492065317e-12	1.57613932481561e-12	-1.57613932481561e-12
17683.964263	52.813569	-72.552511	7.8072528035048e-12	1.78291811444067e-12	-1.78291811444067e-12
17838.129178	114.261273	-101.351347	5.75059147672162e-12	1.15816712257333e-12	-1.15816712257333e-12
21347.024200	71.506652	-86.454008	5.97919940292089e-12	1.35947224595229e-12	-1.35947224595229e-12
21493.788588	100.254063	-75.257737	5.43904840207346e-12	1.22125358974678e-12	-1.22125358974678e-12
21655.752237	93.743815	-61.709585	4.57343798272627e-12	1.19399994312031e-12	-1.19399994312031e-12
21866.793386	78.273086	-117.297334	3.86124736868182e-12	9.80493564779136e-13	-9.80493564779136e-13
22033.895899	94.204532	-88.829428	5.41353766558477e-12	1.20021992721932e-12	-1.20021992721932e-12
22232.217374	98.975517	-104.116942	4.7617154699971e-12	1.07810565583006e-12	-1.07810565583006e-12
22390.948508	90.683324	-59.755616	6.78271252063133e-12	1.51665400325647e-12	-1.51665400325647e-12
22539.144805	72.867507	-57.512973	8.13936906984948e-12	1.82003953784155e-12	-1.82003953784155e-12
22691.190118	63.739274	-79.177806	7.80059568831112e-12	1.708960804935e-12	-1.708960804935e-12
22863.243140	104.808252	-108.313748	3.76033682562962e-12	9.70914254631893e-13	-9.70914254631893e-13
23041.306889	84.705663	-73.255497	5.08259537284915e-12	1.31231869769771e-12	-1.31231869769771e-12
23199.435443	104.596868	-73.422892	4.49001012546877e-12	1.16574268175503e-12	-1.16574268175503e-12
23422.756742	51.773350	-118.724430	4.679909498024e-12	1.2150330122015e-12	-1.2150330122015e-12
23601.522461	136.260131	-126.992369	4.16899228837309e-12	9.31746812927571e-13	-9.31746812927571e-13
27122.673492	160.041479	-128.299261	2.7119793144779e-12	7.05190104479861e-13	-7.05190104479861e-13
27469.797106	53.619886	-187.082134	3.21866704904657e-12	8.4297060677583e-13	-8.4297060677583e-13
27664.663244	114.499668	-141.246252	3.01386555778083e-12	7.83705725191818e-13	-7.83705725191818e-13
27901.203542	101.110389	-122.040631	3.3604092691121e-12	8.83229004806308e-13	-8.83229004806308e-13
28107.459751	112.990601	-105.145819	3.4265580423041e-12	8.91010109101503e-13	-8.91010109101503e-13
28408.838091	217.797621	-188.387739	1.93622446806452e-12	4.99920573493014e-13	-4.99920573493014e-13
28719.782833	72.335898	-93.147122	4.32536546215731e-12	1.12877410450442e-12	-1.12877410450442e-12
28891.782473	100.921859	-99.663741	3.57434426833903e-12	9.32793190364723e-13	-9.32793190364723e-13
29097.703842	118.152010	-104.999510	3.23165270199436e-12	8.40340731651013e-13	-8.40340731651013e-13
29375.288039	146.453332	-159.432188	2.36407645674481e-12	6.1472350283502e-13	-6.1472350283502e-13
33033.902395	168.844757	-247.369143	1.82443969666909e-12	5.04786048471584e-13	-5.04786048471584e-13
33362.281120	259.187532	-159.533969	1.80075482192695e-12	4.71581472718046e-13	-4.71581472718046e-13
33777.719548	124.568384	-156.250896	2.71541261174865e-12	7.01132491418455e-13	-7.01132491418455e-13
34072.735114	137.952838	-170.447182	2.41915512517389e-12	6.29065006577744e-13	-6.29065006577744e-13
34312.009999	99.263433	-101.322047	3.67884562180841e-12	9.56611375632655e-13	-9.56611375632655e-13
34564.031777	128.061455	-152.758345	2.57361213993487e-12	6.76432028887213e-13	-6.76432028887213e-13
34774.209023	108.440589	-82.115791	3.826182890819e-12	9.94923025092418e-13	-9.94923025092418e-13
35051.619111	254.751341	-168.969500	1.90562254595755e-12	4.77287134567821e-13	-4.77287134567821e-13
38773.702057	148.777614	-207.260726	2.07673662724352e-12	5.46210302201936e-13	-5.46210302201936e-13
39157.156881	296.873490	-234.677210	1.40588628105051e-12	3.65988083513666e-13	-3.65988083513666e-13
39642.469220	242.819591	-188.438848	1.72842213707293e-12	4.50877395314093e-13	-4.50877395314093e-13
40546.205075	542.596137	-660.916263	1.07739585356237e-12	2.1539886459063e-13	-2.1539886459063e-13
44565.965794	222.102978	-231.720822	1.73823891190769e-12	4.55315589559284e-13	-4.55315589559284e-13
44980.038346	179.113126	-191.969574	2.12754442860293e-12	5.59602256654866e-13	-5.59602256654866e-13
45383.911086	156.352546	-224.759614	2.11453290278512e-12	5.47103657341285e-13	-5.47103657341285e-13
45807.222224	267.100327	-266.958593	1.49593907007135e-12	3.91057366592959e-13	-3.91057366592959e-13
46510.805036	363.334836	-436.482484	1.65902102970196e-12	3.35532343085789e-13	-3.35532343085789e-13
50468.226145	397.421586	-347.250833	1.04509409799216e-12	2.74236074446747e-13	-2.74236074446747e-13
51020.422843	261.439489	-154.775111	1.86461049430628e-12	4.89295926994857e-13	-4.89295926994857e-13
51904.885348	753.477564	-623.023016	1.0430451916405e-12	2.02151546691599e-13	-2.02151546691599e-13
56541.207705	345.007646	-715.169622	9.78405090095579e-13	2.57340922134514e-13	-2.57340922134514e-13
57244.096647	271.455424	-357.881296	1.23120477042409e-12	3.2449459011705e-13	-3.2449459011705e-13
57991.428532	449.309500	-475.876460	1.06053746161844e-12	2.48110362733833e-13	-2.48110362733833e-13
62840.352276	1385.199535	-1041.866865	8.61698458188134e-13	2.08698314984924e-13	-2.08698314984924e-13
68094.771009	404.409142	-590.995378	7.38660937095006e-13	2.01263975578784e-13	-2.01263975578784e-13
69305.451855	703.116476	-806.271704	5.24092454352624e-13	1.3671389129195e-13	-1.3671389129195e-13
74258.930087	1534.520305	-1078.489875	4.9867806959633e-13	1.34775439541189e-13	-1.34775439541189e-13
79915.652498	486.423833	-847.468727	5.46977835215272e-13	1.48108202400739e-13	-1.48108202400739e-13
81052.086398	525.904674	-650.010066	7.10380572465643e-13	1.78733430448186e-13	-1.78733430448186e-13
86148.016977	1214.441355	-1327.960845	3.12137055340511e-13	8.2749089374659e-14	-8.2749089374659e-14
91745.491792	1399.257240	-1108.042760	4.10912451338202e-13	9.69838880596666e-14	-9.69838880596666e-14
97811.504739	1117.422372	-1389.877628	3.05425851432421e-13	8.27352721914911e-14	-8.27352721914911e-14
105735.402214	4761.660957	-3528.945103	2.45256285927476e-13	5.34509954533209e-14	-5.34509954533209e-14
122468.203366	26211.236626	-8669.206394	2.61216238949931e-13	5.18987668918395e-14	-5.18987668918395e-14
233864.215750	66718.693622	-39041.962418	7.02158275590577e-14	1.61706287652993e-14	-1.61706287652993e-14
521227.913528	980910.922484	-118144.047405	2.56274877052941e-14	1.31160644880089e-14	-1.31160644880089e-14
