READ TERR 1 2
NO	NO	NO	NO	NO	NO
!Time	Poserr	Negerr	Flux	PosErr	NegErr
!XRT wt mode data
204.259160	0.913004	-0.898153	1.42980164760336e-09	2.13142231121941e-10	-2.13142231121941e-10
206.414601	0.883492	-1.242437	1.2175595523156e-09	1.81503078668563e-10	-1.81503078668563e-10
208.246374	0.732981	-0.948280	1.50383488418545e-09	2.30696623357792e-10	-2.30696623357792e-10
209.700498	0.871165	-0.721144	1.60577149401657e-09	2.42815414018943e-10	-2.42815414018943e-10
211.576972	0.889479	-1.005308	1.31806424937816e-09	2.05152861399328e-10	-2.05152861399328e-10
213.312185	0.892459	-0.845734	1.4868254721628e-09	2.21642852459971e-10	-2.21642852459971e-10
215.488948	0.996545	-1.284304	1.09434438084186e-09	1.70331509742442e-10	-1.70331509742442e-10
217.439168	1.053200	-0.953674	1.25796974072654e-09	1.92979521415578e-10	-1.92979521415578e-10
219.240733	0.868849	-0.748366	1.59925660637746e-09	2.38403091196844e-10	-2.38403091196844e-10
220.755528	0.724002	-0.645946	1.86835351334332e-09	2.82521538122141e-10	-2.82521538122141e-10
222.595492	1.262720	-1.115962	1.07742050143956e-09	1.62921216559075e-10	-1.62921216559075e-10
224.886233	0.948575	-1.028022	1.3134964184582e-09	1.95804498132472e-10	-1.95804498132472e-10
226.974647	1.359844	-1.139838	1.03971329884982e-09	1.54991322869095e-10	-1.54991322869095e-10
229.216151	0.997085	-0.881660	1.38389121367717e-09	2.06298324136834e-10	-2.06298324136834e-10
231.019270	0.907286	-0.806034	1.51732068904711e-09	2.26188812850682e-10	-2.26188812850682e-10
232.898355	1.086658	-0.971799	1.26317066023248e-09	1.88302359378944e-10	-1.88302359378944e-10
235.153954	1.152789	-1.168940	1.09473912255127e-09	1.67939038889946e-10	-1.67939038889946e-10
237.473646	1.240264	-1.166903	1.06728005942017e-09	1.61387851914761e-10	-1.61387851914761e-10
239.969633	1.380941	-1.255722	9.84343230391373e-10	1.46737220894104e-10	-1.46737220894104e-10
242.864756	1.757635	-1.514183	7.92034747252409e-10	1.18069581072865e-10	-1.18069581072865e-10
246.124085	1.433837	-1.501693	8.81273827554861e-10	1.31372544808458e-10	-1.31372544808458e-10
248.796995	1.104045	-1.239074	1.0655581592946e-09	1.65850989897691e-10	-1.65850989897691e-10
251.392884	2.103765	-1.491844	7.18720085128541e-10	1.07140471427025e-10	-1.07140471427025e-10
255.031356	1.571660	-1.534707	8.31847936012114e-10	1.24004578919907e-10	-1.24004578919907e-10
258.233369	1.267823	-1.630353	8.81458649672687e-10	1.33289045088541e-10	-1.33289045088541e-10
261.098774	1.676002	-1.597582	7.6239095310452e-10	1.18663898797358e-10	-1.18663898797358e-10
264.773048	1.890907	-1.998272	6.56739229437038e-10	9.93082982348808e-11	-9.93082982348808e-11
268.799080	2.287780	-2.135126	5.71449770900303e-10	8.76635872307366e-11	-8.76635872307366e-11
272.790638	2.078620	-1.703778	6.84642897463479e-10	1.02060549755619e-10	-1.02060549755619e-10
277.251916	1.931739	-2.382658	5.73871412249483e-10	9.0637539083637e-11	-9.0637539083637e-11
281.051442	1.494756	-1.867786	7.63510338586043e-10	1.15453555490674e-10	-1.15453555490674e-10
284.524364	2.930422	-1.978166	4.76534257091184e-10	7.5597656021673e-11	-7.5597656021673e-11
289.921003	2.344526	-2.466216	3.60818310307453e-10	6.58761249522995e-11	-6.58761249522995e-11
294.241895	1.811391	-1.976367	4.58835583883628e-10	8.37715408246565e-11	-8.37715408246565e-11
297.966867	1.534357	-1.913581	4.9586200013122e-10	9.24947173351312e-11	-9.24947173351312e-11
302.036383	2.514001	-2.535159	5.11315898315734e-10	7.73181947295552e-11	-7.73181947295552e-11
306.569486	2.405583	-2.019102	5.90980627156712e-10	8.80981692967707e-11	-8.80981692967707e-11
310.979009	2.136066	-2.003940	4.21930140044147e-10	7.70335652959225e-11	-7.70335652959225e-11
314.981439	2.008585	-1.866364	4.96722409832505e-10	8.64682889751948e-11	-8.64682889751948e-11
319.226970	2.401235	-2.236945	3.77967301570516e-10	6.90070913952583e-11	-6.90070913952583e-11
323.817345	1.571907	-2.189141	4.66584313343548e-10	8.51862529212567e-11	-8.51862529212567e-11
327.188447	2.091772	-1.799194	4.50971914693186e-10	8.23358097801592e-11	-8.23358097801592e-11
331.540933	2.530470	-2.260715	3.60067889654826e-10	6.71646093426102e-11	-6.71646093426102e-11
336.671674	3.078683	-2.600270	3.09014282750763e-10	5.64180392719178e-11	-5.64180392719178e-11
342.105379	3.001928	-2.355022	3.27582666462334e-10	5.98081560684371e-11	-5.98081560684371e-11
347.858035	2.737859	-2.750728	3.14317539976342e-10	5.86306365477189e-11	-5.86306365477189e-11
NO	NO	NO	NO	NO	NO
!Time	Poserr	Negerr	Flux	PosErr	NegErr
!XRT pc mode data
363.267444	10.044967	-10.013541	1.96515807659297e-10	3.96409249926822e-11	-3.96409249926822e-11
386.263537	14.629375	-12.951125	1.37966958106876e-10	2.82459787088611e-11	-2.82459787088611e-11
413.254235	10.204497	-12.361323	1.40146094945901e-10	3.14492979117835e-11	-3.14492979117835e-11
436.831425	9.193167	-13.372693	1.46275726596111e-10	3.21373284091093e-11	-3.21373284091093e-11
456.612324	16.992747	-10.587733	1.14082084044228e-10	2.56004517719107e-11	-2.56004517719107e-11
486.418728	19.781504	-12.813656	9.5218098184954e-11	2.15980937050568e-11	-2.15980937050568e-11
555.610018	40.853613	-49.409787	3.43946583815387e-11	7.74586806638384e-12	-7.74586806638384e-12
634.442385	44.762767	-37.978753	3.90550713514386e-11	8.73300281719675e-12	-8.73300281719675e-12
746.545118	70.562534	-67.339966	2.43775803686832e-11	5.48996266035241e-12	-5.48996266035241e-12
862.841365	39.515067	-45.733713	1.96789196776038e-11	4.43284174749806e-12	-4.43284174749806e-12
981.508193	71.287419	-79.151761	9.33773194794135e-12	2.08795779808596e-12	-2.08795779808596e-12
1166.666330	141.875841	-113.870718	4.09277208900544e-12	1.07778779311385e-12	-1.07778779311385e-12
1386.189654	102.879518	-77.647482	5.81479923416704e-12	1.54669901612084e-12	-1.54669901612084e-12
1631.068974	103.717457	-141.999803	4.25827638073996e-12	1.15002599351342e-12	-1.15002599351342e-12
2001.223170	134.733942	-266.436738	2.59600115734861e-12	7.11965012988105e-13	-7.11965012988105e-13
2537.261114	283.179358	-401.304002	1.6371176940779e-12	4.35803436942127e-13	-4.35803436942127e-13
6848.969619	1754.542313	-860.611827	9.7629341729909e-13	2.62288723669658e-13	-2.62288723669658e-13
12287.185096	612.127475	-511.150885	1.05496910203352e-12	2.81553689564019e-13	-2.81553689564019e-13
13785.239062	603.401750	-885.926490	9.49935748966057e-13	2.31159233858779e-13	-2.31159233858779e-13
27784.999697	7633.032855	-8072.749825	1.0451967985048e-12	2.59646462856093e-13	-2.59646462856093e-13
79593.930649	9990.222483	-38879.722337	3.98609308515315e-13	1.07328928282741e-13	-1.07328928282741e-13
148937.114051	38756.550360	-56039.330880	1.78555384532121e-13	3.56995236625205e-14	-3.56995236625205e-14
304058.492701	62600.535551	-48129.362429	1.00089897358149e-13	2.2287459702425e-14	-2.2287459702425e-14
523125.922883	110191.015709	-110486.020931	4.76917254574807e-14	1.3517532000832e-14	-1.3517532000832e-14
775581.009907	193175.865625	-137212.296195	2.53233776230004e-14	1.52175285483923e-14	-1.52175285483923e-14
