READ TERR 1 2
NO	NO	NO	NO	NO	NO
!Time	Poserr	Negerr	Flux	PosErr	NegErr
!XRT pc mode data
45207.750230	72.323521	-108.203199	5.12353850945743e-12	1.36122852884382e-12	-1.36122852884382e-12
45368.542999	122.145373	-88.469247	4.32899414282332e-12	1.1434810747407e-12	-1.1434810747407e-12
45569.012334	102.202937	-78.323963	6.69005392840119e-12	1.52821787198119e-12	-1.52821787198119e-12
45767.091117	72.114435	-95.875845	6.91765366562304e-12	1.60791658126507e-12	-1.60791658126507e-12
45932.207134	67.466858	-93.001582	7.38444915370122e-12	1.67244119796826e-12	-1.67244119796826e-12
46103.249051	84.466181	-103.575059	5.39099906179871e-12	1.32732051849734e-12	-1.32732051849734e-12
51028.509078	121.645054	-134.101006	4.16956397948146e-12	1.09640900361693e-12	-1.09640900361693e-12
51246.657931	79.008381	-96.503799	6.13803163082945e-12	1.60813498754267e-12	-1.60813498754267e-12
51402.610795	111.104316	-76.944484	5.67669937432539e-12	1.47639536172323e-12	-1.47639536172323e-12
51631.943713	87.371499	-118.228601	4.89724975843858e-12	1.27834197969993e-12	-1.27834197969993e-12
51811.648911	80.671300	-92.333700	5.59133538893128e-12	1.46489578809976e-12	-1.46489578809976e-12
51983.446527	144.561725	-91.126315	3.96257365450079e-12	1.03815287605567e-12	-1.03815287605567e-12
52334.074255	197.600717	-206.066003	4.03796568553785e-12	7.86864994066615e-13	-7.86864994066615e-13
56857.036690	108.124722	-180.216666	2.93161262734923e-12	8.18302545109516e-13	-8.18302545109516e-13
57031.408221	106.758031	-66.246809	5.24868426137978e-12	1.36498493559956e-12	-1.36498493559956e-12
57212.780508	100.897944	-74.614256	5.1524634795293e-12	1.33992821429133e-12	-1.33992821429133e-12
57461.274358	108.150594	-147.595906	3.5006583702287e-12	9.20315934632902e-13	-9.20315934632902e-13
57675.949596	99.075535	-106.524645	4.52729095712326e-12	1.17736586766073e-12	-1.17736586766073e-12
57870.361041	115.278991	-95.335909	4.63430875106837e-12	1.20954741888454e-12	-1.20954741888454e-12
58052.229200	133.996592	-66.589168	5.00875598673736e-12	1.33133538627251e-12	-1.33133538627251e-12
58329.034512	67.806360	-142.808720	5.02108253857863e-12	1.33459005533809e-12	-1.33459005533809e-12
58533.906588	168.811836	-137.065716	4.85203976708999e-12	1.07844691278449e-12	-1.07844691278449e-12
62583.744521	112.354711	-125.334309	4.27175665846521e-12	1.13164663796064e-12	-1.13164663796064e-12
62833.210818	93.561754	-137.111587	3.87657570423182e-12	1.02317151519848e-12	-1.02317151519848e-12
63099.628757	125.514755	-172.856185	2.93015041884951e-12	7.90896333473905e-13	-7.90896333473905e-13
63344.379563	101.408149	-119.236051	4.00556423659081e-12	1.0650699609021e-12	-1.0650699609021e-12
63583.397117	103.093415	-137.609405	3.75684736350034e-12	9.73554606129733e-13	-9.73554606129733e-13
63824.439068	100.247043	-137.948537	3.72170989443227e-12	9.8960467361065e-13	-9.8960467361065e-13
64052.429919	125.495893	-127.743807	3.53422618612406e-12	9.29353141044e-13	-9.29353141044e-13
64340.411116	138.393596	-162.485305	2.95565147859152e-12	7.83003107733172e-13	-7.83003107733172e-13
64695.801503	176.632989	-216.996791	3.19007672134464e-12	7.112226639961e-13	-7.112226639961e-13
68503.889566	148.733326	-258.038482	2.24527306155852e-12	6.73226610496769e-13	-6.73226610496769e-13
68741.432370	156.907741	-88.809479	3.67044905281396e-12	9.649268817201e-13	-9.649268817201e-13
68996.499524	160.094467	-98.159412	3.65762732125772e-12	9.54623962979363e-13	-9.54623962979363e-13
69270.973951	106.264300	-114.379960	4.48459553065718e-12	1.16626253220923e-12	-1.16626253220923e-12
69464.897376	85.346035	-87.659125	5.91528443041189e-12	1.53279605300756e-12	-1.53279605300756e-12
69652.434105	105.917067	-102.190693	4.96051684490434e-12	1.28542002208999e-12	-1.28542002208999e-12
69905.816598	115.803573	-147.465427	3.92834347201163e-12	1.02898785498839e-12	-1.02898785498839e-12
70161.397048	128.506804	-139.776876	3.8674106224047e-12	1.02043550393969e-12	-1.02043550393969e-12
70438.871391	114.301381	-148.967539	4.32116657071643e-12	1.15278225860992e-12	-1.15278225860992e-12
70695.419704	103.467847	-142.246933	4.5296070274834e-12	1.14025142802312e-12	-1.14025142802312e-12
74167.774880	199.788532	-173.802088	2.38264603914742e-12	6.38337337885862e-13	-6.38337337885862e-13
74567.775219	188.423033	-200.211807	2.27653644074534e-12	6.05325930160779e-13	-6.05325930160779e-13
74927.421003	77.002188	-171.222752	3.66339324273244e-12	9.5276728941991e-13	-9.5276728941991e-13
75174.277448	183.678403	-169.854257	2.56366179515482e-12	6.69209326552812e-13	-6.69209326552812e-13
75476.853893	89.209959	-118.898041	4.35202379981722e-12	1.1444296613692e-12	-1.1444296613692e-12
75757.122802	157.459389	-191.058951	2.60556731464197e-12	6.8768492561291e-13	-6.8768492561291e-13
76047.426470	117.888361	-132.844279	3.88146308353409e-12	9.83743440851747e-13	-9.83743440851747e-13
76383.697765	197.808627	-218.382933	2.73191535104504e-12	6.45462864982995e-13	-6.45462864982995e-13
79933.396002	110.983349	-152.285230	3.57691860324281e-12	9.2226921739521e-13	-9.2226921739521e-13
80174.644852	140.525320	-130.265500	3.273823741426e-12	8.67180872476316e-13	-8.67180872476316e-13
80473.963514	237.363738	-158.793342	2.25331427439804e-12	5.94642049673876e-13	-5.94642049673876e-13
80910.214267	189.736304	-198.887016	4.15771404248435e-12	8.1011810710729e-13	-8.1011810710729e-13
104534.607356	249.130816	-335.073424	1.6058015925841e-12	4.24991059703749e-13	-4.24991059703749e-13
105147.724921	355.605011	-363.986749	1.73399253767646e-12	3.98568630786961e-13	-3.98568630786961e-13
110705.555433	582.896398	-1975.605782	2.02505730959968e-12	3.82002679586541e-13	-3.82002679586541e-13
115730.445636	1340.906036	-1216.872373	1.86095566654038e-12	4.27072332188609e-13	-4.27072332188609e-13
122090.818856	4075.439916	-1792.245724	1.68407997574056e-12	3.33430360955637e-13	-3.33430360955637e-13
145116.426600	4931.612112	-7207.489008	9.84866528563458e-13	2.33423143297301e-13	-2.33423143297301e-13
160135.668662	1431.289529	-4884.339131	8.62809516671856e-13	2.31051168366799e-13	-2.31051168366799e-13
206337.022277	18891.497374	-15292.282886	5.77580989576361e-13	1.43192864561891e-13	-1.43192864561891e-13
241332.650171	7355.383753	-10976.642979	5.51135946568388e-13	1.01281563638772e-13	-1.01281563638772e-13
325123.614776	5884.822176	-35124.504733	3.48892786677154e-13	8.48492063660898e-14	-8.48492063660898e-14
338770.663363	3817.731808	-3401.675052	4.22211561835932e-13	1.01466062924523e-13	-1.01466062924523e-13
353414.854180	12332.736132	-6525.924048	4.62079979887097e-13	9.71588198865745e-14	-9.71588198865745e-14
396783.022727	8745.993984	-14031.036136	5.36174040074354e-13	1.4643383106488e-13	-1.4643383106488e-13
420466.627076	8881.995436	-8775.532104	3.11710813095929e-13	7.07437199841361e-14	-7.07437199841361e-14
436259.206958	4655.128414	-2610.631407	5.90286227556283e-13	1.59911680167286e-13	-1.59911680167286e-13
457661.864296	28505.286635	-11773.096705	3.73595143182998e-13	1.03408854135996e-13	-1.03408854135996e-13
499932.208478	4655.139813	-7301.436415	3.1171861889034e-13	8.03802727956223e-14	-8.03802727956223e-14
513563.681356	2603.653516	-4736.138344	3.34614366852589e-13	8.81708856656572e-14	-8.81708856656572e-14
529034.387383	27634.250969	-8687.017531	2.99755138105769e-13	8.13074018376137e-14	-8.13074018376137e-14
703452.433208	90214.941383	-143343.098365	6.00952341763635e-14	1.81903865752038e-14	-1.81903865752038e-14
832327.306889	30701.603442	-33978.321338	1.11233901631632e-13	3.18776649739258e-14	-3.18776649739258e-14
927200.730202	91707.777750	-59331.576458	9.2523545034763e-14	2.74794362166932e-14	-2.74794362166932e-14
1100935.460423	67193.525889	-77914.271471	6.67524685284039e-14	1.95052200241523e-14	-1.95052200241523e-14
1314717.591127	74090.140724	-145836.624624	4.52151497227508e-14	1.36723351106436e-14	-1.36723351106436e-14
1455040.382302	31969.571750	-61606.853018	8.85581539739196e-14	2.55859881116193e-14	-2.55859881116193e-14
