READ TERR 1 2
NO	NO	NO	NO	NO	NO
!Time	Poserr	Negerr	Flux	PosErr	NegErr
!XRT wtslew mode data
73.521565634009	0.80882036577357	-0.721182619433037	1.69943744097508e-09	4.23914176958975e-10	-4.23914176958975e-10
74.8611299811259	0.433517014044668	-0.530743981343321	2.75824773238709e-09	6.8802786682924e-10	-6.8802786682924e-10
75.8897777525117	0.632486268034285	-0.595130757341124	1.96329703634328e-09	4.89732323897681e-10	-4.89732323897681e-10
77.2558360575739	0.92638692159791	-0.733572037027884	1.46023613427035e-09	3.64246887881792e-10	-3.64246887881792e-10
79.1273450389786	0.77161395885075	-0.945122059806849	1.42391111388549e-09	3.55185835825278e-10	-3.55185835825278e-10
81.5934277868619	1.69750123258922	-1.69446878903248	1.41644629722267e-09	3.21841743959961e-10	-3.21841743959961e-10
NO	NO	NO	NO	NO	NO
!Time	Poserr	Negerr	Flux	PosErr	NegErr
!XRT wt mode data
90.968902	0.698158	-0.773145	1.92567530502185e-09	2.87062742452056e-10	-2.87062742452056e-10
92.159086	0.764042	-0.492027	2.26486673348461e-09	3.37626397616949e-10	-3.37626397616949e-10
93.621250	0.643344	-0.698122	1.93174638190911e-09	2.92756923968088e-10	-2.92756923968088e-10
94.832520	0.528003	-0.567926	2.24174761179705e-09	3.34180022362824e-10	-3.34180022362824e-10
95.786438	0.445843	-0.425915	2.90137413781212e-09	4.32511330568461e-10	-4.32511330568461e-10
96.760470	0.485917	-0.528190	2.58901671540629e-09	3.85947828614552e-10	-3.85947828614552e-10
97.834541	0.447290	-0.588155	2.48993819666629e-09	3.77351084682687e-10	-3.77351084682687e-10
98.783038	0.541356	-0.501207	2.41481156910971e-09	3.65965667081422e-10	-3.65965667081422e-10
99.774907	0.362531	-0.450513	3.16511995760773e-09	4.87721240556253e-10	-4.87721240556253e-10
100.630323	0.345072	-0.492885	3.37426903296733e-09	5.03006337391643e-10	-5.03006337391643e-10
101.266160	0.376410	-0.290765	4.3341173269691e-09	6.5683716464356e-10	-6.5683716464356e-10
102.109119	0.440797	-0.466549	3.06562001592333e-09	4.64595920314161e-10	-4.64595920314161e-10
102.910304	0.303221	-0.360388	4.09562849411174e-09	6.10540256824408e-10	-6.10540256824408e-10
103.580428	0.318063	-0.366903	3.74525404908397e-09	5.77115503290294e-10	-5.77115503290294e-10
104.421012	0.493364	-0.522521	2.44358431524933e-09	3.70326168896582e-10	-3.70326168896582e-10
105.325516	0.325422	-0.411140	3.58885656898384e-09	5.34995158404626e-10	-5.34995158404626e-10
105.957744	0.276749	-0.306806	4.86185295882532e-09	7.36815701400868e-10	-7.36815701400868e-10
106.555824	0.306691	-0.321330	4.94492733432321e-09	7.37146280972683e-10	-7.37146280972683e-10
107.210842	0.406018	-0.348327	4.16544297904041e-09	6.31274546270879e-10	-6.31274546270879e-10
107.927716	0.254908	-0.310856	5.78335546562204e-09	8.62131735743985e-10	-8.62131735743985e-10
108.472582	0.282900	-0.289958	5.79307364448111e-09	8.63580438556014e-10	-8.63580438556014e-10
108.994127	0.346679	-0.238644	5.44887943631452e-09	8.12271009883696e-10	-8.12271009883696e-10
109.638896	0.315710	-0.298090	4.89282411797443e-09	7.41509426424549e-10	-7.41509426424549e-10
110.217432	0.262019	-0.262826	5.57456059078523e-09	8.31006443458373e-10	-8.31006443458373e-10
110.788448	0.391981	-0.308997	4.06821822401559e-09	6.06454150531318e-10	-6.06454150531318e-10
111.502267	0.284842	-0.321839	4.55719713863979e-09	6.79346826855764e-10	-6.79346826855764e-10
112.249953	0.444499	-0.462844	2.98072927554151e-09	4.44340882362862e-10	-4.44340882362862e-10
113.091927	0.422705	-0.397475	3.15999817352636e-09	4.86932009905541e-10	-4.86932009905541e-10
113.889339	0.390320	-0.374708	3.47304485093705e-09	5.17730975514485e-10	-5.17730975514485e-10
114.696804	0.289167	-0.417145	3.80827708700712e-09	5.67704427379504e-10	-5.67704427379504e-10
115.276567	0.387238	-0.290596	3.99960819474037e-09	5.96226363771765e-10	-5.96226363771765e-10
116.003980	0.300313	-0.340174	4.03331391054437e-09	6.11250340614825e-10	-6.11250340614825e-10
116.676438	0.364416	-0.372145	3.43019552074066e-09	5.11343351565237e-10	-5.11343351565237e-10
117.431206	0.422692	-0.390352	3.0404321957203e-09	4.53240871501653e-10	-4.53240871501653e-10
118.255550	0.422087	-0.401651	2.90054901612847e-09	4.39579336834309e-10	-4.39579336834309e-10
119.115487	0.453485	-0.437850	2.75896665924653e-09	4.18122501446092e-10	-4.18122501446092e-10
119.916297	0.337632	-0.347325	3.98210718536458e-09	6.06465849623499e-10	-6.06465849623499e-10
120.725370	0.359414	-0.471441	3.57937461016249e-09	5.42455630698755e-10	-5.42455630698755e-10
121.577800	0.585124	-0.493015	2.56031326205305e-09	3.945250211522e-10	-3.945250211522e-10
122.606422	0.495885	-0.443497	2.69833082938047e-09	4.08933115839662e-10	-4.08933115839662e-10
123.517914	0.422352	-0.415608	2.96097008145324e-09	4.41395364838196e-10	-4.41395364838196e-10
124.575131	0.482423	-0.634865	2.1453054248244e-09	3.36169363495442e-10	-3.36169363495442e-10
125.661459	0.540078	-0.603905	2.08345443783173e-09	3.264773230986e-10	-3.264773230986e-10
126.608189	0.447321	-0.406653	2.87766231646709e-09	4.28976558196678e-10	-4.28976558196678e-10
127.544508	0.507298	-0.488998	2.4290548990173e-09	3.742990992572e-10	-3.742990992572e-10
128.590531	0.518070	-0.538724	2.4216954980695e-09	3.61005035600134e-10	-3.61005035600134e-10
129.624952	0.488859	-0.516352	2.62243400253982e-09	3.90929364584543e-10	-3.90929364584543e-10
130.714290	0.499025	-0.600479	2.44640588760616e-09	3.70753755017292e-10	-3.70753755017292e-10
131.846628	0.364774	-0.633313	2.82490675115556e-09	4.21112221083326e-10	-4.21112221083326e-10
132.740131	0.412419	-0.528729	3.0393055313399e-09	4.53072916523201e-10	-4.53072916523201e-10
133.661742	0.492461	-0.509192	2.90151388197085e-09	4.32532157177326e-10	-4.32532157177326e-10
134.746912	0.453421	-0.592709	2.65746098578686e-09	4.09494796314846e-10	-4.09494796314846e-10
135.611094	0.313346	-0.410760	3.74439804884402e-09	5.58181909660785e-10	-5.58181909660785e-10
136.288944	0.348899	-0.364504	3.65411801596111e-09	5.44723750654885e-10	-5.44723750654885e-10
137.049778	0.413573	-0.411935	3.2418935493815e-09	4.83272949555133e-10	-4.83272949555133e-10
137.856952	0.417684	-0.393601	3.30710122326064e-09	5.09599470679817e-10	-5.09599470679817e-10
138.626849	0.298949	-0.352213	4.31912706777441e-09	6.4385744001448e-10	-6.4385744001448e-10
139.239055	0.352140	-0.313257	4.29067087570811e-09	6.39615456258623e-10	-6.39615456258623e-10
139.965859	0.320978	-0.374665	4.18362403513548e-09	6.34029882404776e-10	-6.34029882404776e-10
140.642008	0.313771	-0.355170	4.78709054864629e-09	7.13617349115356e-10	-7.13617349115356e-10
141.248141	0.378362	-0.292362	5.12681866988344e-09	7.64260974743224e-10	-7.64260974743224e-10
141.951450	0.306644	-0.324948	5.74891269700414e-09	8.5699732273443e-10	-8.5699732273443e-10
142.540434	0.224715	-0.282339	7.09133451163902e-09	1.03437746717433e-09	-1.03437746717433e-09
143.035986	0.287810	-0.270838	5.89690616516298e-09	8.79058904311325e-10	-8.79058904311325e-10
143.637408	0.328647	-0.313613	4.73823486430257e-09	7.3012641051619e-10	-7.3012641051619e-10
144.231972	0.248243	-0.265917	7.15131755391519e-09	1.01134900489355e-09	-1.01134900489355e-09
144.782807	0.232918	-0.302592	6.51966114321345e-09	9.88057241155663e-10	-9.88057241155663e-10
145.301598	0.324356	-0.285874	9.22264837822071e-09	1.13066750502548e-09	-1.13066750502548e-09
145.898512	0.278974	-0.272557	8.14241747630984e-09	1.12336721590189e-09	-1.12336721590189e-09
146.460705	0.252300	-0.283219	1.11917898157265e-08	1.34647070626015e-09	-1.34647070626015e-09
146.966195	0.252084	-0.253189	1.20097646030731e-08	1.43000736837681e-09	-1.43000736837681e-09
147.526306	0.264855	-0.308028	9.97390952535711e-09	1.23624579351241e-09	-1.23624579351241e-09
148.046997	0.251207	-0.255836	1.21677780830352e-08	1.45341636823804e-09	-1.45341636823804e-09
148.548356	0.267565	-0.250152	1.22561267492741e-08	1.43908453212322e-09	-1.43908453212322e-09
149.079136	0.238500	-0.263215	1.22065908961423e-08	1.46856025332947e-09	-1.46856025332947e-09
149.584864	0.259396	-0.267228	1.48719883754337e-08	1.57573104158399e-09	-1.57573104158399e-09
150.082076	0.267457	-0.237816	1.27397975355657e-08	1.4902022450523e-09	-1.4902022450523e-09
150.616595	0.304041	-0.267062	9.66042542944782e-09	1.18433758073836e-09	-1.18433758073836e-09
151.163177	0.291198	-0.242541	1.17082500454582e-08	1.3165897956093e-09	-1.3165897956093e-09
151.707330	0.250541	-0.252955	9.69016573385553e-09	1.20107630189229e-09	-1.20107630189229e-09
152.217624	0.252636	-0.259754	1.03549682048497e-08	1.22432293973588e-09	-1.22432293973588e-09
152.743158	0.289311	-0.272898	8.9186490043727e-09	1.09339808896304e-09	-1.09339808896304e-09
153.271838	0.265896	-0.239368	1.17218376349653e-08	1.33123631846665e-09	-1.33123631846665e-09
153.799352	0.247204	-0.261618	1.13239796781346e-08	1.29442567921462e-09	-1.29442567921462e-09
154.287744	0.285413	-0.241188	9.41520183488114e-09	1.1542739199302e-09	-1.1542739199302e-09
154.853286	0.251830	-0.280130	9.22319043966143e-09	1.13073396055539e-09	-1.13073396055539e-09
155.374234	0.259286	-0.269117	9.78830025338667e-09	1.18700572391364e-09	-1.18700572391364e-09
155.887066	0.260623	-0.253546	1.24336751459079e-08	1.39421323389157e-09	-1.39421323389157e-09
156.391037	0.261926	-0.243349	1.27140300306569e-08	1.45332007970663e-09	-1.45332007970663e-09
156.907048	0.252968	-0.254085	1.02307503004077e-08	1.24066070420585e-09	-1.24066070420585e-09
157.404076	0.261210	-0.244061	9.37856949321721e-09	1.15733000396632e-09	-1.15733000396632e-09
157.950415	0.335776	-0.285129	7.25010853181772e-09	8.792047983318e-10	-8.792047983318e-10
158.541476	0.257102	-0.255284	9.83917635748976e-09	1.15158846130511e-09	-1.15158846130511e-09
159.134123	0.335189	-0.335545	7.23798422703131e-09	8.87353900137245e-10	-8.87353900137245e-10
159.758381	0.296265	-0.289069	8.2037260271701e-09	1.0168351289571e-09	-1.0168351289571e-09
160.345366	0.351562	-0.290720	7.56942966981579e-09	9.17928202345424e-10	-9.17928202345424e-10
161.012998	0.283486	-0.316070	8.06762057310987e-09	9.78342692947776e-10	-9.78342692947776e-10
161.541911	0.302538	-0.245428	6.81957751736417e-09	9.36741000283973e-10	-9.36741000283973e-10
162.111604	0.261247	-0.267155	5.86697874228049e-09	8.89142913499967e-10	-8.89142913499967e-10
162.669013	0.322973	-0.296162	7.47295012028074e-09	9.26256953274883e-10	-9.26256953274883e-10
163.287760	0.298446	-0.295773	7.97694332083605e-09	9.70681764233833e-10	-9.70681764233833e-10
163.870768	0.313221	-0.284563	7.93416308546305e-09	9.62158614362806e-10	-9.62158614362806e-10
164.435075	0.257746	-0.251086	9.90095609483961e-09	1.15881925616125e-09	-1.15881925616125e-09
165.029752	0.349806	-0.336931	6.49169117257346e-09	7.95860749544457e-10	-7.95860749544457e-10
165.616346	0.275592	-0.236788	1.02327186392621e-08	1.14405269869587e-09	-1.14405269869587e-09
166.189189	0.259617	-0.297251	8.40896803567195e-09	1.01973714725762e-09	-1.01973714725762e-09
166.741629	0.292513	-0.292823	8.32137273204698e-09	1.02017390129215e-09	-1.02017390129215e-09
167.304102	0.286908	-0.269960	9.1353472625877e-09	1.10782356713183e-09	-1.10782356713183e-09
167.828344	0.298186	-0.237334	6.75131173365251e-09	1.00519150331565e-09	-1.00519150331565e-09
168.430480	0.292058	-0.303951	9.11571745586232e-09	1.10544311844991e-09	-1.10544311844991e-09
169.055190	0.291821	-0.332652	7.75361530051715e-09	9.40263994420061e-10	-9.40263994420061e-10
169.646268	0.302079	-0.299256	7.08806648366774e-09	8.59554337367491e-10	-8.59554337367491e-10
170.250730	0.250922	-0.302383	5.33994198908609e-09	7.9505505427862e-10	-7.9505505427862e-10
170.756369	0.311047	-0.254717	8.15450185524982e-09	9.88878569266437e-10	-9.88878569266437e-10
171.375401	0.277350	-0.307986	7.94685137515346e-09	9.63697278919976e-10	-9.63697278919976e-10
171.998730	0.335430	-0.345979	6.25228801333194e-09	7.63838580983488e-10	-7.63838580983488e-10
172.620007	0.276349	-0.285846	4.87268380719608e-09	7.26376813021011e-10	-7.26376813021011e-10
173.172424	0.246987	-0.276068	5.50739770284292e-09	7.94924408745587e-10	-7.94924408745587e-10
173.671832	0.275981	-0.252421	5.39408369587788e-09	7.78568923613381e-10	-7.78568923613381e-10
174.176009	0.284196	-0.228196	5.21855451242452e-09	7.7793614797125e-10	-7.7793614797125e-10
174.743930	0.349635	-0.283724	5.76596477765992e-09	7.41087248549513e-10	-7.41087248549513e-10
175.329083	0.298213	-0.235518	5.40935411604726e-09	7.64998173309988e-10	-7.64998173309988e-10
175.969673	0.294552	-0.342378	3.89627580727589e-09	5.80822507829777e-10	-5.80822507829777e-10
176.521802	0.254813	-0.257578	5.00903768446009e-09	7.46703241005862e-10	-7.46703241005862e-10
177.201304	0.354571	-0.424689	3.53206436251097e-09	5.26529075572807e-10	-5.26529075572807e-10
177.851276	0.270357	-0.295401	4.88163400202246e-09	7.27711017176922e-10	-7.27711017176922e-10
178.451414	0.241308	-0.329781	4.53815295321358e-09	6.9115035846991e-10	-6.9115035846991e-10
178.978241	0.326503	-0.285519	3.97695463342518e-09	6.12818840174429e-10	-6.12818840174429e-10
179.598231	0.229578	-0.293487	5.4565292968716e-09	7.95916628429509e-10	-7.95916628429509e-10
180.087965	0.282479	-0.260156	5.68652110594558e-09	8.33565813910951e-10	-8.33565813910951e-10
180.672108	0.317475	-0.301664	4.63541683208388e-09	7.02499255561497e-10	-7.02499255561497e-10
181.333315	0.332338	-0.343732	4.19185624109389e-09	6.3527744713786e-10	-6.3527744713786e-10
181.970810	0.267700	-0.305157	5.01391495385081e-09	7.47430298366189e-10	-7.47430298366189e-10
182.507936	0.271420	-0.269425	5.3926185191583e-09	8.03884088008737e-10	-8.03884088008737e-10
183.085182	0.286620	-0.305826	5.01221051263802e-09	7.47176205729396e-10	-7.47176205729396e-10
183.647821	0.295083	-0.276019	5.1270738314178e-09	7.6429905662453e-10	-7.6429905662453e-10
184.226029	0.300431	-0.283125	4.77846856709429e-09	7.24178806563234e-10	-7.24178806563234e-10
184.776251	0.271494	-0.249792	5.88133633932541e-09	8.35619141903484e-10	-8.35619141903484e-10
185.328740	0.338144	-0.280994	4.3205794501806e-09	6.44073951162699e-10	-6.44073951162699e-10
185.977150	0.308873	-0.310265	4.15543953840967e-09	6.29758515117637e-10	-6.29758515117637e-10
186.581843	0.325085	-0.295820	4.48487042992317e-09	6.68564988180363e-10	-6.68564988180363e-10
187.176558	0.260544	-0.269630	5.96965164523381e-09	8.70763160586522e-10	-8.70763160586522e-10
187.690460	0.289277	-0.253358	6.88858041917155e-09	9.46219282760009e-10	-9.46219282760009e-10
188.316581	0.275179	-0.336843	5.11111287335195e-09	7.87584125359703e-10	-7.87584125359703e-10
188.885657	0.321683	-0.293897	5.38349870469778e-09	7.93753555497048e-10	-7.93753555497048e-10
189.478526	0.283903	-0.271187	8.86107785362843e-09	1.07456355996518e-09	-1.07456355996518e-09
NO	NO	NO	NO	NO	NO
!Time	Poserr	Negerr	Flux	PosErr	NegErr
!XRT pc mode data
3453.393813	32.135638	-30.547130	3.460731536484e-11	7.80270854312662e-12	-7.80270854312662e-12
3535.778308	47.536284	-50.248856	2.26379071372214e-11	5.10406632019741e-12	-5.10406632019741e-12
3627.547828	41.015263	-44.233237	2.76544568624865e-11	5.9181327170697e-12	-5.9181327170697e-12
3709.352887	44.458765	-40.789795	2.61358028069872e-11	5.7257785617709e-12	-5.7257785617709e-12
3835.754643	40.915189	-81.942991	2.02372096585509e-11	4.34715654065662e-12	-4.34715654065662e-12
3900.961497	23.347215	-24.291665	4.92015337533307e-11	1.10472933875809e-11	-1.10472933875809e-11
3982.107169	37.479263	-57.798457	2.26313957064596e-11	5.14529441728232e-12	-5.14529441728232e-12
4049.143004	28.111528	-29.556572	2.02018292803468e-11	4.53636479468814e-12	-4.53636479468814e-12
4095.448121	19.416030	-18.193590	3.13778414401164e-11	6.98702429180579e-12	-6.98702429180579e-12
4175.981846	41.681926	-61.117694	2.08642071632e-11	3.41603882079372e-12	-3.41603882079372e-12
5699.667082	67.020830	-43.300910	3.17020272309993e-11	7.20380339549362e-12	-7.20380339549362e-12
5859.441695	110.591389	-92.753783	2.0007968535361e-11	4.25946492218037e-12	-4.25946492218037e-12
9232.537932	40.390679	-29.813949	1.57267638949067e-11	3.51663544784309e-12	-3.51663544784309e-12
9306.638082	26.465970	-33.709470	1.93320283772312e-11	4.26997187210947e-12	-4.26997187210947e-12
9392.588262	48.330030	-59.484210	1.09611139496019e-11	2.47177370635192e-12	-2.47177370635192e-12
9490.379892	28.264920	-49.461600	1.69944407155076e-11	3.76897622044841e-12	-3.76897622044841e-12
9590.285088	66.261623	-71.640277	8.72026936060106e-12	1.99184600707154e-12	-1.99184600707154e-12
9724.849008	57.063024	-68.302296	9.46999807570677e-12	2.08323623133351e-12	-2.08323623133351e-12
9871.104364	43.694887	-89.192333	9.20179892813363e-12	1.96935458855536e-12	-1.96935458855536e-12
9988.682304	48.974928	-73.883052	9.16420340982109e-12	2.06656953830811e-12	-2.06656953830811e-12
10073.110493	44.780499	-35.453261	1.39399491326119e-11	3.18411571456563e-12	-3.18411571456563e-12
10164.371271	46.290081	-46.480279	1.21038024790191e-11	2.71795570661153e-12	-2.71795570661153e-12
10468.981493	1283.156058	-258.320142	6.97641559556682e-12	1.25889346387677e-12	-1.25889346387677e-12
15071.268099	70.684092	-82.261628	7.4248908363226e-12	1.68505305080694e-12	-1.68505305080694e-12
15235.529589	79.426743	-93.577397	6.33024660660374e-12	1.44467137974242e-12	-1.44467137974242e-12
15416.514022	83.982890	-101.557690	5.87752747213314e-12	1.34137627589612e-12	-1.34137627589612e-12
15554.993234	68.361618	-54.496322	8.92511525309842e-12	2.03687624333958e-12	-2.03687624333958e-12
15685.452220	70.789752	-62.097368	8.80891058079691e-12	1.95233686146051e-12	-1.95233686146051e-12
15857.599648	96.719364	-101.357676	5.3861187828196e-12	1.26249431664198e-12	-1.26249431664198e-12
16035.197434	87.110997	-80.878423	6.79003910810341e-12	1.54324714049598e-12	-1.54324714049598e-12
16190.004175	100.293716	-67.695744	5.14061710866521e-12	1.34908796594096e-12	-1.34908796594096e-12
16421.028449	140.055122	-130.730558	4.96857059400007e-12	1.05837378537109e-12	-1.05837378537109e-12
20836.721669	73.753663	-66.655577	7.99732251731348e-12	1.83836339189443e-12	-1.83836339189443e-12
21006.803967	99.241345	-96.328635	5.7302611265518e-12	1.32461374865426e-12	-1.32461374865426e-12
21227.238745	94.434907	-121.193433	4.01391273851623e-12	1.05557255593242e-12	-1.05557255593242e-12
21417.162574	77.515158	-95.488922	6.70623213171595e-12	1.52450777658564e-12	-1.52450777658564e-12
21587.655928	77.518543	-92.978196	5.07625057025784e-12	1.32999867747653e-12	-1.32999867747653e-12
21772.446944	78.268128	-107.272472	4.97710276518693e-12	1.25278806263278e-12	-1.25278806263278e-12
21942.140175	96.622836	-91.425104	4.56890562355667e-12	1.2014986375905e-12	-1.2014986375905e-12
22118.013116	91.246776	-79.250104	5.09976498693347e-12	1.3411033118747e-12	-1.3411033118747e-12
22296.532177	108.297774	-87.272286	4.53094162930496e-12	1.18278030128965e-12	-1.18278030128965e-12
22484.757588	80.540124	-79.927636	5.54545231804623e-12	1.45829811645535e-12	-1.45829811645535e-12
22691.122020	124.906692	-125.824308	4.18451677029055e-12	1.02115208271167e-12	-1.02115208271167e-12
26719.717146	217.448446	-161.153854	4.77162133723799e-12	8.56408709676064e-13	-8.56408709676064e-13
33675.434843	103.941449	-106.672251	4.15831536530799e-12	1.09391122156369e-12	-1.09391122156369e-12
33976.155465	199.375487	-196.779173	2.14582591608986e-12	5.82796094317125e-13	-5.82796094317125e-13
34260.154441	125.990511	-84.623489	4.15600340882885e-12	1.09678175282513e-12	-1.09678175282513e-12
34629.089024	256.006068	-242.944072	2.0456938558648e-12	5.22319391129559e-13	-5.22319391129559e-13
39541.296629	193.650243	-212.533777	2.19855065370068e-12	5.77912980037085e-13	-5.77912980037085e-13
40003.272725	172.961127	-268.325853	1.99794638634998e-12	5.3095335312232e-13	-5.3095335312232e-13
40421.742990	248.425362	-245.509138	2.30593900748286e-12	5.34307330287756e-13	-5.34307330287756e-13
45319.181990	228.417062	-230.420918	1.94830824214481e-12	5.14716097092675e-13	-5.14716097092675e-13
45675.357247	85.363465	-127.758195	4.24613777463782e-12	1.10988323016577e-12	-1.10988323016577e-12
46049.482421	403.249851	-288.761709	2.34863691942827e-12	4.58709895773018e-13	-4.58709895773018e-13
51161.700264	268.584168	-252.936681	1.6694785278599e-12	4.39199755843539e-13	-4.39199755843539e-13
51760.292501	475.047730	-330.008070	1.96190924810476e-12	4.00387526134177e-13	-4.00387526134177e-13
56870.813297	166.504954	-202.070126	2.34598066944625e-12	6.15875189989177e-13	-6.15875189989177e-13
57479.850769	516.737343	-442.532517	1.65535011477326e-12	3.30412077312213e-13	-3.30412077312213e-13
66087.784900	2958.802491	-3599.227548	1.39506276423346e-12	2.71202336091144e-13	-2.71202336091144e-13
76645.171462	3979.850869	-2323.241011	2.15226868141953e-12	4.11265788745487e-13	-4.11265788745487e-13
114764.485750	6840.511122	-11835.879738	6.40161955040597e-13	1.40564522549493e-13	-1.40564522549493e-13
126720.692808	644.304203	-692.086697	9.54398508723691e-13	2.14137605844575e-13	-2.14137605844575e-13
132516.582252	648.639139	-727.868561	9.46023228136398e-13	2.32784441783781e-13	-2.32784441783781e-13
138070.079389	576.508583	-461.513617	9.34534253511791e-13	2.42552147495479e-13	-2.42552147495479e-13
144524.963662	4899.474230	-1216.202510	7.19382253197919e-13	1.93160771761164e-13	-1.93160771761164e-13
149838.173345	388.600387	-413.735453	1.20560121304031e-12	3.08595969751366e-13	-3.08595969751366e-13
158738.042910	3068.234262	-3737.457218	8.31425728645903e-13	1.75460301418559e-13	-1.75460301418559e-13
170952.948442	8489.876861	-3918.367571	7.15374540108913e-13	1.85646340076173e-13	-1.85646340076173e-13
201207.418711	6784.309140	-11578.671940	5.31850359194865e-13	1.02913925051159e-13	-1.02913925051159e-13
233145.027265	3900.947146	-7978.205654	4.57895954717902e-13	1.04143002801561e-13	-1.04143002801561e-13
268154.930125	15257.355027	-14242.432153	2.75082226748198e-13	7.45600528046847e-14	-7.45600528046847e-14
298197.414091	13909.339921	-10228.806539	3.40640108380206e-13	8.90056215917137e-14	-8.90056215917137e-14
337360.360798	43932.664254	-20471.735686	1.76486952725009e-13	3.92884317666834e-14	-3.92884317666834e-14
551210.144758	73256.319185	-106214.758707	4.51626949513776e-14	1.35435386260257e-14	-1.35435386260257e-14
