READ TERR 1 2
NO	NO	NO	NO	NO	NO
!Time	Poserr	Negerr	Flux	PosErr	NegErr
!XRT wtslew mode data
49.5907776573771	0.475528354402705	-0.501153626889995	4.1295235876665e-09	1.03008416237664e-09	-1.03008416237664e-09
50.451634596786	0.397489434383928	-0.385328585006171	4.87101324894999e-09	1.21504418026717e-09	-1.21504418026717e-09
51.3172068011477	0.437516228092008	-0.468082769977791	4.27307570562141e-09	1.06589235187884e-09	-1.06589235187884e-09
52.2910492892435	0.411956697073244	-0.536326260003761	4.24824592374282e-09	1.05557696295538e-09	-1.05557696295538e-09
53.1661383576416	0.472707639318067	-0.463132371324932	4.27218622742541e-09	1.06567047703468e-09	-1.06567047703468e-09
54.1551027714403	0.362500225488922	-0.516256774480574	4.69984902267876e-09	1.1677884112079e-09	-1.1677884112079e-09
55.5081471285224	0.851768902838167	-0.990544131593232	4.05199579145209e-09	9.23150665730205e-10	-9.23150665730205e-10
NO	NO	NO	NO	NO	NO
!Time	Poserr	Negerr	Flux	PosErr	NegErr
!XRT wt mode data
64.702126	0.750808	-0.640539	2.63938858354641e-09	4.16354237534118e-10	-4.16354237534118e-10
65.781905	0.265259	-0.328971	6.44051151563492e-09	9.60094778539551e-10	-9.60094778539551e-10
66.378081	0.268651	-0.330916	6.39698088526873e-09	9.53605612833532e-10	-9.53605612833532e-10
66.892525	0.257702	-0.245793	7.52894685109706e-09	1.14351983246501e-09	-1.14351983246501e-09
67.411876	0.345035	-0.261649	8.22635377648346e-09	1.08017315124923e-09	-1.08017315124923e-09
68.066117	0.267233	-0.309206	6.81092394093054e-09	1.0153126202552e-09	-1.0153126202552e-09
68.571860	0.270323	-0.238509	7.9475279469347e-09	1.17179909068443e-09	-1.17179909068443e-09
69.095058	0.280866	-0.252875	8.25254402261289e-09	1.16708600948208e-09	-1.16708600948208e-09
69.605029	0.283275	-0.229106	7.7443638841025e-09	1.15446165048487e-09	-1.15446165048487e-09
70.091303	0.311140	-0.202999	7.85187879154621e-09	1.15769639193856e-09	-1.15769639193856e-09
70.657460	0.330317	-0.255017	8.37805991399902e-09	1.12617871431469e-09	-1.12617871431469e-09
71.304709	0.266625	-0.316932	6.63328048396445e-09	9.88831039456629e-10	-9.88831039456629e-10
71.875626	0.359323	-0.304293	8.64340464794232e-09	1.06119005133135e-09	-1.06119005133135e-09
72.515351	0.235533	-0.280401	7.37948008463332e-09	1.10006794119939e-09	-1.10006794119939e-09
73.002751	0.260523	-0.251867	8.05282077878804e-09	1.15040300332824e-09	-1.15040300332824e-09
73.552830	0.327819	-0.289556	9.23795614545205e-09	1.1202667107509e-09	-1.1202667107509e-09
74.221779	0.276228	-0.341131	6.08401748772768e-09	9.06951752846847e-10	-9.06951752846847e-10
74.769144	0.321316	-0.271136	6.39933229292115e-09	9.53956092463352e-10	-9.53956092463352e-10
75.414909	0.280443	-0.324450	6.41867421720191e-09	9.56839468677074e-10	-9.56839468677074e-10
75.951971	0.277110	-0.256619	7.49328406377548e-09	1.11703282400626e-09	-1.11703282400626e-09
76.533133	0.309738	-0.304051	1.03406632411223e-08	1.25398961383228e-09	-1.25398961383228e-09
77.119596	0.257015	-0.276725	1.24857179770874e-08	1.51411571269077e-09	-1.51411571269077e-09
77.654471	0.295020	-0.277861	1.21780544348998e-08	1.47680604207386e-09	-1.47680604207386e-09
78.448342	0.470779	-0.498851	1.64686260631195e-08	1.9971142274747e-09	-1.9971142274747e-09
79.321693	0.399801	-0.402572	2.28555029954534e-08	2.80260488027108e-09	-2.80260488027108e-09
80.134075	0.423605	-0.412581	2.17130341281111e-08	2.69242925177994e-09	-2.69242925177994e-09
81.000296	0.503884	-0.442615	1.95473988758801e-08	2.37047035044829e-09	-2.37047035044829e-09
81.876722	0.456531	-0.372543	2.03585452642565e-08	2.5052979371425e-09	-2.5052979371425e-09
82.786980	0.455393	-0.453727	1.62268067733326e-08	2.058003524092e-09	-2.058003524092e-09
83.892641	0.586230	-0.650267	1.07393203451934e-08	1.42600945901698e-09	-1.42600945901698e-09
85.127686	0.596578	-0.648815	1.09916677372056e-08	1.39404455244921e-09	-1.39404455244921e-09
86.532794	0.794469	-0.808530	8.69914897079442e-09	1.06671369834947e-09	-1.06671369834947e-09
88.071014	0.832521	-0.743751	8.61732519385136e-09	1.0806291953808e-09	-1.0806291953808e-09
89.683260	0.835728	-0.779725	7.97188660277568e-09	1.01211996794768e-09	-1.01211996794768e-09
91.176172	0.483225	-0.657184	7.80874586674702e-09	1.18379745988298e-09	-1.18379745988298e-09
92.323194	0.723927	-0.663797	6.5020495974374e-09	9.69268293530438e-10	-9.69268293530438e-10
93.843724	0.788606	-0.796602	8.74507697516404e-09	1.08439478532045e-09	-1.08439478532045e-09
95.346987	0.648139	-0.714657	1.13126892563975e-08	1.38719318115107e-09	-1.38719318115107e-09
96.422816	0.460097	-0.427690	1.84537421872754e-08	2.26284884583335e-09	-2.26284884583335e-09
97.163126	0.321115	-0.280213	2.74382796586925e-08	3.32738014049726e-09	-3.32738014049726e-09
97.901464	0.362037	-0.417224	2.07913736937901e-08	2.57814274255465e-09	-2.57814274255465e-09
98.653727	0.303636	-0.390226	2.37698886225232e-08	2.88252244269062e-09	-2.88252244269062e-09
99.351949	0.413140	-0.394587	2.04118264446322e-08	2.5118546563746e-09	-2.5118546563746e-09
100.239126	0.410192	-0.474037	1.8593670171009e-08	2.28000722560336e-09	-2.28000722560336e-09
101.042385	0.412881	-0.393066	2.00020133178907e-08	2.48026160301176e-09	-2.48026160301176e-09
101.893431	0.405127	-0.438165	1.89642866930871e-08	2.32545323460208e-09	-2.32545323460208e-09
102.781802	0.479264	-0.483244	1.63673243158791e-08	2.00700651551704e-09	-2.00700651551704e-09
103.656761	0.333749	-0.395696	2.18605168595296e-08	2.71071716625383e-09	-2.71071716625383e-09
104.341702	0.374695	-0.351192	2.19860413230823e-08	2.78843223534663e-09	-2.78843223534663e-09
105.064460	0.301320	-0.348063	2.58133703420406e-08	3.13033099315288e-09	-3.13033099315288e-09
105.728913	0.302257	-0.363133	2.48885005054185e-08	3.12106594948076e-09	-3.12106594948076e-09
106.312508	0.289753	-0.281337	3.013500730399e-08	3.65440637995827e-09	-3.65440637995827e-09
106.983828	0.467076	-0.381567	2.02109269886397e-08	2.47831966733375e-09	-2.47831966733375e-09
107.803174	0.361158	-0.352269	2.42316337689382e-08	2.93851719063545e-09	-2.93851719063545e-09
108.564163	0.397192	-0.399831	2.15058167312872e-08	2.63710264168378e-09	-2.63710264168378e-09
109.351198	0.389416	-0.389843	2.14565901249898e-08	2.6606300240604e-09	-2.6606300240604e-09
110.038810	0.281802	-0.298196	2.87662361755625e-08	3.48841851947091e-09	-3.48841851947091e-09
110.768949	0.435908	-0.448337	1.81609175990497e-08	2.25196459452741e-09	-2.25196459452741e-09
111.562859	0.355430	-0.358002	2.22001866772409e-08	2.75283640261174e-09	-2.75283640261174e-09
112.266035	0.427956	-0.347746	2.05195858721793e-08	2.48836526888099e-09	-2.48836526888099e-09
113.110363	0.371769	-0.416372	1.94860013813309e-08	2.47135862838158e-09	-2.47135862838158e-09
113.821925	0.268674	-0.339793	2.65940460203641e-08	3.29767759262685e-09	-3.29767759262685e-09
114.351529	0.340405	-0.260930	2.77684801291856e-08	3.45520216581073e-09	-3.45520216581073e-09
114.966982	0.281790	-0.275048	3.09212343748251e-08	3.74975045590278e-09	-3.74975045590278e-09
115.525842	0.315381	-0.277070	2.86494133431652e-08	3.59269170541299e-09	-3.59269170541299e-09
116.089902	0.269049	-0.248679	3.58163668252543e-08	4.26552053424925e-09	-4.26552053424925e-09
116.635352	0.234210	-0.276401	3.8355485694754e-08	4.3996759182308e-09	-4.3996759182308e-09
117.122744	0.291233	-0.253182	3.10324722797302e-08	3.84804510024505e-09	-3.84804510024505e-09
117.642153	0.280656	-0.228175	3.31829279190855e-08	4.0240210680994e-09	-4.0240210680994e-09
118.243935	0.306909	-0.321126	2.64900501103917e-08	3.24828315663081e-09	-3.24828315663081e-09
118.829325	0.230350	-0.278482	3.40166999033407e-08	4.0657732407051e-09	-4.0657732407051e-09
119.313493	0.255015	-0.253818	3.38165358810941e-08	4.08570875812495e-09	-4.08570875812495e-09
119.877489	0.285238	-0.308981	2.90077841903619e-08	3.49212680178542e-09	-3.49212680178542e-09
120.431043	0.233391	-0.268316	3.45740497032431e-08	4.2228088751892e-09	-4.2228088751892e-09
120.951356	0.248597	-0.286922	3.15123605236745e-08	3.90755148583981e-09	-3.90755148583981e-09
121.458727	0.246499	-0.258775	3.30125951714581e-08	4.04809557666292e-09	-4.04809557666292e-09
121.977364	0.256265	-0.272137	3.59004707740651e-08	4.12965862475542e-09	-4.12965862475542e-09
122.480251	0.283560	-0.246622	3.31627349068109e-08	3.8550895991893e-09	-3.8550895991893e-09
123.090240	0.237556	-0.326429	2.79148325312671e-08	3.38517065063811e-09	-3.38517065063811e-09
123.658156	0.342150	-0.330360	2.28266687861843e-08	2.76814016025744e-09	-2.76814016025744e-09
124.305890	0.301089	-0.305584	2.40294467875187e-08	2.9796657964737e-09	-2.9796657964737e-09
124.905052	0.305047	-0.298074	2.34322246615032e-08	2.90560982544476e-09	-2.90560982544476e-09
125.503134	0.370582	-0.293035	2.18434634436041e-08	2.67850577908629e-09	-2.67850577908629e-09
126.145383	0.270968	-0.271667	2.72837675758953e-08	3.34561091275465e-09	-3.34561091275465e-09
126.689390	0.266041	-0.273039	2.75615305217997e-08	3.37967099137683e-09	-3.37967099137683e-09
127.298621	0.425381	-0.343190	1.88019324718875e-08	2.38459995495973e-09	-2.38459995495973e-09
128.095187	0.400951	-0.371186	1.94474873164462e-08	2.35835423065837e-09	-2.35835423065837e-09
128.893833	0.385125	-0.397694	1.89541671128345e-08	2.3768891419561e-09	-2.3768891419561e-09
129.660657	0.324616	-0.381699	2.16586139373913e-08	2.65583903216254e-09	-2.65583903216254e-09
130.353373	0.309765	-0.368100	2.19021570713259e-08	2.74657278145187e-09	-2.74657278145187e-09
131.011164	0.361833	-0.348026	2.07599306428561e-08	2.57424376328998e-09	-2.57424376328998e-09
131.756415	0.402959	-0.383417	1.83680815926633e-08	2.32957581782788e-09	-2.32957581782788e-09
132.517610	0.319605	-0.358236	2.22343169714016e-08	2.72643335243038e-09	-2.72643335243038e-09
133.121115	0.345883	-0.283899	2.46230533941838e-08	2.98598386368004e-09	-2.98598386368004e-09
133.767444	0.293783	-0.300447	2.71093773916646e-08	3.28749485054863e-09	-3.28749485054863e-09
134.353003	0.231289	-0.291776	3.10412524214203e-08	3.80636410772125e-09	-3.80636410772125e-09
134.948661	0.306365	-0.364368	2.25825207616895e-08	2.80024608369456e-09	-2.80024608369456e-09
135.590529	0.358358	-0.335504	2.07743181141124e-08	2.51925613613856e-09	-2.51925613613856e-09
136.257962	0.333194	-0.309074	2.1956790904257e-08	2.72265516182143e-09	-2.72265516182143e-09
136.967872	0.482604	-0.376717	1.72838478619079e-08	2.12692938467267e-09	-2.12692938467267e-09
137.808567	0.371354	-0.358091	2.01473000767653e-08	2.49827727701094e-09	-2.49827727701094e-09
138.542907	0.364680	-0.362986	1.99556140758844e-08	2.41997369680829e-09	-2.41997369680829e-09
139.218101	0.321078	-0.310514	2.23604966974975e-08	2.74190587859264e-09	-2.74190587859264e-09
139.962596	0.316695	-0.423417	1.89472169892283e-08	2.34946624278089e-09	-2.34946624278089e-09
140.633270	0.476864	-0.353979	1.66264937644415e-08	2.10869480773626e-09	-2.10869480773626e-09
141.739382	0.459577	-0.629248	1.29013430898637e-08	1.59977421369724e-09	-1.59977421369724e-09
142.682434	0.585769	-0.483474	1.32313370212033e-08	1.62246308694537e-09	-1.62246308694537e-09
143.803778	0.615524	-0.535575	1.2057522530599e-08	1.49513999229912e-09	-1.49513999229912e-09
144.999538	0.553072	-0.580236	1.24151540637192e-08	1.53948651564846e-09	-1.53948651564846e-09
146.062597	0.452519	-0.509987	1.53116319339135e-08	1.89865149124607e-09	-1.89865149124607e-09
147.121613	0.539250	-0.606497	8.34601105175103e-09	1.28688624821739e-09	-1.28688624821739e-09
148.364576	0.527447	-0.703713	1.13254052893728e-08	1.38875249793477e-09	-1.38875249793477e-09
149.225641	0.239263	-0.333619	1.27082507102729e-08	1.5411017698674e-09	-1.5411017698674e-09
149.688107	0.282070	-0.223203	1.15315748597998e-08	1.38823843556844e-09	-1.38823843556844e-09
150.236741	0.281410	-0.266563	1.05291059264187e-08	1.27684165173082e-09	-1.27684165173082e-09
150.733445	0.297096	-0.215294	1.14480588847411e-08	1.39505770068949e-09	-1.39505770068949e-09
151.316814	0.306158	-0.286273	9.84934451587179e-09	1.19440848303392e-09	-1.19440848303392e-09
151.878992	0.261708	-0.256019	1.14869601323621e-08	1.37946763469511e-09	-1.37946763469511e-09
152.402294	0.256135	-0.261594	1.19635079889439e-08	1.3907295968123e-09	-1.3907295968123e-09
152.931877	0.247828	-0.273448	7.89882128435357e-09	1.13599977994784e-09	-1.13599977994784e-09
153.483379	0.313675	-0.303674	9.15809861430692e-09	1.11058259107812e-09	-1.11058259107812e-09
154.080938	0.287217	-0.283884	9.94086487219596e-09	1.2055069018988e-09	-1.2055069018988e-09
154.667680	0.312498	-0.299525	9.29658556540696e-09	1.12737658650822e-09	-1.12737658650822e-09
155.285936	0.243993	-0.305759	1.03311920863374e-08	1.25284110165596e-09	-1.25284110165596e-09
155.828923	0.313028	-0.298994	9.19473210161834e-09	1.12887903478468e-09	-1.12887903478468e-09
156.475942	0.311835	-0.333991	8.70265914313351e-09	1.06846506995777e-09	-1.06846506995777e-09
157.090616	0.248692	-0.302839	7.81808741768807e-09	1.10862967045689e-09	-1.10862967045689e-09
157.668736	0.384005	-0.329428	5.21720180409346e-09	7.98003090979758e-10	-7.98003090979758e-10
158.318937	0.260427	-0.266196	7.58323318393533e-09	1.09454545950088e-09	-1.09454545950088e-09
158.843603	0.246372	-0.264239	8.15378353828663e-09	1.15311909425492e-09	-1.15311909425492e-09
159.376006	0.260152	-0.286031	7.33467634933887e-09	1.05866933255744e-09	-1.05866933255744e-09
159.908977	0.280482	-0.272818	6.82636014660195e-09	1.01761364415558e-09	-1.01761364415558e-09
160.451673	0.255504	-0.262214	7.34393965940451e-09	1.09476986223448e-09	-1.09476986223448e-09
160.957448	0.287018	-0.250272	7.14434759516407e-09	1.06501647411546e-09	-1.06501647411546e-09
161.498103	0.288998	-0.253637	7.18661506568186e-09	1.07131733998269e-09	-1.07131733998269e-09
162.108832	0.379248	-0.321731	5.57587320040266e-09	8.46880939584225e-10	-8.46880939584225e-10
162.822950	0.286047	-0.334870	6.495690724968e-09	9.68320394454651e-10	-9.68320394454651e-10
163.447278	0.300428	-0.338281	6.37973127733849e-09	9.5103419743201e-10	-9.5103419743201e-10
164.041598	0.307455	-0.293892	6.84764239728644e-09	1.02078625345566e-09	-1.02078625345566e-09
164.676658	0.307545	-0.327605	6.53274934935578e-09	9.73844810866355e-10	-9.73844810866355e-10
165.342254	0.330471	-0.358050	6.0373765358497e-09	8.99999000927338e-10	-8.99999000927338e-10
165.990970	0.334684	-0.318245	6.3765270757433e-09	9.50556554746104e-10	-9.50556554746104e-10
166.726558	0.481542	-0.400904	4.57448222875993e-09	7.08009510591294e-10	-7.08009510591294e-10
167.570562	0.318946	-0.362462	5.9842669622484e-09	8.92081824505809e-10	-8.92081824505809e-10
168.198878	0.315106	-0.309369	6.44309339633716e-09	9.60479681498943e-10	-9.60479681498943e-10
168.932334	0.312875	-0.418350	5.42977652666892e-09	8.09423302096284e-10	-8.09423302096284e-10
169.620850	0.483674	-0.375642	4.67003628968517e-09	6.96167930058828e-10	-6.96167930058828e-10
170.496490	0.323231	-0.391966	5.60890363487757e-09	8.51897716846526e-10	-8.51897716846526e-10
171.160715	0.324401	-0.340994	8.84127499707906e-09	1.11088539818154e-09	-1.11088539818154e-09
171.830475	0.307580	-0.345358	6.1820624665357e-09	9.2156749237068e-10	-9.2156749237068e-10
172.413265	0.317229	-0.275211	6.45101878530319e-09	9.79800782002606e-10	-9.79800782002606e-10
173.025691	0.243877	-0.295197	6.94464206027142e-09	1.0352460951446e-09	-1.0352460951446e-09
173.529285	0.258010	-0.259717	7.71412776980803e-09	1.1134384543493e-09	-1.1134384543493e-09
174.194645	0.236697	-0.407350	5.8170643006001e-09	8.67156732833643e-10	-8.67156732833643e-10
174.706281	0.347758	-0.274939	6.01795700474357e-09	8.97104032392987e-10	-8.97104032392987e-10
175.442366	0.337558	-0.388328	5.16402859113334e-09	7.69807910048827e-10	-7.69807910048827e-10
176.133092	0.331814	-0.353168	5.49794422409877e-09	8.19585163145851e-10	-8.19585163145851e-10
176.791635	0.345769	-0.326728	5.63286974625646e-09	8.39698599057985e-10	-8.39698599057985e-10
177.409876	0.232801	-0.272472	7.50278407283843e-09	1.11844899261894e-09	-1.11844899261894e-09
177.903087	0.264437	-0.260410	7.18662744241997e-09	1.07131915178047e-09	-1.07131915178047e-09
178.438801	0.253558	-0.271276	7.14998499530233e-09	1.06585686214303e-09	-1.06585686214303e-09
178.995317	0.285939	-0.302958	6.44274327476412e-09	9.60427445503408e-10	-9.60427445503408e-10
179.740608	0.350138	-0.459352	4.80243880866793e-09	7.15905338033567e-10	-7.15905338033567e-10
180.484197	0.401800	-0.393451	5.00109571034764e-09	7.45519331993276e-10	-7.45519331993276e-10
181.227474	0.386190	-0.341476	5.3929566307936e-09	8.03934505263125e-10	-8.03934505263125e-10
181.934751	0.258909	-0.321088	6.68040450786241e-09	9.95855911288715e-10	-9.95855911288715e-10
182.629957	0.410571	-0.436297	4.52023170470399e-09	6.73836358964883e-10	-6.73836358964883e-10
183.340037	0.330305	-0.299509	6.02252954088617e-09	8.97785686269706e-10	-8.97785686269706e-10
184.223302	0.411331	-0.552961	3.83246465165656e-09	5.82086643922324e-10	-5.82086643922324e-10
184.936835	0.452136	-0.302202	5.01644550147759e-09	7.47807550837332e-10	-7.47807550837332e-10
185.793676	0.370990	-0.404705	4.81725614339884e-09	7.45584499512435e-10	-7.45584499512435e-10
186.599256	0.451419	-0.434590	4.26634438909924e-09	6.60317872815056e-10	-6.60317872815056e-10
187.360032	0.345363	-0.309357	5.78135279319761e-09	8.78089831234875e-10	-8.78089831234875e-10
188.141851	0.335678	-0.436455	5.01161154865693e-09	7.38921771303406e-10	-7.38921771303406e-10
188.876427	0.296734	-0.398898	5.4661219611863e-09	8.14841375744044e-10	-8.14841375744044e-10
189.576249	0.401096	-0.403088	4.79778600037006e-09	7.15211738704152e-10	-7.15211738704152e-10
190.524723	0.406236	-0.547378	4.07021646519038e-09	6.1819715979616e-10	-6.1819715979616e-10
191.415561	0.422741	-0.484602	4.22659902565505e-09	6.41949011625398e-10	-6.41949011625398e-10
192.281860	0.433545	-0.443558	4.37108000214842e-09	6.51602172737408e-10	-6.51602172737408e-10
193.018941	0.433030	-0.303537	5.14645753710214e-09	7.67188613225726e-10	-7.67188613225726e-10
193.823109	0.383215	-0.371138	4.99437999949443e-09	7.44518240860878e-10	-7.44518240860878e-10
194.516927	0.228474	-0.310603	6.96245841261645e-09	1.03790200057396e-09	-1.03790200057396e-09
195.264702	0.480557	-0.519301	3.70561491504212e-09	5.62820294692126e-10	-5.62820294692126e-10
196.024395	0.322211	-0.279136	6.28805847602579e-09	9.37368423919474e-10	-9.37368423919474e-10
196.713476	0.273618	-0.366869	5.93200720194003e-09	8.84291395518148e-10	-8.84291395518148e-10
197.329375	0.394275	-0.342281	5.17588972430898e-09	7.77221232697656e-10	-7.77221232697656e-10
198.091284	0.244388	-0.367633	6.05736429334112e-09	9.20011304199323e-10	-9.20011304199323e-10
198.716260	0.476928	-0.380588	4.31744069222009e-09	6.55746272305139e-10	-6.55746272305139e-10
199.527084	0.352841	-0.333896	5.38431587949048e-09	8.17786637532261e-10	-8.17786637532261e-10
200.273720	0.339208	-0.393795	5.24066238046811e-09	7.72693477856893e-10	-7.72693477856893e-10
201.000635	0.304376	-0.387707	5.49713581642678e-09	8.19464610262018e-10	-8.19464610262018e-10
201.715397	0.416926	-0.410386	4.65247249475409e-09	6.9354962236753e-10	-6.9354962236753e-10
202.457226	0.408100	-0.324903	5.28897076355004e-09	7.88433178524024e-10	-7.88433178524024e-10
203.367316	0.339540	-0.501990	4.56191921574187e-09	6.92878491840723e-10	-6.92878491840723e-10
204.015592	0.386890	-0.308736	5.61645766717867e-09	8.37252062349659e-10	-8.37252062349659e-10
204.865497	0.405197	-0.463015	4.43408551943174e-09	6.73462720481323e-10	-6.73462720481323e-10
205.691313	0.433363	-0.420620	4.56371460442593e-09	6.80318398661147e-10	-6.80318398661147e-10
206.518216	0.334112	-0.393540	5.3459668741425e-09	7.96929667540023e-10	-7.96929667540023e-10
207.474929	0.434184	-0.622601	3.79918967244663e-09	5.66349724051616e-10	-5.66349724051616e-10
208.349605	0.353002	-0.440491	5.23482648927245e-09	7.80361834459706e-10	-7.80361834459706e-10
209.333041	0.453074	-0.630433	3.9534005095215e-09	6.04696906209965e-10	-6.04696906209965e-10
210.373754	0.504734	-0.587639	3.92775806225943e-09	5.85515627290744e-10	-5.85515627290744e-10
211.392433	0.562429	-0.513946	3.91636437405303e-09	5.83817115430638e-10	-5.83817115430638e-10
212.608681	0.548863	-0.653818	3.42941979813573e-09	5.11227724490323e-10	-5.11227724490323e-10
214.031119	0.836165	-0.873575	2.34946316785406e-09	3.50237297960428e-10	-3.50237297960428e-10
215.628573	0.574830	-0.761288	2.90836660044745e-09	4.3355372195651e-10	-4.3355372195651e-10
216.828973	0.573556	-0.625570	3.16337329180636e-09	4.7156786781684e-10	-4.7156786781684e-10
218.116391	0.906926	-0.713862	2.32894233536996e-09	3.47178260839246e-10	-3.47178260839246e-10
219.860810	0.733479	-0.837493	2.41886769736022e-09	3.6058348909281e-10	-3.6058348909281e-10
221.290578	0.549089	-0.696289	3.01981565420505e-09	4.58658964783893e-10	-4.58658964783893e-10
222.412725	0.569147	-0.573057	3.30697722870779e-09	4.92975029541233e-10	-4.92975029541233e-10
223.360983	0.245365	-0.379111	5.99478569382757e-09	8.93649894151186e-10	-8.93649894151186e-10
223.887037	0.301087	-0.280690	6.37021347861937e-09	9.6752783640739e-10	-9.6752783640739e-10
224.497215	0.270906	-0.309091	9.85760852308043e-09	1.19541059411717e-09	-1.19541059411717e-09
225.084043	0.353040	-0.315922	8.61852547349586e-09	1.04514973095383e-09	-1.04514973095383e-09
225.669915	0.300889	-0.232831	7.21299721415989e-09	1.07525013463732e-09	-1.07525013463732e-09
226.290130	0.299799	-0.319326	9.47577791188239e-09	1.14910682256909e-09	-1.14910682256909e-09
226.911882	0.338106	-0.321953	8.88085350364085e-09	1.08221868579629e-09	-1.08221868579629e-09
227.507462	0.247799	-0.257475	8.11577657590515e-09	1.17141146349017e-09	-1.17141146349017e-09
228.028534	0.242675	-0.273273	8.11560416737589e-09	1.15937204754033e-09	-1.15937204754033e-09
228.497764	0.280499	-0.226554	7.87098713440291e-09	1.14810143620447e-09	-1.14810143620447e-09
229.110055	0.317577	-0.331792	8.77500676095346e-09	1.06412586378916e-09	-1.06412586378916e-09
229.703861	0.326896	-0.276229	6.22448145661055e-09	9.27890883446308e-10	-9.27890883446308e-10
230.297241	0.265493	-0.266484	7.04085448774277e-09	1.0495886112765e-09	-1.0495886112765e-09
230.863546	0.227591	-0.300812	7.50119474340254e-09	1.10183421668971e-09	-1.10183421668971e-09
231.376599	0.253616	-0.285463	6.92099980031957e-09	1.05118291981556e-09	-1.05118291981556e-09
231.875459	0.281369	-0.245244	7.32624218303057e-09	1.08019544849243e-09	-1.08019544849243e-09
232.516282	0.313033	-0.359454	5.70533111289042e-09	8.41205178561606e-10	-8.41205178561606e-10
233.128727	0.246782	-0.299412	7.34030109934258e-09	1.05948120992611e-09	-1.05948120992611e-09
233.733981	0.301601	-0.358472	5.73453016961356e-09	8.54853260240389e-10	-8.54853260240389e-10
234.493036	0.332446	-0.457454	4.83861705231425e-09	7.21298436331734e-10	-7.21298436331734e-10
235.304015	0.348764	-0.478533	4.71311938973502e-09	7.025903794178e-10	-7.025903794178e-10
236.046391	0.319821	-0.393612	5.563828916643e-09	8.29406639443922e-10	-8.29406639443922e-10
236.718114	0.285028	-0.351902	6.16676982094252e-09	9.3662814556865e-10	-9.3662814556865e-10
237.289021	0.324363	-0.285879	6.43974614371073e-09	9.59980673145172e-10	-9.59980673145172e-10
238.066045	0.363961	-0.452661	4.82699708760635e-09	7.11701873539381e-10	-7.11701873539381e-10
238.815909	0.400473	-0.385903	4.86062041226557e-09	7.2457846875291e-10	-7.2457846875291e-10
239.782165	0.398488	-0.565784	3.91987458812256e-09	5.95362734672179e-10	-5.95362734672179e-10
240.803782	0.527971	-0.623128	3.34062243884231e-09	4.9799058946505e-10	-4.9799058946505e-10
241.827595	0.530718	-0.495842	3.76060929027195e-09	5.82043348467509e-10	-5.82043348467509e-10
242.773592	0.392447	-0.415279	5.11284920655479e-09	7.6217858797608e-10	-7.6217858797608e-10
243.630398	0.459026	-0.464359	4.56498881977763e-09	6.93344686255247e-10	-6.93344686255247e-10
244.743708	0.502118	-0.654284	3.68631654273674e-09	5.59889259596663e-10	-5.59889259596663e-10
245.765051	0.395229	-0.519225	4.63658757588046e-09	6.91181683765975e-10	-6.91181683765975e-10
246.678413	0.540467	-0.518132	3.93727260166112e-09	5.8693394276787e-10	-5.8693394276787e-10
247.691367	0.541604	-0.472487	3.97417806060655e-09	6.0361054687802e-10	-6.0361054687802e-10
248.561144	0.203788	-0.328173	7.39689388401513e-09	1.10266383382321e-09	-1.10266383382321e-09
249.053820	0.250189	-0.288888	7.1301162551061e-09	1.06289499568376e-09	-1.06289499568376e-09
249.609118	0.340716	-0.305109	8.74524991432827e-09	1.07369406654174e-09	-1.07369406654174e-09
250.220186	0.275842	-0.270351	7.33486312503576e-09	1.05869633245185e-09	-1.05869633245185e-09
250.814855	0.257613	-0.318827	9.86719145715458e-09	1.19657270658922e-09	-1.19657270658922e-09
251.384902	0.226643	-0.312434	7.73748813768227e-09	1.1127970025546e-09	-1.1127970025546e-09
251.885940	0.245109	-0.274395	7.33370869007806e-09	1.09324477978093e-09	-1.09324477978093e-09
252.449116	0.325966	-0.318068	7.98839094998979e-09	1.04777524283798e-09	-1.04777524283798e-09
253.062328	0.301643	-0.287246	7.68560160897731e-09	1.04587789126175e-09	-1.04587789126175e-09
253.672605	0.415454	-0.308633	5.12214636749246e-09	7.77967522512589e-10	-7.77967522512589e-10
254.363358	0.311815	-0.275299	6.39353410682311e-09	9.53091834715296e-10	-9.53091834715296e-10
254.946870	0.299405	-0.271697	6.57136508234213e-09	9.79601241030363e-10	-9.79601241030363e-10
255.555330	0.313641	-0.309055	6.0225562551792e-09	8.97789645694394e-10	-8.97789645694394e-10
256.134547	0.273501	-0.265577	6.88800055101862e-09	1.04617095355603e-09	-1.04617095355603e-09
256.846931	0.434673	-0.438882	4.33326457621841e-09	6.45964907097445e-10	-6.45964907097445e-10
257.637457	0.289971	-0.355854	5.86890042914604e-09	8.74884006314478e-10	-8.74884006314478e-10
258.171435	0.330654	-0.244007	6.47973647708867e-09	9.84162553572762e-10	-9.84162553572762e-10
258.775306	0.269418	-0.273218	6.93483360090802e-09	1.03378397405883e-09	-1.03378397405883e-09
259.344611	0.317483	-0.299887	6.0840984580941e-09	9.06963875293766e-10	-9.06963875293766e-10
260.052728	0.308535	-0.390634	5.36302176480614e-09	7.99472109325737e-10	-7.99472109325737e-10
260.620082	0.322958	-0.258818	6.52529331081412e-09	9.72733324048959e-10	-9.72733324048959e-10
261.240751	0.317868	-0.297712	6.27931745846155e-09	9.36065399806543e-10	-9.36065399806543e-10
261.934481	0.426527	-0.375861	4.92156245457961e-09	7.3366324573116e-10	-7.3366324573116e-10
262.824437	0.561352	-0.463428	3.67094060065362e-09	5.79077868666732e-10	-5.79077868666732e-10
263.688642	0.419456	-0.302853	5.40602526147441e-09	8.05882647153542e-10	-8.05882647153542e-10
264.540722	0.346637	-0.432624	4.9344531584992e-09	7.49460090364566e-10	-7.49460090364566e-10
265.275956	0.369312	-0.388598	5.2176872557265e-09	7.77806887616465e-10	-7.77806887616465e-10
265.979337	0.329540	-0.334068	6.03748592069913e-09	9.00015258698579e-10	-9.00015258698579e-10
266.784745	0.404806	-0.475869	4.61921460224359e-09	6.88591854852743e-10	-6.88591854852743e-10
267.698409	0.663577	-0.508857	3.43551918080503e-09	5.21797336201689e-10	-5.21797336201689e-10
268.822798	0.432312	-0.460813	4.53158302987483e-09	6.8827096137055e-10	-6.8827096137055e-10
269.787195	0.562083	-0.532084	3.7683086259485e-09	5.61746266332246e-10	-5.61746266332246e-10
270.954929	0.504527	-0.605652	3.76636988163065e-09	5.61457292835839e-10	-5.61457292835839e-10
272.101269	0.614255	-0.641813	3.3780034025885e-09	5.03562981802462e-10	-5.03562981802462e-10
273.470561	0.689583	-0.755036	2.98828322337933e-09	4.45466945447391e-10	-4.45466945447391e-10
274.758164	0.558414	-0.598020	3.69176428514171e-09	5.50335683856439e-10	-5.50335683856439e-10
275.828323	0.507697	-0.511745	3.93910552441591e-09	6.09669860797151e-10	-6.09669860797151e-10
276.767730	0.397366	-0.431710	4.70830221483358e-09	7.28721282838658e-10	-7.28721282838658e-10
277.580366	0.428041	-0.415269	4.70675439678374e-09	7.01641515217639e-10	-7.01641515217639e-10
278.595555	0.505254	-0.587149	3.72020260491929e-09	5.75789472964853e-10	-5.75789472964853e-10
279.662358	0.566397	-0.561549	3.91709871400337e-09	5.83926615965109e-10	-5.83926615965109e-10
280.686825	0.550688	-0.458070	4.61582865067701e-09	6.88087146385829e-10	-6.88087146385829e-10
281.649887	0.539477	-0.412374	4.90892846769504e-09	7.31779861139902e-10	-7.31779861139902e-10
282.676842	0.539048	-0.487477	4.28048069168289e-09	6.38096405743937e-10	-6.38096405743937e-10
283.641315	0.494387	-0.425425	4.51065728978859e-09	6.72409077218698e-10	-6.72409077218698e-10
284.875944	0.745334	-0.740242	2.59463464776316e-09	3.86785280082317e-10	-3.86785280082317e-10
286.040817	0.494927	-0.419539	4.25047040527899e-09	6.45574685254913e-10	-6.45574685254913e-10
287.374795	0.708784	-0.839051	2.5805776705727e-09	3.91946146662573e-10	-3.91946146662573e-10
288.701298	0.631232	-0.617719	3.26322594709617e-09	4.95628947602229e-10	-4.95628947602229e-10
289.822288	0.720053	-0.489758	3.38895075048458e-09	5.14724386760973e-10	-5.14724386760973e-10
291.233401	0.666418	-0.691060	3.04523548222163e-09	4.62519851494123e-10	-4.62519851494123e-10
292.520070	0.630448	-0.620250	3.3282095510402e-09	5.05498815118677e-10	-5.05498815118677e-10
293.828700	0.622356	-0.678183	3.13223108042232e-09	5.0367891624723e-10	-5.0367891624723e-10
295.027716	0.581556	-0.576660	3.82217612000973e-09	5.69776344163776e-10	-5.69776344163776e-10
296.296451	0.579565	-0.687178	3.58822924772782e-09	5.34901635019832e-10	-5.34901635019832e-10
297.504795	0.627289	-0.628779	3.65843153018406e-09	5.55653949924377e-10	-5.55653949924377e-10
298.837221	0.757325	-0.705137	3.20880413692283e-09	4.7834031188136e-10	-4.7834031188136e-10
300.487593	0.791758	-0.893047	2.79513588720682e-09	4.16674228651537e-10	-4.16674228651537e-10
302.224377	0.764700	-0.945026	2.76537323900502e-09	4.12237459026756e-10	-4.12237459026756e-10
303.876338	0.925676	-0.887261	2.61615147820205e-09	3.89992816259068e-10	-3.89992816259068e-10
305.883820	0.923277	-1.081806	2.22638195031978e-09	3.44585302814551e-10	-3.44585302814551e-10
307.753224	0.987771	-0.946127	2.25790823453548e-09	3.42938095863696e-10	-3.42938095863696e-10
310.099614	1.222918	-1.358619	1.593351327183e-09	2.46608870760202e-10	-2.46608870760202e-10
312.566974	1.468699	-1.244442	1.55002650997622e-09	2.31064347317409e-10	-2.31064347317409e-10
316.028005	1.379109	-1.992332	1.3674290260989e-09	2.03844281910746e-10	-2.03844281910746e-10
318.676716	1.372411	-1.269602	1.84517685538785e-09	2.80251215651825e-10	-2.80251215651825e-10
321.413008	1.544962	-1.363881	1.76221132750542e-09	2.67650178672254e-10	-2.67650178672254e-10
324.521601	1.387966	-1.563631	1.61697465551595e-09	2.55072080386348e-10	-2.55072080386348e-10
327.267369	1.225470	-1.357802	1.83259665462408e-09	2.78340497449051e-10	-2.78340497449051e-10
330.072928	1.697053	-1.580089	1.41142683136825e-09	2.10403078108714e-10	-2.10403078108714e-10
333.626333	2.084415	-1.856352	1.11556736355498e-09	1.69435830714896e-10	-1.69435830714896e-10
337.522653	1.463469	-1.811905	8.64918876488916e-10	1.64080666834135e-10	-1.64080666834135e-10
340.719521	1.801699	-1.733399	7.8360340516525e-10	1.4306575992938e-10	-1.4306575992938e-10
344.329506	1.234032	-1.808285	1.30375888780729e-09	1.98018937700446e-10	-1.98018937700446e-10
346.254160	0.542318	-0.690622	3.25110726733013e-09	4.84646467179724e-10	-4.84646467179724e-10
347.546454	0.486521	-0.749976	3.22878140194038e-09	4.81318346208434e-10	-4.81318346208434e-10
348.487747	0.507740	-0.454771	4.09203698111036e-09	6.10004886687833e-10	-6.10004886687833e-10
349.500557	0.491244	-0.505070	3.70444980473254e-09	5.84363883916847e-10	-5.84363883916847e-10
350.510333	0.459975	-0.518533	3.8271031249306e-09	5.81272308606057e-10	-5.81272308606057e-10
351.510647	0.436382	-0.540338	3.86569154507104e-09	5.76263305071102e-10	-5.76263305071102e-10
352.351891	0.450900	-0.404863	4.3308491122943e-09	6.57782783649436e-10	-6.57782783649436e-10
353.379714	0.675587	-0.576923	2.95244302843941e-09	4.48426260878889e-10	-4.48426260878889e-10
354.742270	0.668732	-0.686968	2.76125491300499e-09	4.11623564934544e-10	-4.11623564934544e-10
356.030137	0.676071	-0.619135	2.90513652655154e-09	4.33072187393791e-10	-4.33072187393791e-10
357.377070	0.690157	-0.670862	2.77816360067517e-09	4.14144163966881e-10	-4.14144163966881e-10
358.610540	0.579321	-0.543313	3.26289356757834e-09	5.05010081099132e-10	-5.05010081099132e-10
359.694874	0.704797	-0.505014	3.10607859184124e-09	4.63026880415823e-10	-4.63026880415823e-10
360.839512	0.497753	-0.439841	4.08204090004971e-09	6.08514752775857e-10	-6.08514752775857e-10
362.019892	0.705086	-0.682627	2.79783920943628e-09	4.24944542879308e-10	-4.24944542879308e-10
363.337014	0.793478	-0.612036	2.8506116134125e-09	4.32959776073482e-10	-4.32959776073482e-10
364.879669	0.542455	-0.749178	3.11542385024577e-09	4.64419976859582e-10	-4.64419976859582e-10
366.065254	0.755284	-0.643130	2.80813117900365e-09	4.26507692379367e-10	-4.26507692379367e-10
367.541659	0.728874	-0.721121	2.67587902957607e-09	4.064208195655e-10	-4.064208195655e-10
369.104043	1.121756	-0.833511	2.06065500458462e-09	3.07184295945718e-10	-3.07184295945718e-10
371.458528	1.320288	-1.232729	1.64380498103414e-09	2.45043988384715e-10	-2.45043988384715e-10
374.159069	1.457450	-1.380253	1.52653694483581e-09	2.31855159654661e-10	-2.31855159654661e-10
377.212005	1.859571	-1.595486	1.30001668964733e-09	1.97450539063336e-10	-1.97450539063336e-10
380.659464	1.844039	-1.587889	1.31780395253204e-09	1.96446598019531e-10	-1.96446598019531e-10
384.068268	1.614547	-1.564764	9.40591724107832e-10	1.71727776842578e-10	-1.71727776842578e-10
387.695881	2.258613	-2.013066	6.9465700468777e-10	1.26826411397242e-10	-1.26826411397242e-10
392.430045	2.144818	-2.475551	6.22335797339665e-10	1.16859607932633e-10	-1.16859607932633e-10
397.529940	3.239857	-2.955077	4.71086551277184e-10	8.60082178583538e-11	-8.60082178583538e-11
404.088890	2.601847	-3.319093	4.87383441392246e-10	8.8983667422351e-11	-8.8983667422351e-11
409.632249	2.212585	-2.941512	5.31764761877448e-10	1.02736517446878e-10	-1.02736517446878e-10
413.876212	1.356089	-2.031378	8.36716933310448e-10	1.52762895330721e-10	-1.52762895330721e-10
416.632552	1.134994	-1.400250	1.59003978801891e-09	2.46096347210428e-10	-2.46096347210428e-10
419.210870	1.522490	-1.443325	1.32731543116859e-09	2.05433533097516e-10	-2.05433533097516e-10
422.332029	1.722934	-1.598668	1.15237456405284e-09	1.78357242673677e-10	-1.78357242673677e-10
425.425989	0.876018	-1.371027	1.76024020139337e-09	2.6240114859131e-10	-2.6240114859131e-10
427.805140	1.395076	-1.503132	1.36047662985898e-09	2.06633386766082e-10	-2.06633386766082e-10
430.675091	1.419740	-1.474874	1.37910748593525e-09	2.094630843258e-10	-2.094630843258e-10
433.711957	2.562053	-1.617127	9.93517016001615e-10	1.5089845556552e-10	-1.5089845556552e-10
438.173602	1.535895	-1.899592	9.06045239930686e-10	1.64440159052087e-10	-1.64440159052087e-10
442.146967	2.841198	-2.437470	5.80938000240255e-10	1.09086133570082e-10	-1.09086133570082e-10
446.947563	3.201848	-1.959398	6.16074176595941e-10	1.19025074505888e-10	-1.19025074505888e-10
452.311357	2.123946	-2.161946	7.64174202891184e-10	1.43493426060463e-10	-1.43493426060463e-10
459.246458	5.013180	-4.811155	3.37016151310543e-10	6.32835171766066e-11	-6.32835171766066e-11
469.443273	4.375538	-5.183635	3.58989553530359e-10	6.55422544928507e-11	-6.55422544928507e-11
NO	NO	NO	NO	NO	NO
!Time	Poserr	Negerr	Flux	PosErr	NegErr
!XRT pc mode data
488.356438	12.204294	-12.868875	3.49443948260984e-10	7.99640146482309e-11	-7.99640146482309e-11
529.928428	28.300624	-29.367696	1.69541545505002e-10	3.76106284187134e-11	-3.76106284187134e-11
610.325063	20.616229	-52.096011	1.44791369309938e-10	3.18613098083217e-11	-3.18613098083217e-11
639.814213	6.170999	-8.872921	7.05015927192392e-10	1.47006001666875e-10	-1.47006001666875e-10
654.967622	6.061529	-8.982411	6.7249406726172e-10	1.42345449529647e-10	-1.42345449529647e-10
668.354597	5.211115	-7.325445	1.37592795703807e-09	2.18803588340864e-10	-2.18803588340864e-10
677.430701	6.164291	-3.864989	9.71015417562242e-10	2.03481752652441e-10	-2.03481752652441e-10
691.229389	7.409523	-7.634397	5.49181395805464e-10	1.24219826163258e-10	-1.24219826163258e-10
705.272960	8.409872	-6.634048	5.49317543583242e-10	1.23537019664726e-10	-1.23537019664726e-10
731.561929	14.716043	-17.879097	2.48324657113752e-10	5.64949605127082e-11	-5.64949605127082e-11
795.626471	55.958921	-49.348499	7.64581153747291e-11	1.70965235634124e-11	-1.70965235634124e-11
907.752455	44.125757	-56.167063	3.99360681716617e-11	8.98125082095304e-12	-8.98125082095304e-12
993.829899	38.282573	-41.951687	2.45474873880155e-11	5.52213671199723e-12	-5.52213671199723e-12
1062.852264	26.928608	-30.739792	3.32575473154313e-11	7.43658799133542e-12	-7.43658799133542e-12
1130.716940	31.776232	-40.936068	2.52145914289091e-11	5.74163364810112e-12	-5.74163364810112e-12
1227.722371	82.699320	-65.229200	1.41489401041258e-11	2.99721682491372e-12	-2.99721682491372e-12
6477.768617	88.905355	-86.607025	7.3507403620473e-12	1.93792759004691e-12	-1.93792759004691e-12
6652.820936	94.380276	-86.146964	9.49230994622553e-12	2.17289185263785e-12	-2.17289185263785e-12
6852.073265	60.611307	-104.872053	7.82318536304979e-12	2.05163201171706e-12	-2.05163201171706e-12
6990.644540	100.053752	-77.959968	1.02685107426779e-11	2.25737588777281e-12	-2.25737588777281e-12
16667.758560	1985.898592	-3915.527397	2.54668885943091e-12	4.83014163458677e-13	-4.83014163458677e-13
23274.702266	1158.517246	-1317.861954	1.66739421239717e-12	4.17248700752952e-13	-4.17248700752952e-13
31006.430221	4582.198991	-3271.940077	2.08704764929564e-12	3.78000922993816e-13	-3.78000922993816e-13
60523.483353	9105.949899	-9679.779290	3.88915670910526e-13	9.9269305599653e-14	-9.9269305599653e-14
88457.130873	26227.571858	-14095.085022	3.47632996234885e-13	8.10449418156349e-14	-8.10449418156349e-14
