!TIME		Err (pos)	Err(neg)	Flux		Error
    3626.207	   458.367	   -421.703	2.16972e-12	5.69528e-13
    4509.762	   259.309	   -425.189	2.74982e-12	7.25411e-13
    5224.396	   522.510	   -455.326	2.15429e-12	5.37207e-13
    9458.163	   351.638	   -478.285	9.62412e-13	2.55575e-13
   10614.193	   910.610	   -804.393	6.79109e-13	1.49544e-13
   15736.499	  1556.124	   -823.303	5.64429e-13	1.18701e-13
   48447.172	  3159.168	  -3255.867	3.02168e-13	8.07673e-14
  141239.375	 60457.156	 -39512.648	6.88388e-14	1.69259e-14
  285561.688	 94056.406	 -32293.234	4.14640e-14	2.23782e-14
