READ TERR 1 2
NO	NO	NO	NO	NO	NO
!Time	Poserr	Negerr	Flux	PosErr	NegErr
!XRT wtslew mode data
128.254954888212	0.508397105452076	-0.776124865502894	3.74742945848349e-09	9.34773140983269e-10	-9.34773140983269e-10
129.464328530344	0.647741450857154	-0.70097653667986	3.63407626775205e-09	9.06497887422288e-10	-9.06497887422288e-10
130.661902407792	0.661711610273557	-0.54983242659145	3.68542252102218e-09	9.19305893277714e-10	-9.19305893277714e-10
132.117602398971	0.716480578903855	-0.793988380905148	2.95530343724901e-09	7.37182195742747e-10	-7.37182195742747e-10
133.595292024599	0.83637895595723	-0.761209046723764	2.81492615608151e-09	7.02165949675037e-10	-7.02165949675037e-10
135.143275216317	0.750977756388636	-0.711604235761371	3.11817737101494e-09	7.77810092901963e-10	-7.77810092901963e-10
136.479472478457	0.707297543458481	-0.58521950575053	3.83621133649977e-09	9.46179057902152e-10	-9.46179057902152e-10
NO	NO	NO	NO	NO	NO
!Time	Poserr	Negerr	Flux	PosErr	NegErr
!XRT wt mode data
144.813196	0.959056	-0.814739	2.57938793271298e-09	4.01474218781966e-10	-4.01474218781966e-10
146.488916	0.623024	-0.716664	3.46072902436564e-09	5.30895080544059e-10	-5.30895080544059e-10
147.625032	0.686044	-0.513092	4.0338798566606e-09	6.01335307334282e-10	-6.01335307334282e-10
148.977461	0.566570	-0.666385	4.07206994292353e-09	6.07028377295724e-10	-6.07028377295724e-10
150.039746	0.626917	-0.495716	4.6049117286803e-09	6.8645969469653e-10	-6.8645969469653e-10
151.339706	0.579467	-0.673043	4.22707577911714e-09	6.39193768726708e-10	-6.39193768726708e-10
152.709411	0.768283	-0.790238	3.56408639906753e-09	5.31302630136962e-10	-5.31302630136962e-10
154.108920	0.633753	-0.631226	4.33953687837023e-09	6.46900012767979e-10	-6.46900012767979e-10
155.501982	0.633752	-0.759310	3.86971636348114e-09	5.76863225945581e-10	-5.76863225945581e-10
156.943170	0.747510	-0.807436	3.40178433295399e-09	5.0710807470463e-10	-5.0710807470463e-10
158.348214	0.675014	-0.657534	3.85497470930939e-09	5.82926805014866e-10	-5.82926805014866e-10
159.964990	0.897860	-0.941763	2.73503033973222e-09	4.135753720658e-10	-4.135753720658e-10
161.601984	0.789158	-0.739133	3.45273731599672e-09	5.22102778506646e-10	-5.22102778506646e-10
163.337136	0.680133	-0.945994	3.37333390454766e-09	5.1748811792826e-10	-5.1748811792826e-10
164.628513	0.692861	-0.611244	4.41494374096262e-09	6.67602091029401e-10	-6.67602091029401e-10
166.028711	0.673271	-0.707336	4.33933549264691e-09	6.56169032883185e-10	-6.56169032883185e-10
167.583046	0.730830	-0.881064	3.88326078792304e-09	5.87204012203036e-10	-5.87204012203036e-10
169.081233	0.664846	-0.767357	4.29022511363779e-09	6.48742857807665e-10	-6.48742857807665e-10
170.559805	0.824856	-0.813725	3.58091283262895e-09	5.493318499369e-10	-5.493318499369e-10
172.001002	0.607703	-0.616341	4.69210345274161e-09	7.09512566373729e-10	-7.09512566373729e-10
173.533211	0.801268	-0.924507	3.24696015810184e-09	4.84028299032883e-10	-4.84028299032883e-10
174.947114	0.574036	-0.612635	4.57195409853728e-09	6.81546669934913e-10	-6.81546669934913e-10
176.273459	0.879148	-0.752309	3.23972884178378e-09	4.82950245598291e-10	-4.82950245598291e-10
177.788945	0.582368	-0.636339	4.18387346576924e-09	6.41829418098293e-10	-6.41829418098293e-10
179.056214	0.580062	-0.684902	4.03483165445774e-09	6.10123659418403e-10	-6.10123659418403e-10
180.304904	0.526949	-0.668628	4.07832829936603e-09	6.44133295716405e-10	-6.44133295716405e-10
181.640166	0.698629	-0.808312	3.35215833273621e-09	4.99710259588911e-10	-4.99710259588911e-10
182.855144	0.417695	-0.516349	5.4370779318357e-09	8.01653351932704e-10	-8.01653351932704e-10
183.765295	0.446911	-0.492456	5.21818545098587e-09	7.77881117984421e-10	-7.77881117984421e-10
184.940773	0.657394	-0.728566	3.43543931979993e-09	5.19487054951062e-10	-5.19487054951062e-10
186.284842	0.724177	-0.686675	3.30939396258934e-09	5.00427273864947e-10	-5.00427273864947e-10
187.811838	0.648955	-0.802818	3.19524756744659e-09	4.90168758057515e-10	-4.90168758057515e-10
188.916846	0.479751	-0.456053	5.24791425247218e-09	7.82312876061175e-10	-7.82312876061175e-10
190.048072	0.800300	-0.651476	3.42437691802197e-09	5.25318410011009e-10	-5.25318410011009e-10
191.339537	0.602980	-0.491165	4.78043994039093e-09	7.22870266701024e-10	-7.22870266701024e-10
192.686780	1.017078	-0.744263	3.05896238244295e-09	4.69261809428269e-10	-4.69261809428269e-10
194.588812	0.876389	-0.884953	3.16133009234717e-09	4.78037872987973e-10	-4.78037872987973e-10
196.116223	0.571242	-0.651023	4.5942279052072e-09	6.84867047296747e-10	-6.84867047296747e-10
197.287457	0.634726	-0.599992	4.48505343117911e-09	6.78203641987125e-10	-6.78203641987125e-10
198.663376	0.829783	-0.741192	3.55639089808796e-09	5.30155402756288e-10	-5.30155402756288e-10
200.140369	0.763642	-0.647210	3.90327346775702e-09	5.90230216151795e-10	-5.90230216151795e-10
201.629803	0.637024	-0.725792	3.97048740481342e-09	6.00393880289026e-10	-6.00393880289026e-10
203.194358	0.693260	-0.927531	3.2342478886925e-09	4.89064046055079e-10	-4.89064046055079e-10
204.591074	0.668256	-0.703456	3.71734361613407e-09	5.62115028518672e-10	-5.62115028518672e-10
205.849662	0.507393	-0.590332	4.52960645560653e-09	6.84940665122453e-10	-6.84940665122453e-10
207.082854	0.774010	-0.725799	3.23602570787557e-09	4.89332953147093e-10	-4.89332953147093e-10
208.520863	0.672110	-0.664000	3.71225882713587e-09	5.61346118517483e-10	-5.61346118517483e-10
210.250639	0.794412	-1.057666	2.8052040819628e-09	4.24186568126794e-10	-4.24186568126794e-10
211.634841	0.659163	-0.589790	4.31488009349444e-09	6.52471022833398e-10	-6.52471022833398e-10
213.028597	0.731412	-0.734594	3.81394024983231e-09	5.76721771245838e-10	-5.76721771245838e-10
214.416052	0.703214	-0.656044	4.21732049207333e-09	6.46960400198774e-10	-6.46960400198774e-10
215.764493	0.637528	-0.645227	4.29630467244428e-09	6.68707184666873e-10	-6.68707184666873e-10
217.167749	0.659358	-0.765728	3.7849812071436e-09	5.80637160125801e-10	-5.80637160125801e-10
218.429231	0.652146	-0.602123	4.27178019460594e-09	6.36799339648418e-10	-6.36799339648418e-10
219.996824	0.767598	-0.915448	3.03254041413615e-09	4.58563041979979e-10	-4.58563041979979e-10
221.568072	0.740637	-0.803651	3.28198548004634e-09	4.96282659186198e-10	-4.96282659186198e-10
223.215349	0.760408	-0.906640	3.08555407426329e-09	4.87334058501913e-10	-4.87334058501913e-10
224.788734	0.788250	-0.812976	3.48552665346184e-09	5.27060945719448e-10	-5.27060945719448e-10
226.291289	0.726781	-0.714305	4.04856981568481e-09	6.12201135534959e-10	-6.12201135534959e-10
227.633053	0.601945	-0.614983	5.045580513067e-09	7.52150676698574e-10	-7.52150676698574e-10
228.980398	0.754409	-0.745400	4.11735161492491e-09	6.13778488344248e-10	-6.13778488344248e-10
230.383659	0.829592	-0.648852	3.95925520237569e-09	6.07371730362878e-10	-6.07371730362878e-10
231.796858	0.763198	-0.583607	4.26136855425667e-09	6.44379265718219e-10	-6.44379265718219e-10
233.476134	0.727841	-0.916078	3.40466955026002e-09	5.07538195004043e-10	-5.07538195004043e-10
234.917739	0.730893	-0.713764	3.71355588843579e-09	5.61542276378802e-10	-5.61542276378802e-10
236.312570	0.693540	-0.663939	3.83749330233469e-09	5.80283391058928e-10	-5.80283391058928e-10
237.852147	0.767636	-0.846037	3.09833861015329e-09	4.75302356676797e-10	-4.75302356676797e-10
239.261340	0.835125	-0.641556	3.29648599482333e-09	5.05699225491044e-10	-5.05699225491044e-10
240.828236	0.696880	-0.731771	3.38347614769373e-09	5.04378819193854e-10	-5.04378819193854e-10
242.596977	0.876262	-1.071861	2.40003266144545e-09	3.57775764609965e-10	-3.57775764609965e-10
244.338600	0.787454	-0.865361	2.73262543216502e-09	4.07355753859914e-10	-4.07355753859914e-10
245.781846	0.692791	-0.655792	3.25278317622225e-09	4.84896289051248e-10	-4.84896289051248e-10
247.087345	0.670048	-0.612707	3.2934263138625e-09	4.98012734932955e-10	-4.98012734932955e-10
248.272181	0.541997	-0.514788	3.94916712527902e-09	5.88707087711067e-10	-5.88707087711067e-10
249.594696	0.820701	-0.780519	2.66999157015261e-09	4.0374054887284e-10	-4.0374054887284e-10
251.115644	0.765760	-0.700246	3.07423956327448e-09	4.58280569045853e-10	-4.58280569045853e-10
252.486545	0.693626	-0.605141	3.60413996433391e-09	5.37273440022068e-10	-5.37273440022068e-10
254.119685	0.711522	-0.939514	2.98659590440603e-09	4.45215409494447e-10	-4.45215409494447e-10
255.502888	0.708927	-0.671682	3.83127556532601e-09	5.71132868273332e-10	-5.71132868273332e-10
256.888344	0.620452	-0.676530	4.27392232485194e-09	6.55643444355535e-10	-6.55643444355535e-10
258.105662	0.600477	-0.596866	4.92210648504967e-09	7.55078483903637e-10	-7.55078483903637e-10
259.623326	0.723174	-0.917187	3.87494323416357e-09	5.94437771313183e-10	-5.94437771313183e-10
260.816544	0.423081	-0.470044	7.72620514914189e-09	1.15175464423683e-09	-1.15175464423683e-09
262.111113	0.772431	-0.871489	4.01915195866349e-09	6.07752746040784e-10	-6.07752746040784e-10
263.570981	0.614888	-0.687437	4.77823581389394e-09	7.12297316955662e-10	-7.12297316955662e-10
265.006337	0.656213	-0.820468	3.93072074668932e-09	5.85957294655397e-10	-5.85957294655397e-10
266.379730	0.686557	-0.717179	3.87065934288963e-09	5.77003836874668e-10	-5.77003836874668e-10
267.792055	0.603244	-0.725768	3.81945684337374e-09	5.69371064801569e-10	-5.69371064801569e-10
269.080535	0.585065	-0.685236	3.88928340807115e-09	5.79780120852883e-10	-5.79780120852883e-10
270.165479	0.702815	-0.499879	4.21235787817315e-09	6.36968173534551e-10	-6.36968173534551e-10
271.595760	0.724307	-0.727466	3.70249875121079e-09	5.51935972286158e-10	-5.51935972286158e-10
272.845464	0.695082	-0.525396	4.59162788279575e-09	6.84479494714876e-10	-6.84479494714876e-10
274.280879	0.670507	-0.740333	4.16566083620533e-09	6.20980093757259e-10	-6.20980093757259e-10
275.769952	0.677684	-0.818567	4.03736986368785e-09	6.10507471177572e-10	-6.10507471177572e-10
277.396281	0.679262	-0.948645	3.72038168681911e-09	5.54601753037982e-10	-5.54601753037982e-10
278.798670	0.588074	-0.723127	4.58549897446216e-09	6.8356582845617e-10	-6.8356582845617e-10
279.965011	0.590624	-0.578267	4.87975200509005e-09	7.70710587542163e-10	-7.70710587542163e-10
281.137275	0.683325	-0.581639	4.69514674220464e-09	6.99911169612226e-10	-6.99911169612226e-10
282.475012	0.720857	-0.654413	4.14212442753709e-09	6.44709478320781e-10	-6.44709478320781e-10
283.993949	0.778232	-0.798080	3.56977410078237e-09	5.32150557685902e-10	-5.32150557685902e-10
285.440046	0.550842	-0.667864	4.31295507999456e-09	6.42937429726772e-10	-6.42937429726772e-10
286.858550	0.795828	-0.867662	2.95480628763836e-09	4.40476519023244e-10	-4.40476519023244e-10
288.320985	0.738910	-0.666608	3.22896496432522e-09	4.88265235167839e-10	-4.88265235167839e-10
289.626512	0.692988	-0.566616	3.49763517309989e-09	5.21396622822807e-10	-5.21396622822807e-10
290.993242	0.576988	-0.673743	3.77899910006684e-09	5.63339974509665e-10	-5.63339974509665e-10
292.092373	0.525767	-0.522143	4.7714015539991e-09	7.11278504241836e-10	-7.11278504241836e-10
293.375758	0.695933	-0.757619	3.5884163540119e-09	5.5048300067384e-10	-5.5048300067384e-10
294.875688	0.847039	-0.803997	3.36788342982274e-09	5.24201171274684e-10	-5.24201171274684e-10
296.366879	0.629707	-0.644152	4.57502672495455e-09	6.82004776765237e-10	-6.82004776765237e-10
297.797797	0.716389	-0.801211	3.74760784370236e-09	5.58660368826423e-10	-5.58660368826423e-10
299.304563	0.696980	-0.790376	3.68568790877766e-09	5.57328199334965e-10	-5.57328199334965e-10
300.633467	0.782487	-0.631924	3.83284238728602e-09	5.71366388639465e-10	-5.71366388639465e-10
302.008545	0.626115	-0.592591	4.34694685666284e-09	6.480045593639e-10	-6.480045593639e-10
303.365980	0.647509	-0.731320	3.75894756126517e-09	5.76643388370379e-10	-5.76643388370379e-10
304.678695	0.530371	-0.665207	4.47196841525491e-09	6.76224940204418e-10	-6.76224940204418e-10
305.799982	0.496114	-0.590916	5.0582981739748e-09	7.54046584358247e-10	-7.54046584358247e-10
306.872819	0.620634	-0.576722	4.66719476977934e-09	6.95744259784536e-10	-6.95744259784536e-10
308.168615	0.637818	-0.675162	4.26138628988711e-09	6.44381952525074e-10	-6.44381952525074e-10
309.536371	0.677341	-0.729938	4.02870498391097e-09	6.00563924129492e-10	-6.00563924129492e-10
311.029039	0.750327	-0.815326	3.54731604212762e-09	5.44177939183934e-10	-5.44177939183934e-10
312.236419	0.519691	-0.457054	5.76386570433615e-09	8.71578110022642e-10	-8.71578110022642e-10
313.454614	0.689220	-0.698504	4.1102471131237e-09	6.12719519844275e-10	-6.12719519844275e-10
314.851333	0.527204	-0.707500	4.3775600330039e-09	6.91394099909379e-10	-6.91394099909379e-10
316.188128	0.816552	-0.809591	3.40633253011617e-09	5.15085740421486e-10	-5.15085740421486e-10
317.603765	0.555573	-0.599084	4.69152481886955e-09	7.19705928349948e-10	-7.19705928349948e-10
318.936089	0.799560	-0.776752	3.44048953261274e-09	5.20250768056322e-10	-5.20250768056322e-10
320.668704	0.878083	-0.933055	3.02134958240543e-09	4.51736824117739e-10	-4.51736824117739e-10
322.389917	0.681587	-0.843129	3.51623732073533e-09	5.2416973483699e-10	-5.2416973483699e-10
323.763429	0.690463	-0.691925	3.8524892271553e-09	5.74295200618243e-10	-5.74295200618243e-10
325.078973	0.593625	-0.625081	4.29191636520816e-09	6.48998503111712e-10	-6.48998503111712e-10
326.478897	0.807375	-0.806299	3.18214637472256e-09	4.88158870265184e-10	-4.88158870265184e-10
328.110983	0.675098	-0.824712	3.47417000498515e-09	5.17898727538991e-10	-5.17898727538991e-10
329.378596	0.592388	-0.592515	4.30010480665454e-09	6.50236784590261e-10	-6.50236784590261e-10
330.684637	0.734561	-0.713653	3.51898368747419e-09	5.2457914489431e-10	-5.2457914489431e-10
332.091348	0.594593	-0.672150	3.88483753160575e-09	5.95955650387808e-10	-5.95955650387808e-10
333.426215	0.540702	-0.740275	3.88675675455935e-09	5.79403447426574e-10	-5.79403447426574e-10
334.563951	0.712405	-0.597034	3.76875949578827e-09	5.61813451469984e-10	-5.61813451469984e-10
336.063017	0.663315	-0.786662	3.33170697051692e-09	5.03801285691211e-10	-5.03801285691211e-10
337.435261	0.609394	-0.708928	3.67277514678494e-09	5.47505032953882e-10	-5.47505032953882e-10
338.774544	0.542188	-0.729889	3.77353179144446e-09	5.62524927632748e-10	-5.62524927632748e-10
339.955816	0.698824	-0.639084	3.47930208674712e-09	5.33744217934343e-10	-5.33744217934343e-10
341.461212	0.705690	-0.806573	3.28721905642115e-09	4.97074087397173e-10	-4.97074087397173e-10
342.863913	0.406053	-0.697010	4.76003001292285e-09	7.19783937497666e-10	-7.19783937497666e-10
344.043729	0.665556	-0.773764	3.86318843543177e-09	5.75890185759594e-10	-5.75890185759594e-10
345.557777	0.948432	-0.848492	3.24468145111417e-09	4.90641742182467e-10	-4.90641742182467e-10
347.246153	0.686921	-0.739944	4.32142588722523e-09	6.44200116341309e-10	-6.44200116341309e-10
348.844403	0.515536	-0.911329	4.1264190695968e-09	6.33015660239462e-10	-6.33015660239462e-10
350.157784	0.620110	-0.797845	4.12313118171286e-09	6.23475791167493e-10	-6.23475791167493e-10
351.487679	0.599652	-0.709785	4.38130092871622e-09	6.62514765349639e-10	-6.62514765349639e-10
352.931020	0.711273	-0.843689	3.65568282168415e-09	5.44957042865788e-10	-5.44957042865788e-10
354.412230	0.664043	-0.769938	3.79507730701578e-09	5.82185902565638e-10	-5.82185902565638e-10
355.713344	0.602987	-0.637070	4.32860725523622e-09	6.45270661887141e-10	-6.45270661887141e-10
356.948355	0.556437	-0.632024	4.31013962558495e-09	6.51754138514055e-10	-6.51754138514055e-10
358.060469	0.734194	-0.555677	3.89138324907715e-09	5.80093177263678e-10	-5.80093177263678e-10
359.550357	0.777918	-0.755694	3.10125084201269e-09	4.68953077109138e-10	-4.68953077109138e-10
361.234094	0.770126	-0.905818	2.78511595305309e-09	4.22317407856427e-10	-4.22317407856427e-10
362.701883	0.942697	-0.697664	2.74182608215622e-09	4.39481199893282e-10	-4.39481199893282e-10
364.334959	0.599494	-0.690379	3.78256346719459e-09	5.63871249346668e-10	-5.63871249346668e-10
365.561328	0.591811	-0.626875	3.98029764011549e-09	6.10599778627832e-10	-6.10599778627832e-10
366.754541	0.531885	-0.601403	4.45198039936314e-09	6.636620787039e-10	-6.636620787039e-10
367.865729	0.685661	-0.579303	3.89802467193644e-09	5.89436535157562e-10	-5.89436535157562e-10
369.231353	0.617025	-0.679963	3.78505852150081e-09	5.64243246388048e-10	-5.64243246388048e-10
370.464238	0.677570	-0.615860	3.70147946035931e-09	5.59716149451467e-10	-5.59716149451467e-10
372.011138	0.733669	-0.869330	2.96856818611668e-09	4.42528009306863e-10	-4.42528009306863e-10
373.511091	0.731747	-0.766283	3.14113861844602e-09	4.74984615468428e-10	-4.74984615468428e-10
374.855968	0.612692	-0.613131	3.9064063161719e-09	5.82332623178046e-10	-5.82332623178046e-10
376.417165	0.855536	-0.948505	2.61266071858607e-09	4.00796661772338e-10	-4.00796661772338e-10
378.125176	0.821691	-0.852474	2.90392829919429e-09	4.32892022320901e-10	-4.32892022320901e-10
379.805206	0.840719	-0.858339	2.86945187409067e-09	4.33901750520508e-10	-4.33901750520508e-10
381.506113	0.669860	-0.860188	3.2584272330271e-09	4.92720400028848e-10	-4.92720400028848e-10
382.911414	0.744798	-0.735441	3.47124491972006e-09	5.17462619213459e-10	-5.17462619213459e-10
384.405973	0.746491	-0.749761	3.46408545774716e-09	5.23818765767197e-10	-5.23818765767197e-10
386.037497	0.630788	-0.885034	3.41338589340361e-09	5.31283553247821e-10	-5.31283553247821e-10
387.183811	0.502138	-0.515526	5.01130515912905e-09	7.7999498770299e-10	-7.7999498770299e-10
388.425296	0.673285	-0.739347	3.67981716390702e-09	5.48554789695917e-10	-5.48554789695917e-10
389.694983	0.519114	-0.596402	4.48206671568451e-09	6.87573911815442e-10	-6.87573911815442e-10
390.923821	0.608615	-0.709724	3.82195887434731e-09	5.69743941157119e-10	-5.69743941157119e-10
392.604610	1.041439	-1.072175	2.29180185558041e-09	3.51575162916725e-10	-3.51575162916725e-10
394.248082	0.611313	-0.602033	4.06151177399992e-09	6.05454442644826e-10	-6.05454442644826e-10
395.503945	0.508308	-0.644550	4.25707203886209e-09	6.34606818380687e-10	-6.34606818380687e-10
396.775585	0.645742	-0.763331	3.46720279280489e-09	5.16860048728545e-10	-5.16860048728545e-10
398.082212	0.741071	-0.660885	3.43073499071153e-09	5.18775734095925e-10	-5.18775734095925e-10
399.420516	0.738898	-0.597232	3.55968774998046e-09	5.30646945732988e-10	-5.30646945732988e-10
400.796154	0.626444	-0.636741	3.62696003415412e-09	5.48447760464451e-10	-5.48447760464451e-10
402.367154	0.772307	-0.944556	2.67869504652437e-09	3.94952049489962e-10	-3.94952049489962e-10
403.720376	0.708957	-0.580915	3.40087222144063e-09	5.06972139097108e-10	-5.06972139097108e-10
405.436644	0.960410	-1.007311	2.26291036715224e-09	3.47143028720872e-10	-3.47143028720872e-10
407.075811	0.694732	-0.678757	3.47714560534017e-09	5.18342306008144e-10	-5.18342306008144e-10
408.309273	0.548303	-0.538729	4.50042324681299e-09	6.80527713998123e-10	-6.80527713998123e-10
409.634843	0.688738	-0.777268	3.50654025462434e-09	5.22724114604127e-10	-5.22724114604127e-10
411.094128	0.659876	-0.770547	3.5747535987274e-09	5.40553410944352e-10	-5.40553410944352e-10
412.542412	0.695390	-0.788407	3.448371228267e-09	5.14052861226711e-10	-5.14052861226711e-10
413.947866	0.739930	-0.710064	3.49285416294379e-09	5.20683987638061e-10	-5.20683987638061e-10
415.540569	0.846299	-0.852773	2.94697442037219e-09	4.39308981753054e-10	-4.39308981753054e-10
417.277432	0.952618	-0.890564	2.65413947204107e-09	4.01343451968059e-10	-4.01343451968059e-10
419.074214	0.725032	-0.844163	3.30507011015804e-09	4.9977339980565e-10	-4.9977339980565e-10
420.677223	0.733921	-0.877977	3.38471665556838e-09	5.11817069214131e-10	-5.11817069214131e-10
421.912055	0.474034	-0.500912	6.01969440899132e-09	8.87555547690185e-10	-8.87555547690185e-10
423.045210	0.849560	-0.659121	3.90258174716114e-09	5.90125651727837e-10	-5.90125651727837e-10
425.060557	0.876658	-1.165787	3.04997582340539e-09	4.61199592014289e-10	-4.61199592014289e-10
426.590864	0.662911	-0.653648	4.5488071001275e-09	6.97812311518331e-10	-6.97812311518331e-10
428.039906	1.099750	-0.786132	3.09176544831259e-09	4.74294022803566e-10	-4.74294022803566e-10
430.201662	1.153015	-1.062006	2.58922595108623e-09	3.85979043731384e-10	-3.85979043731384e-10
432.204786	0.818718	-0.850109	3.24037556913759e-09	4.97091631373334e-10	-4.97091631373334e-10
433.646211	0.606675	-0.622707	4.38367280837237e-09	6.53479411676959e-10	-6.53479411676959e-10
435.202255	0.861776	-0.949369	2.81063815631318e-09	4.25008266637521e-10	-4.25008266637521e-10
436.804317	0.585160	-0.740286	3.68226874606892e-09	5.48920199671229e-10	-5.48920199671229e-10
438.143434	0.902416	-0.753958	2.81749227434963e-09	4.20006942158447e-10	-4.20006942158447e-10
439.882214	0.739949	-0.836364	2.76218008174056e-09	4.17680734975771e-10	-4.17680734975771e-10
441.356743	0.825719	-0.734581	2.93890584744084e-09	4.38106217973047e-10	-4.38106217973047e-10
442.877902	0.731425	-0.695440	3.58839766349349e-09	5.34926691601402e-10	-5.34926691601402e-10
444.208561	0.754687	-0.599234	4.11842372574384e-09	6.22764036994893e-10	-6.22764036994893e-10
445.839944	0.687162	-0.876696	4.05616346616699e-09	6.04657187140987e-10	-6.04657187140987e-10
447.079082	0.543970	-0.551976	6.14219958279956e-09	9.42247456795683e-10	-9.42247456795683e-10
448.450653	0.837668	-0.827602	3.73329286319771e-09	5.6452682926065e-10	-5.6452682926065e-10
450.128008	0.839795	-0.839686	3.34965942668836e-09	4.99337780684294e-10	-4.99337780684294e-10
452.093431	0.785140	-1.125629	2.55663169623403e-09	3.86598940991116e-10	-3.86598940991116e-10
453.537314	0.800147	-0.658742	3.04558990162664e-09	4.60536286710045e-10	-4.60536286710045e-10
455.147723	1.123656	-0.810262	2.29064264955194e-09	3.46377586574702e-10	-3.46377586574702e-10
457.067982	0.833083	-0.796604	2.89412065986845e-09	4.37632051507562e-10	-4.37632051507562e-10
458.500302	0.587446	-0.599236	4.21551385991362e-09	6.28411672629186e-10	-6.28411672629186e-10
459.840225	0.873650	-0.752478	3.14139166497087e-09	4.81906894972445e-10	-4.81906894972445e-10
461.463834	0.765861	-0.749959	3.52145252729165e-09	5.24947151131663e-10	-5.24947151131663e-10
462.984417	0.899854	-0.754722	3.04807308537315e-09	4.60911852348813e-10	-4.60911852348813e-10
464.667041	0.861149	-0.782770	2.91965174110371e-09	4.41492702171947e-10	-4.41492702171947e-10
466.329524	0.952891	-0.801334	2.60400243429999e-09	3.93762103496624e-10	-3.93762103496624e-10
467.914697	0.710964	-0.632283	3.21302386437962e-09	4.9289567421951e-10	-4.9289567421951e-10
469.249478	0.602006	-0.623817	3.55631537032114e-09	5.53530112728059e-10	-5.53530112728059e-10
470.632975	0.643594	-0.781491	3.23884297845809e-09	4.82818246746142e-10	-4.82818246746142e-10
472.094897	0.654795	-0.818328	3.20774743237445e-09	4.7818277351216e-10	-4.7818277351216e-10
473.527851	0.776804	-0.778159	3.11087794001633e-09	4.63742290242036e-10	-4.63742290242036e-10
474.952892	0.769731	-0.648238	3.49622029804099e-09	5.21185762681376e-10	-5.21185762681376e-10
476.484348	0.633097	-0.761724	3.64969723896405e-09	5.44064731914052e-10	-5.44064731914052e-10
477.930595	0.859234	-0.813151	3.08560174828695e-09	4.66586684250499e-10	-4.66586684250499e-10
479.864702	1.051172	-1.074872	2.48115381824312e-09	3.80622733505319e-10	-3.80622733505319e-10
481.589352	0.591485	-0.673478	4.35292951631305e-09	6.4889639058639e-10	-6.4889639058639e-10
483.064126	0.728607	-0.883288	3.44344120978411e-09	5.13317951117632e-10	-5.13317951117632e-10
484.500986	0.642108	-0.708254	4.09378289615859e-09	6.19037983811106e-10	-6.19037983811106e-10
485.973432	0.767324	-0.830338	3.52725828385322e-09	5.25812671508488e-10	-5.25812671508488e-10
487.528123	0.591462	-0.787366	3.98110726500875e-09	6.19647703681207e-10	-6.19647703681207e-10
488.826740	0.794417	-0.707155	3.7946809583082e-09	5.65677612894459e-10	-5.65677612894459e-10
490.194161	0.649258	-0.573003	4.77300027389195e-09	7.03740459727463e-10	-7.03740459727463e-10
491.566849	0.589569	-0.723431	4.34928249763005e-09	6.48352803388356e-10	-6.48352803388356e-10
492.646928	0.758442	-0.490509	4.5240119627535e-09	6.84094634064181e-10	-6.84094634064181e-10
494.010192	0.592534	-0.604822	4.77752256936419e-09	7.12191026870081e-10	-7.12191026870081e-10
495.486332	0.730069	-0.883606	3.53237213205733e-09	5.26574883738533e-10	-5.26574883738533e-10
496.996081	0.442585	-0.779680	4.4821671445255e-09	6.97636201253958e-10	-6.97636201253958e-10
497.970977	0.563634	-0.532312	5.15706897524971e-09	7.68770507226693e-10	-7.68770507226693e-10
499.131762	0.694501	-0.597150	4.36067415876027e-09	6.50050892474793e-10	-6.50050892474793e-10
500.797593	0.800686	-0.971331	3.08885950036777e-09	4.7384824570998e-10	-4.7384824570998e-10
502.581074	1.088096	-0.982795	2.53901427217718e-09	4.01013256542754e-10	-4.01013256542754e-10
504.326905	0.706856	-0.657735	3.94977146848943e-09	5.88797166547495e-10	-5.88797166547495e-10
505.842796	0.907813	-0.809035	3.04549448457953e-09	4.60521943770383e-10	-4.60521943770383e-10
507.620014	0.705128	-0.869406	3.28617513710534e-09	4.89874099202424e-10	-4.89874099202424e-10
509.212282	0.616228	-0.887139	3.29911919760377e-09	5.06103181942367e-10	-5.06103181942367e-10
510.435959	0.623712	-0.607449	4.18275046784531e-09	6.23527583020349e-10	-6.23527583020349e-10
512.081575	0.719866	-1.021905	3.03961746239397e-09	4.53119463676395e-10	-4.53119463676395e-10
513.469481	0.879808	-0.668040	3.3827042808914e-09	5.26508046769971e-10	-5.26508046769971e-10
515.473214	1.274326	-1.123924	2.25736248058204e-09	3.51351834354177e-10	-3.51351834354177e-10
517.594874	0.744989	-0.847335	3.62318780556689e-09	5.40112941552624e-10	-5.40112941552624e-10
519.067394	0.658415	-0.727530	4.02168398909295e-09	6.08135588236543e-10	-6.08135588236543e-10
520.399405	0.687441	-0.673596	4.05855850530247e-09	6.05014141133165e-10	-6.05014141133165e-10
522.039450	0.904811	-0.952605	2.86637393912462e-09	4.3343630099301e-10	-4.3343630099301e-10
523.652341	0.612037	-0.708080	3.98101373847005e-09	5.93454435913785e-10	-5.93454435913785e-10
525.145370	0.846546	-0.880992	2.9395261119409e-09	4.44498042415383e-10	-4.44498042415383e-10
526.710050	0.765659	-0.718134	3.33116074164708e-09	5.0371864119673e-10	-5.0371864119673e-10
528.106453	0.748069	-0.630744	3.53993014822043e-09	5.27701588547338e-10	-5.27701588547338e-10
529.478868	1.021352	-0.624347	2.89778830708624e-09	4.31976742528699e-10	-4.31976742528699e-10
531.256724	0.675679	-0.756503	3.19974875337786e-09	4.83847338312564e-10	-4.83847338312564e-10
532.651898	0.734056	-0.719496	3.10874599575071e-09	4.70086404224448e-10	-4.70086404224448e-10
534.610534	0.792958	-1.224580	2.19521039324973e-09	3.31946942735734e-10	-3.31946942735734e-10
536.285122	0.538118	-0.881631	2.99558207260671e-09	4.66253589796096e-10	-4.66253589796096e-10
537.949579	0.860952	-1.126339	2.28349916973045e-09	3.45297436671766e-10	-3.45297436671766e-10
539.619227	0.723119	-0.808695	3.18157723225474e-09	4.88071621029885e-10	-4.88071621029885e-10
540.969773	0.706923	-0.627427	3.99509800478076e-09	5.95554064367886e-10	-5.95554064367886e-10
542.379168	0.743963	-0.702473	3.95110391404255e-09	5.88995840452667e-10	-5.88995840452667e-10
543.829946	0.833914	-0.706815	3.89268889846366e-09	5.97160086125245e-10	-5.97160086125245e-10
545.552859	0.774491	-0.888999	3.37394807755661e-09	5.40802660656085e-10	-5.40802660656085e-10
546.918496	0.696947	-0.591146	4.38043166081303e-09	6.6238325699529e-10	-6.6238325699529e-10
548.721462	0.742500	-1.106019	2.88861241367441e-09	4.36799098830742e-10	-4.36799098830742e-10
550.362613	0.672324	-0.898651	3.15971517579155e-09	4.91800411981786e-10	-4.91800411981786e-10
552.121732	1.039250	-1.086795	2.21363753278285e-09	3.44546158782348e-10	-3.44546158782348e-10
553.922370	0.870076	-0.761389	2.99902686139216e-09	4.47068569868224e-10	-4.47068569868224e-10
555.718552	0.895717	-0.926105	2.64968639003337e-09	4.12415924179795e-10	-4.12415924179795e-10
557.472384	0.908555	-0.858115	2.82284336188275e-09	4.33039847573799e-10	-4.33039847573799e-10
559.302196	0.857875	-0.921258	2.89720772982182e-09	4.38098904636447e-10	-4.38098904636447e-10
560.868563	0.921195	-0.708491	3.15941455265071e-09	4.8467171093528e-10	-4.8467171093528e-10
562.683712	0.833585	-0.893954	2.99650486026817e-09	4.46692586431623e-10	-4.46692586431623e-10
564.542517	0.926471	-1.025221	2.5465051612367e-09	3.90647994102544e-10	-3.90647994102544e-10
566.197886	0.765572	-0.728897	3.34939853256439e-09	4.99298886167894e-10	-4.99298886167894e-10
567.679363	0.791020	-0.715905	3.23785328096928e-09	4.89609284762003e-10	-4.89609284762003e-10
569.209526	0.817600	-0.739142	3.07402199680161e-09	4.64835672057113e-10	-4.64835672057113e-10
570.838178	0.843541	-0.811053	2.85595960740888e-09	4.25741346590964e-10	-4.25741346590964e-10
572.270691	0.615501	-0.588972	3.84143202368719e-09	5.72646826441016e-10	-5.72646826441016e-10
573.590425	0.646130	-0.704232	3.36132171150064e-09	5.01076275471821e-10	-5.01076275471821e-10
575.002810	0.694413	-0.766255	3.11645891782455e-09	4.71252692187105e-10	-4.71252692187105e-10
576.628794	0.626930	-0.931571	3.13220082830567e-09	4.66920938855635e-10	-4.66920938855635e-10
577.924014	0.740783	-0.668290	3.62930704313802e-09	5.41025117507306e-10	-5.41025117507306e-10
579.392652	0.686557	-0.727854	3.72602064461534e-09	5.71592287009022e-10	-5.71592287009022e-10
581.078256	0.831660	-0.999048	3.19793307446066e-09	4.71509540434623e-10	-4.71509540434623e-10
582.810309	0.782668	-0.900392	3.29029601452097e-09	4.90488362514219e-10	-4.90488362514219e-10
584.526442	0.763828	-0.933465	3.13721321515038e-09	4.67668097137331e-10	-4.67668097137331e-10
585.943931	0.716272	-0.653661	3.71904545086826e-09	5.62372347931665e-10	-5.62372347931665e-10
587.456912	0.840090	-0.796709	2.97162866175392e-09	4.55864323692502e-10	-4.55864323692502e-10
588.992549	0.635228	-0.695548	3.63755716540538e-09	5.50050177525819e-10	-5.50050177525819e-10
590.335090	0.692865	-0.707313	3.56404924864852e-09	5.38934778579509e-10	-5.38934778579509e-10
591.738580	0.874583	-0.710625	3.28741019737375e-09	4.90058202181341e-10	-4.90058202181341e-10
593.324848	0.683155	-0.711685	3.741039234178e-09	5.82281796579289e-10	-5.82281796579289e-10
594.646455	0.884487	-0.638452	3.61313535356987e-09	5.4635729450254e-10	-5.4635729450254e-10
596.259711	0.699875	-0.728769	3.88413548006329e-09	5.87336327613109e-10	-5.87336327613109e-10
597.831196	0.496543	-0.871610	3.93187621518409e-09	5.94555402498135e-10	-5.94555402498135e-10
599.173707	1.032790	-0.845968	2.72410011312149e-09	4.23998201755745e-10	-4.23998201755745e-10
601.069066	0.758209	-0.862569	3.1472211315879e-09	4.69160028519366e-10	-4.69160028519366e-10
602.611206	0.630479	-0.783931	3.57603551288266e-09	5.27257702869822e-10	-5.27257702869822e-10
603.757894	0.508573	-0.516208	4.81812085254007e-09	7.18243032633265e-10	-7.18243032633265e-10
605.204055	0.720543	-0.937589	2.94440187291223e-09	4.45235311467125e-10	-4.45235311467125e-10
606.694621	0.918375	-0.770023	2.92765480139676e-09	4.36428993365429e-10	-4.36428993365429e-10
608.828438	0.812770	-1.215442	2.43773145766592e-09	3.63395592736159e-10	-3.63395592736159e-10
610.538350	0.921135	-0.897141	2.69055191600656e-09	4.06849533564854e-10	-4.06849533564854e-10
612.495758	0.958113	-1.036273	2.45527623272355e-09	3.71272577084076e-10	-3.71272577084076e-10
614.325032	0.815457	-0.871162	2.90464019468938e-09	4.39222734778985e-10	-4.39222734778985e-10
616.224657	0.988522	-1.084168	2.39370867472555e-09	3.56833020384315e-10	-3.56833020384315e-10
618.239419	0.978844	-1.026239	2.47569581995425e-09	3.69054923783847e-10	-3.69054923783847e-10
620.229465	0.936949	-1.011202	2.47905685583884e-09	3.80301066289823e-10	-3.80301066289823e-10
621.881322	0.731527	-0.714908	3.40233946857688e-09	5.07190851300464e-10	-5.07190851300464e-10
623.448357	0.701647	-0.835508	3.18807361355256e-09	4.75249920176459e-10	-4.75249920176459e-10
624.903848	0.806453	-0.753843	3.05713104523437e-09	4.68980835752619e-10	-4.68980835752619e-10
626.483672	0.977296	-0.773371	2.72108043451749e-09	4.11465892398094e-10	-4.11465892398094e-10
628.301811	0.708762	-0.840843	3.02657480892563e-09	4.5117510808198e-10	-4.5117510808198e-10
629.930130	0.879146	-0.919558	2.54457928585389e-09	3.79323451991999e-10	-3.79323451991999e-10
631.719546	0.701625	-0.910269	2.76457199154564e-09	4.12118078191908e-10	-4.12118078191908e-10
633.517604	0.851711	-1.096432	2.29163791006616e-09	3.4652809686611e-10	-3.4652809686611e-10
635.154047	0.869850	-0.784732	2.83020479912698e-09	4.27967080532544e-10	-4.27967080532544e-10
636.708155	0.552239	-0.684258	3.96104449662381e-09	5.98966015696587e-10	-5.98966015696587e-10
638.066218	0.839874	-0.805824	3.12400834178522e-09	4.65699648130962e-10	-4.65699648130962e-10
639.747383	0.642507	-0.841291	3.52995994724762e-09	5.26215314086861e-10	-5.26215314086861e-10
641.164723	0.678718	-0.774834	3.65899413319306e-09	5.45450596058398e-10	-5.45450596058398e-10
642.555820	0.678904	-0.712378	3.83749777365524e-09	5.80283990741208e-10	-5.80283990741208e-10
644.011675	0.641018	-0.776952	3.86915274486581e-09	5.7677927302114e-10	-5.7677927302114e-10
645.533286	0.909201	-0.880593	3.04022540177854e-09	4.53210009054393e-10	-4.53210009054393e-10
647.228627	0.720780	-0.786140	3.57271306581804e-09	5.32588590999916e-10	-5.32588590999916e-10
648.745367	0.849738	-0.795960	3.20208245056931e-09	4.84200251990217e-10	-4.84200251990217e-10
650.670116	0.798416	-1.075011	2.81118656676617e-09	4.19066975210927e-10	-4.19066975210927e-10
652.408860	1.020257	-0.940328	2.66100235375734e-09	3.96678782519352e-10	-3.96678782519352e-10
654.319876	0.552119	-0.890758	3.60559660821472e-09	5.37490642153075e-10	-5.37490642153075e-10
655.707416	0.860093	-0.835421	3.06228010256419e-09	4.56497763675158e-10	-4.56497763675158e-10
657.357017	0.733418	-0.789508	3.40176084304492e-09	5.07104558913508e-10	-5.07104558913508e-10
658.980913	0.863740	-0.890478	2.91428742435954e-09	4.40681516257168e-10	-4.40681516257168e-10
660.423730	0.721469	-0.579078	3.82593347078076e-09	5.78535339839397e-10	-5.78535339839397e-10
661.845117	0.894186	-0.699918	2.97195012822612e-09	4.49400961671977e-10	-4.49400961671977e-10
663.701499	0.950371	-0.962197	2.32374183283193e-09	3.5138267556325e-10	-3.5138267556325e-10
665.519375	0.861813	-0.867505	2.41432057611906e-09	3.65079506716049e-10	-3.65079506716049e-10
667.171381	0.631334	-0.790193	2.93231708144522e-09	4.3712402824429e-10	-4.3712402824429e-10
668.605575	1.004720	-0.802860	2.33245405999908e-09	3.52700097030512e-10	-3.52700097030512e-10
670.495992	0.921903	-0.885696	2.40295627093187e-09	3.63360993897112e-10	-3.63360993897112e-10
672.320879	0.933081	-0.902984	2.43523060719101e-09	3.68241408949861e-10	-3.68241408949861e-10
673.979415	0.785009	-0.725455	3.13648977360969e-09	4.74281680657552e-10	-4.74281680657552e-10
675.648907	0.807473	-0.884483	2.90850899404472e-09	4.52700867447581e-10	-4.52700867447581e-10
677.346031	0.626171	-0.889651	3.5777405138731e-09	5.3333810435887e-10	-5.3333810435887e-10
678.614273	0.909333	-0.642071	3.66122760162773e-09	5.45783638298728e-10	-5.45783638298728e-10
680.246576	0.707434	-0.722970	4.08735466348415e-09	6.18065927087415e-10	-6.18065927087415e-10
681.616417	0.540286	-0.662408	4.65667974748483e-09	6.94176863034723e-10	-6.94176863034723e-10
682.922869	0.653583	-0.766166	3.62131861748722e-09	5.63647607128589e-10	-5.63647607128589e-10
684.599793	0.955055	-1.023341	2.46166229880894e-09	3.77632622412089e-10	-3.77632622412089e-10
686.404716	0.740678	-0.849867	2.91953820451966e-09	4.35219037468487e-10	-4.35219037468487e-10
688.187452	0.955908	-1.042059	2.20616676272972e-09	3.33603708581979e-10	-3.33603708581979e-10
689.875561	0.792514	-0.732201	2.92675002579767e-09	4.36294091558956e-10	-4.36294091558956e-10
691.610865	0.724241	-0.942789	2.67425061319836e-09	4.05506491549652e-10	-4.05506491549652e-10
693.096335	0.608703	-0.761230	3.257574768328e-09	4.85610582715137e-10	-4.85610582715137e-10
694.473626	0.729443	-0.768587	3.01469932948284e-09	4.62471631178575e-10	-4.62471631178575e-10
696.041239	0.745241	-0.838170	3.07719975174909e-09	4.65316183773301e-10	-4.65316183773301e-10
697.587397	0.972876	-0.800917	2.89334052171365e-09	4.43854475718003e-10	-4.43854475718003e-10
699.225325	0.857887	-0.665052	3.64595850649286e-09	5.51320525766741e-10	-5.51320525766741e-10
700.838209	0.814190	-0.754998	3.81681741254214e-09	5.68977540810568e-10	-5.68977540810568e-10
702.410951	0.805294	-0.758553	3.95960806003788e-09	5.90263548172689e-10	-5.90263548172689e-10
703.979447	0.720595	-0.763202	4.31290627473425e-09	6.42930096256787e-10	-6.42930096256787e-10
705.755432	0.702394	-1.055390	3.69393019322549e-09	5.66669361732934e-10	-5.66669361732934e-10
707.261777	1.003648	-0.803950	3.79294879703361e-09	5.65419369863683e-10	-5.65419369863683e-10
708.843425	0.711871	-0.578000	5.43027741676351e-09	8.21134819429033e-10	-8.21134819429033e-10
710.626401	0.916188	-1.071104	3.70063521072591e-09	5.5165814181989e-10	-5.5165814181989e-10
712.525691	0.922329	-0.983103	3.5448893710056e-09	5.30013884789052e-10	-5.30013884789052e-10
714.159755	0.729363	-0.711735	4.13002767824653e-09	6.24518752530261e-10	-6.24518752530261e-10
715.788533	0.913523	-0.899415	2.9267369663556e-09	4.48977647063434e-10	-4.48977647063434e-10
717.632390	0.967981	-0.930334	2.45722605975033e-09	3.8246003478374e-10	-3.8246003478374e-10
719.184430	0.778757	-0.584059	3.21234574250256e-09	4.78868265743295e-10	-4.78868265743295e-10
720.717587	0.935777	-0.754400	2.70377166253178e-09	4.08848545423511e-10	-4.08848545423511e-10
722.658690	0.786244	-1.005326	2.82105813256284e-09	4.2658390850864e-10	-4.2658390850864e-10
724.221813	0.746056	-0.776879	3.55580694747901e-09	5.45480493036445e-10	-5.45480493036445e-10
726.049263	0.727984	-1.081394	3.36330266861275e-09	5.01371571963019e-10	-5.01371571963019e-10
727.453786	0.764559	-0.676538	4.25280842953116e-09	6.43084857186978e-10	-6.43084857186978e-10
729.132340	0.669434	-0.913994	3.91471885061939e-09	5.83571889945121e-10	-5.83571889945121e-10
731.064962	1.053244	-1.263188	2.64521703177541e-09	3.99994293932454e-10	-3.99994293932454e-10
732.903298	0.947773	-0.785092	3.5355629679191e-09	5.34627186994456e-10	-5.34627186994456e-10
734.585359	0.824224	-0.734289	3.97542202896657e-09	5.92620977428479e-10	-5.92620977428479e-10
736.099014	0.587986	-0.689431	4.73820251403783e-09	7.26866618121512e-10	-7.26866618121512e-10
NO	NO	NO	NO	NO	NO
!Time	Poserr	Negerr	Flux	PosErr	NegErr
!XRT pc mode data
36437.544315	3163.469137	-3531.489103	1.04886710326453e-12	2.55689246772099e-13	-2.55689246772099e-13
82073.259069	28477.557042	-20261.307778	3.00717657211735e-13	7.52242440073481e-14	-7.52242440073481e-14
183409.566122	116461.669690	-69559.649379	1.15608342684855e-13	2.92005186447846e-14	-2.92005186447846e-14
