READ TERR 1 2
NO	NO	NO	NO	NO	NO
!Time	Poserr	Negerr	Flux	PosErr	NegErr
!XRT wtslew mode data
76.2234735073429	0.720322488472391	-0.928950523418024	2.1074153899573e-09	5.25681757388989e-10	-5.25681757388989e-10
77.658668901227	0.65848307927611	-0.714872905411681	2.62494055990271e-09	6.54775215720166e-10	-6.54775215720166e-10
79.0309453041029	0.600966646111488	-0.713793323599816	2.96493774291828e-09	7.3958541380767e-10	-7.3958541380767e-10
80.1591764408597	0.360506519753628	-0.527264490645265	4.67221603931407e-09	1.16545544374021e-09	-1.16545544374021e-09
80.9927521076415	0.402275844655733	-0.47306914702817	4.96459962878564e-09	1.23838872489473e-09	-1.23838872489473e-09
81.7473158257899	0.405653134121451	-0.352287873492656	5.97987044234112e-09	1.49164176083579e-09	-1.49164176083579e-09
82.5319618655408	0.410972127901687	-0.378992905629516	5.89071452923387e-09	1.46940236877896e-09	-1.46940236877896e-09
83.2478681247575	0.29641283828947	-0.304934131315022	7.60686500715227e-09	1.89748550961356e-09	-1.89748550961356e-09
83.8886536484842	0.32992834281454	-0.344372685437165	6.67929806377928e-09	1.66610966258698e-09	-1.66610966258698e-09
84.5168310162429	0.289749944507676	-0.298249024944212	7.88307563591824e-09	1.95138520722027e-09	-1.95138520722027e-09
NO	NO	NO	NO	NO	NO
!Time	Poserr	Negerr	Flux	PosErr	NegErr
!XRT wt mode data
92.793189	0.309491	-0.277957	6.22933790056543e-09	9.43871957284221e-10	-9.43871957284221e-10
93.423429	0.316178	-0.320749	5.67159528361891e-09	8.59362582881077e-10	-8.59362582881077e-10
94.097765	0.309005	-0.358157	5.54459537845244e-09	8.26539488528751e-10	-8.26539488528751e-10
94.705756	0.232970	-0.298987	7.03399337858269e-09	1.04856585676176e-09	-1.04856585676176e-09
95.250524	0.392739	-0.311798	5.29160630315061e-09	8.01786464262508e-10	-8.01786464262508e-10
95.971119	0.341098	-0.327856	5.83343276943009e-09	8.69596825246041e-10	-8.69596825246041e-10
96.557306	0.261964	-0.245089	8.82499694335823e-09	1.24804305084965e-09	-1.24804305084965e-09
97.107009	0.272688	-0.287739	7.39560010185428e-09	1.10247097714868e-09	-1.10247097714868e-09
97.666653	0.269913	-0.286956	9.2701157777912e-09	1.2499821580882e-09	-1.2499821580882e-09
98.200254	0.250481	-0.263688	8.20501815380426e-09	1.22313193777197e-09	-1.22313193777197e-09
98.813948	0.296828	-0.363213	9.64834705278042e-09	1.17003397833501e-09	-1.17003397833501e-09
99.475372	0.345264	-0.364597	5.85739564926504e-09	8.87515168842904e-10	-8.87515168842904e-10
100.103056	0.285120	-0.282420	7.19263803342113e-09	1.08983161925852e-09	-1.08983161925852e-09
100.701777	0.351796	-0.313600	6.06652263654431e-09	9.04343798388187e-10	-9.04343798388187e-10
101.339743	0.256455	-0.286170	7.25814463193063e-09	1.08198035375236e-09	-1.08198035375236e-09
101.887555	0.288631	-0.291357	8.46904177915354e-09	1.12175194897018e-09	-1.12175194897018e-09
102.490201	0.264202	-0.314016	6.87981878919083e-09	1.02558285417978e-09	-1.02558285417978e-09
103.063503	0.347397	-0.309100	6.21456580076506e-09	9.26412732651048e-10	-9.26412732651048e-10
103.714938	0.254599	-0.304038	7.41087654215594e-09	1.12289922162292e-09	-1.12289922162292e-09
104.206760	0.285823	-0.237223	7.97467078329132e-09	1.18879375308083e-09	-1.18879375308083e-09
104.779627	0.234241	-0.287045	7.83368342425699e-09	1.15501357125072e-09	-1.15501357125072e-09
105.318346	0.275519	-0.304479	6.53227007768158e-09	9.89772441873878e-10	-9.89772441873878e-10
105.914161	0.321972	-0.320295	8.71534578265546e-09	1.05689093421288e-09	-1.05689093421288e-09
106.477281	0.276579	-0.241148	7.82097198950083e-09	1.14080602579519e-09	-1.14080602579519e-09
106.984277	0.317556	-0.230417	8.67444956584723e-09	1.19152724655329e-09	-1.19152724655329e-09
107.569634	0.241026	-0.267800	8.30915011504672e-09	1.23865497668427e-09	-1.23865497668427e-09
108.123755	0.220634	-0.313095	7.71142375693088e-09	1.14955115770319e-09	-1.14955115770319e-09
108.619134	0.276783	-0.274746	7.262640449103e-09	1.08265048944579e-09	-1.08265048944579e-09
109.195168	0.266517	-0.299250	8.08314174855164e-09	1.11030486943581e-09	-1.11030486943581e-09
109.790597	0.231504	-0.328913	6.85158720256746e-09	1.0213743038836e-09	-1.0213743038836e-09
110.281099	0.278288	-0.258999	7.1456354866429e-09	1.08270975802161e-09	-1.08270975802161e-09
110.830051	0.346695	-0.270664	8.52011454402997e-09	1.09994207483566e-09	-1.09994207483566e-09
111.420192	0.398821	-0.243447	6.20939659964313e-09	9.25642175536268e-10	-9.25642175536268e-10
112.050637	0.277208	-0.231624	7.98580839663061e-09	1.16484990519869e-09	-1.16484990519869e-09
112.622038	0.275128	-0.294193	6.59902740785977e-09	9.99887526981659e-10	-9.99887526981659e-10
113.231579	0.279376	-0.334413	9.11254365665688e-09	1.11702313602637e-09	-1.11702313602637e-09
113.793656	0.254576	-0.282701	8.26481376053611e-09	1.13525947133677e-09	-1.13525947133677e-09
114.364350	0.317254	-0.316117	7.85342951315357e-09	1.05548855945069e-09	-1.05548855945069e-09
114.957641	0.305754	-0.276038	6.25309928456467e-09	9.95789574724224e-10	-9.95789574724224e-10
115.532622	0.275188	-0.269227	6.87916956951442e-09	1.05960689218594e-09	-1.05960689218594e-09
116.109456	0.367293	-0.301646	8.70048162488489e-09	1.05508836919677e-09	-1.05508836919677e-09
116.709956	0.272067	-0.233207	7.78077692342073e-09	1.17106019461685e-09	-1.17106019461685e-09
117.286333	0.298816	-0.304310	9.36142048541262e-09	1.14753059814003e-09	-1.14753059814003e-09
117.869172	0.224811	-0.284023	1.09323662870597e-08	1.32574413480553e-09	-1.32574413480553e-09
118.369247	0.246011	-0.275264	7.29739253515088e-09	1.06949922204461e-09	-1.06949922204461e-09
118.877359	0.348111	-0.262101	7.65380614384588e-09	1.00889076563849e-09	-1.00889076563849e-09
119.554519	0.318556	-0.329048	8.34094420611029e-09	1.02243982052815e-09	-1.02243982052815e-09
120.183872	0.338587	-0.310797	8.34007918322325e-09	1.02233380194188e-09	-1.02233380194188e-09
120.785416	0.240537	-0.262957	7.67937262938343e-09	1.10842199663539e-09	-1.10842199663539e-09
121.323409	0.255850	-0.297457	6.4907091834797e-09	9.834750893126e-10	-9.834750893126e-10
121.845276	0.258817	-0.266017	7.08436610589711e-09	1.044532821501e-09	-1.044532821501e-09
122.372063	0.262207	-0.267969	7.16966922852834e-09	1.04580374413943e-09	-1.04580374413943e-09
122.948202	0.269623	-0.313932	6.07339062368198e-09	9.35491818959155e-10	-9.35491818959155e-10
123.479116	0.272449	-0.261291	6.92121710082175e-09	1.02047778181642e-09	-1.02047778181642e-09
124.078491	0.350924	-0.326926	7.99821751336505e-09	9.6992631387542e-10	-9.6992631387542e-10
124.689890	0.259032	-0.260474	7.48298317956994e-09	1.08511110407132e-09	-1.08511110407132e-09
125.254418	0.240699	-0.305496	6.59291529238671e-09	9.98961407817949e-10	-9.98961407817949e-10
125.759376	0.262363	-0.264260	7.98302633688539e-09	1.10704657553536e-09	-1.10704657553536e-09
126.318461	0.226347	-0.296721	6.90177734651384e-09	1.02885624283187e-09	-1.02885624283187e-09
126.861328	0.293710	-0.316521	5.80307622326468e-09	8.7928467100912e-10	-8.7928467100912e-10
127.495030	0.327153	-0.339991	5.2934790150609e-09	8.02070227506784e-10	-8.02070227506784e-10
128.083154	0.263872	-0.260971	6.86255374551525e-09	1.02808690934246e-09	-1.02808690934246e-09
128.593930	0.260150	-0.246904	7.69753594533258e-09	1.0996480142828e-09	-1.0996480142828e-09
129.101812	0.253983	-0.247732	7.43608999509357e-09	1.10171889745185e-09	-1.10171889745185e-09
129.639408	0.269698	-0.283613	6.59400566312198e-09	9.82976367772799e-10	-9.82976367772799e-10
130.203944	0.258472	-0.294838	6.66394827286014e-09	9.93402792965999e-10	-9.93402792965999e-10
130.697252	0.275761	-0.234835	7.6869963268613e-09	1.12659922146238e-09	-1.12659922146238e-09
131.256425	0.253886	-0.283412	7.29195832661729e-09	1.08528308783147e-09	-1.08528308783147e-09
131.769150	0.306939	-0.258839	9.88622157484484e-09	1.19888047264171e-09	-1.19888047264171e-09
132.382769	0.348028	-0.306680	8.25692016777919e-09	1.01214004228693e-09	-1.01214004228693e-09
133.006608	0.272156	-0.275811	6.78985128223075e-09	9.90401634572623e-10	-9.90401634572623e-10
133.495691	0.293684	-0.216927	7.01184791237942e-09	1.04526459554154e-09	-1.04526459554154e-09
134.066397	0.349219	-0.277021	8.69229403728535e-09	1.05409552218222e-09	-1.05409552218222e-09
134.701358	0.292475	-0.285742	9.37546424015856e-09	1.13694201742646e-09	-1.13694201742646e-09
135.272596	0.281665	-0.278762	9.526000253293e-09	1.16770496057801e-09	-1.16770496057801e-09
135.795688	0.278080	-0.241427	7.58232080858482e-09	1.08318869809042e-09	-1.08318869809042e-09
136.371941	0.294279	-0.298173	9.46420024551453e-09	1.16012949548453e-09	-1.16012949548453e-09
136.950491	0.315257	-0.284271	9.56474638079511e-09	1.1724545013635e-09	-1.1724545013635e-09
137.600383	0.330760	-0.334635	8.49946258123356e-09	1.05321498216596e-09	-1.05321498216596e-09
138.190374	0.246058	-0.259231	1.12495497980505e-08	1.37897905792976e-09	-1.37897905792976e-09
138.764404	0.207547	-0.327972	6.842339840587e-09	1.07155153656797e-09	-1.07155153656797e-09
139.225175	0.275179	-0.253224	7.862925343597e-09	1.12327504908529e-09	-1.12327504908529e-09
139.774859	0.303713	-0.274505	1.01282281105856e-08	1.21055482293071e-09	-1.21055482293071e-09
140.353799	0.254953	-0.275228	1.02573959761377e-08	1.25736005417453e-09	-1.25736005417453e-09
140.888925	0.248220	-0.280172	6.79698152481792e-09	1.01323420783823e-09	-1.01323420783823e-09
141.418022	0.247518	-0.280876	8.11229066141908e-09	1.12497229890787e-09	-1.12497229890787e-09
141.931470	0.257134	-0.265931	1.24204681095039e-08	1.4289650337112e-09	-1.4289650337112e-09
142.480976	0.253822	-0.292372	1.09045423250296e-08	1.32237003573535e-09	-1.32237003573535e-09
143.036388	0.280187	-0.301589	1.03457961481456e-08	1.28200424018513e-09	-1.28200424018513e-09
143.604762	0.313160	-0.288188	9.0837292404601e-09	1.18260078070966e-09	-1.18260078070966e-09
144.226242	0.280573	-0.308320	1.1014697894787e-08	1.33572834057651e-09	-1.33572834057651e-09
144.766247	0.249397	-0.259432	1.32699538267224e-08	1.58606279488372e-09	-1.58606279488372e-09
145.303662	0.416505	-0.288018	1.30143272268302e-08	1.62092926987211e-09	-1.62092926987211e-09
146.771432	0.660237	-1.051266	2.59137726572142e-08	3.21861592562207e-09	-3.21861592562207e-09
148.292238	0.658812	-0.860569	2.97130662800484e-08	3.7203560463918e-09	-3.7203560463918e-09
149.729763	0.776250	-0.778712	2.78704790257882e-08	3.48964667880995e-09	-3.48964667880995e-09
151.310968	0.648582	-0.804956	2.73984917511094e-08	3.603565842157e-09	-3.603565842157e-09
152.639707	0.682654	-0.680156	2.91622516362739e-08	3.68107036455292e-09	-3.68107036455292e-09
154.102610	0.806717	-0.780249	2.4367829812194e-08	3.05108202026795e-09	-3.05108202026795e-09
155.546134	0.562318	-0.636806	3.41593934133839e-08	4.20888849468851e-09	-4.20888849468851e-09
156.739204	0.815675	-0.630753	2.93977819297485e-08	3.62219503607687e-09	-3.62219503607687e-09
158.159850	0.715146	-0.604971	3.38531984350644e-08	4.13802146473608e-09	-4.13802146473608e-09
159.595634	0.597691	-0.720639	3.33290392903268e-08	4.38357661116841e-09	-4.38357661116841e-09
160.720498	0.478025	-0.527173	4.53720622930553e-08	5.7739820519876e-09	-5.7739820519876e-09
161.623941	0.430346	-0.425417	5.49938221891733e-08	6.77596531476638e-09	-6.77596531476638e-09
162.509593	0.400459	-0.455306	5.52356203265392e-08	6.80575811843645e-09	-6.80575811843645e-09
163.262499	0.371645	-0.352448	6.5080978444982e-08	8.08337243555288e-09	-8.08337243555288e-09
164.022137	0.296966	-0.387993	6.85984698060006e-08	8.58917510583367e-09	-8.58917510583367e-09
164.649563	0.331381	-0.330459	7.13721722511239e-08	8.79399442487504e-09	-8.79399442487504e-09
165.311832	0.327379	-0.330888	6.86758708386607e-08	8.81106232991477e-09	-8.81106232991477e-09
165.963392	0.270040	-0.324181	7.6273360054937e-08	9.55213562548548e-09	-9.55213562548548e-09
166.554970	0.299378	-0.321539	7.07367308695378e-08	8.9289019456175e-09	-8.9289019456175e-09
167.178570	0.342954	-0.324222	6.38547505985367e-08	8.19279387154874e-09	-8.19279387154874e-09
167.859885	0.337710	-0.338361	6.23363264413602e-08	7.80509570504485e-09	-7.80509570504485e-09
168.474110	0.275015	-0.276516	7.48243622236676e-08	9.21934982484554e-09	-9.21934982484554e-09
169.026838	0.257809	-0.277713	7.51899163369289e-08	9.1907855839827e-09	-9.1907855839827e-09
169.533211	0.253141	-0.248565	8.16429721408468e-08	9.84156423879924e-09	-9.84156423879924e-09
170.093712	0.277963	-0.307360	6.763291944211e-08	8.20169619345059e-09	-8.20169619345059e-09
170.617874	0.275087	-0.246198	8.26285508450345e-08	9.8153294483463e-09	-9.8153294483463e-09
171.166018	0.264242	-0.273057	7.61166813964855e-08	9.45406015546077e-09	-9.45406015546077e-09
171.705575	0.283333	-0.275315	9.11177872294443e-08	1.03346014149013e-08	-1.03346014149013e-08
172.345240	0.364197	-0.356333	5.68935333237254e-08	7.35990118538093e-09	-7.35990118538093e-09
172.994221	0.266747	-0.284784	7.72564481403323e-08	9.5190149815955e-09	-9.5190149815955e-09
173.537564	0.235794	-0.276597	8.99152233587315e-08	1.06846911175439e-08	-1.06846911175439e-08
174.056622	0.227348	-0.283263	8.37609709802528e-08	1.02384623136737e-08	-1.02384623136737e-08
174.543531	0.259944	-0.259562	8.16478629352782e-08	1.00600952376266e-08	-1.00600952376266e-08
175.054997	0.269754	-0.251522	8.05386124235237e-08	1.0003285377947e-08	-1.0003285377947e-08
175.612607	0.258330	-0.287856	7.51784453524402e-08	9.64533773207759e-09	-9.64533773207759e-09
176.149893	0.263678	-0.278957	7.78146930248519e-08	9.51162323335975e-09	-9.51162323335975e-09
176.746554	0.394683	-0.332983	5.52827066253575e-08	7.15152031159501e-09	-7.15152031159501e-09
177.368956	0.291788	-0.227719	7.99817862592904e-08	1.00144736316093e-08	-1.00144736316093e-08
177.943978	0.257638	-0.283234	9.33967847672896e-08	1.05168898746934e-08	-1.05168898746934e-08
178.471171	0.233940	-0.269555	8.71361362401112e-08	1.06627220560886e-08	-1.06627220560886e-08
179.069257	0.299455	-0.364147	6.42566451860759e-08	7.98328615230521e-09	-7.98328615230521e-09
179.631814	0.270642	-0.263101	7.63825975902485e-08	9.72033718246552e-09	-9.72033718246552e-09
180.273164	0.278663	-0.370708	6.06920558661444e-08	7.85128833277974e-09	-7.85128833277974e-09
180.898073	0.276439	-0.346247	6.17059123458423e-08	8.04868175713977e-09	-8.04868175713977e-09
181.535766	0.291675	-0.361254	6.08236935360859e-08	7.49428255205459e-09	-7.49428255205459e-09
182.115033	0.285298	-0.287592	7.05653329594377e-08	8.62550288958839e-09	-8.62550288958839e-09
182.686388	0.315289	-0.286057	6.71033094031407e-08	8.33455579303586e-09	-8.33455579303586e-09
183.298506	0.236906	-0.296829	7.6489970413432e-08	9.50042451425669e-09	-9.50042451425669e-09
183.844966	0.307794	-0.309553	6.68319557317473e-08	8.30085230316187e-09	-8.30085230316187e-09
184.512790	0.308921	-0.360030	5.90466110511626e-08	7.51418500047487e-09	-7.51418500047487e-09
185.100096	0.255355	-0.278385	7.28560484036841e-08	9.19641751049401e-09	-9.19641751049401e-09
185.645726	0.344876	-0.290274	6.03399267141987e-08	7.55512766632372e-09	-7.55512766632372e-09
186.272070	0.264726	-0.281468	6.90974458416748e-08	8.65165158669944e-09	-8.65165158669944e-09
186.867292	0.276188	-0.330496	6.14392786125131e-08	7.94795116257601e-09	-7.94795116257601e-09
187.415677	0.254427	-0.272197	7.58100323793558e-08	9.27071464922308e-09	-9.27071464922308e-09
187.953232	0.254169	-0.283128	7.21953366465125e-08	9.18747253451503e-09	-9.18747253451503e-09
188.477502	0.236950	-0.270101	7.9016308472509e-08	9.81703607587662e-09	-9.81703607587662e-09
189.034463	0.258197	-0.320010	6.78010829171662e-08	8.48933475893302e-09	-8.48933475893302e-09
189.570117	0.286503	-0.277457	6.94874931994375e-08	8.63068289893638e-09	-8.63068289893638e-09
190.238963	0.261691	-0.382343	6.16549138533447e-08	7.53970282882286e-09	-7.53970282882286e-09
190.777143	0.235912	-0.276489	7.58835243164825e-08	9.42980307543081e-09	-9.42980307543081e-09
191.391955	0.332753	-0.378900	5.20372589344713e-08	6.56851927843676e-09	-6.56851927843676e-09
192.090904	0.389936	-0.366195	4.82110209869772e-08	6.03647434515961e-09	-6.03647434515961e-09
192.824280	0.346864	-0.343440	5.18337064987128e-08	6.49006867637934e-09	-6.49006867637934e-09
193.562040	0.374131	-0.390896	4.54231802438816e-08	5.78048718821357e-09	-5.78048718821357e-09
194.251304	0.277308	-0.315132	5.85745357059019e-08	7.33408407752881e-09	-7.33408407752881e-09
194.900249	0.347124	-0.371637	4.84868589465427e-08	6.02230253276442e-09	-6.02230253276442e-09
195.651774	0.421116	-0.404402	4.18691379164604e-08	5.28502553028396e-09	-5.28502553028396e-09
196.386674	0.385416	-0.313783	5.00264036526354e-08	6.26377737768581e-09	-6.26377737768581e-09
197.179148	0.422017	-0.407059	4.21525950236586e-08	5.27790227479502e-09	-5.27790227479502e-09
197.993477	0.459894	-0.392311	4.11999572098904e-08	5.11723404231355e-09	-5.11723404231355e-09
198.975063	0.401674	-0.521692	3.7696725941215e-08	4.71998548236404e-09	-4.71998548236404e-09
199.865419	0.459545	-0.488682	3.67549603527345e-08	4.60206756096814e-09	-4.60206756096814e-09
200.766156	0.393221	-0.441192	4.12685459484537e-08	5.25177457009894e-09	-5.25177457009894e-09
201.802752	0.564673	-0.643375	2.81404052295197e-08	3.64031883578332e-09	-3.64031883578332e-09
202.964688	0.512916	-0.597264	3.10670668965293e-08	3.95354930123244e-09	-3.95354930123244e-09
204.071889	0.546119	-0.594284	3.01476676185806e-08	3.86805404074383e-09	-3.86805404074383e-09
205.155306	0.517728	-0.537298	3.42310205798868e-08	4.18420426992774e-09	-4.18420426992774e-09
206.271401	0.547394	-0.598367	3.18954866430814e-08	3.93138837185741e-09	-3.93138837185741e-09
207.369652	0.721219	-0.550856	2.86527874449061e-08	3.53040187828597e-09	-3.53040187828597e-09
208.919601	0.708406	-0.828730	2.37454120729283e-08	2.94929511423209e-09	-2.94929511423209e-09
210.421765	0.773659	-0.793758	2.27309538182853e-08	2.84612970231589e-09	-2.84612970231589e-09
212.028690	0.646973	-0.833266	2.37627614502385e-08	2.95144999176786e-09	-2.95144999176786e-09
213.340943	0.717086	-0.665281	2.53197231162312e-08	3.14483216218818e-09	-3.14483216218818e-09
214.930110	0.992451	-0.872080	1.83093826635549e-08	2.3300251445918e-09	-2.3300251445918e-09
216.784954	0.790416	-0.862393	2.11883930941746e-08	2.65298653793522e-09	-2.65298653793522e-09
218.985197	1.219698	-1.409827	1.35882206726891e-08	1.71520352420068e-09	-1.71520352420068e-09
221.208049	0.856040	-1.003154	1.95683895995562e-08	2.47006373215448e-09	-2.47006373215448e-09
223.191248	0.495392	-1.127158	1.51685779006655e-08	1.86965545987058e-09	-1.86965545987058e-09
223.955174	0.243855	-0.268535	1.20129985343542e-08	1.43457810383767e-09	-1.43457810383767e-09
224.451862	0.252441	-0.252833	1.37840046663904e-08	1.55526431648819e-09	-1.55526431648819e-09
225.015253	0.233465	-0.310950	1.15363745835465e-08	1.39899090909455e-09	-1.39899090909455e-09
225.501660	0.270123	-0.252942	1.34308709985552e-08	1.56607629592041e-09	-1.56607629592041e-09
226.080221	0.264443	-0.308439	1.10817751877947e-08	1.33408895622553e-09	-1.33408895622553e-09
226.590721	0.275209	-0.246057	1.20480637879509e-08	1.44466431509103e-09	-1.44466431509103e-09
227.146878	0.247455	-0.280947	1.17853760225418e-08	1.37937390522316e-09	-1.37937390522316e-09
227.657441	0.259957	-0.263108	1.42676564832429e-08	1.52965336486812e-09	-1.52965336486812e-09
228.171134	0.251532	-0.253736	1.200378399095e-08	1.45567264717715e-09	-1.45567264717715e-09
228.742860	0.185070	-0.320194	1.36140604742269e-08	1.58260239351091e-09	-1.58260239351091e-09
229.175314	0.275677	-0.247385	1.22741856240412e-08	1.48846360854253e-09	-1.48846360854253e-09
229.755298	0.254340	-0.304307	1.12532743462075e-08	1.37943560104661e-09	-1.37943560104661e-09
230.247401	0.274628	-0.237763	1.29253850031637e-08	1.55925671816783e-09	-1.55925671816783e-09
230.837599	0.301793	-0.315570	1.02276217047668e-08	1.25371028293914e-09	-1.25371028293914e-09
231.438095	0.249259	-0.298703	1.11230944555432e-08	1.37832350388377e-09	-1.37832350388377e-09
231.974302	0.275245	-0.286948	7.80447596809985e-09	1.10219805449179e-09	-1.10219805449179e-09
232.582583	0.236287	-0.333035	1.02733452537093e-08	1.24582613035916e-09	-1.24582613035916e-09
233.118340	0.259179	-0.299470	1.1574448228767e-08	1.418805389068e-09	-1.418805389068e-09
233.620458	0.296137	-0.242940	9.15274472662631e-09	1.26925730919403e-09	-1.26925730919403e-09
234.159022	0.262847	-0.242427	7.90951266821485e-09	1.17908057203866e-09	-1.17908057203866e-09
234.747599	0.316537	-0.325730	9.17256606323697e-09	1.11233698325588e-09	-1.11233698325588e-09
235.349606	0.225142	-0.285470	8.91230138009421e-09	1.27318587279162e-09	-1.27318587279162e-09
235.922138	0.257503	-0.347391	1.11301500499271e-08	1.34972891269222e-09	-1.34972891269222e-09
236.452047	0.243534	-0.272406	9.53191527901812e-09	1.39037274709479e-09	-1.39037274709479e-09
236.964308	0.282793	-0.268727	1.31962793377982e-08	1.60028395320187e-09	-1.60028395320187e-09
237.508719	0.304139	-0.261617	1.26144888681639e-08	1.51860600041563e-09	-1.51860600041563e-09
238.111309	0.327803	-0.298451	1.14266240185018e-08	1.38568170588516e-09	-1.38568170588516e-09
238.685985	0.279751	-0.246873	9.63220551715086e-09	1.45947597425604e-09	-1.45947597425604e-09
239.191378	0.315214	-0.225642	1.07535702532793e-08	1.57603344854617e-09	-1.57603344854617e-09
239.833739	0.352483	-0.327147	1.12391286948629e-08	1.37770163435768e-09	-1.37770163435768e-09
240.458419	0.332708	-0.272198	1.16091914490122e-08	1.40782126870529e-09	-1.40782126870529e-09
241.125624	0.313107	-0.334497	7.88047375922433e-09	1.17475170037458e-09	-1.17475170037458e-09
241.706000	0.282484	-0.267269	1.0115060102341e-08	1.50786416006412e-09	-1.50786416006412e-09
242.273182	0.291729	-0.284699	9.71953898513596e-09	1.52213817568115e-09	-1.52213817568115e-09
242.802340	0.280290	-0.237429	1.13068575815561e-08	1.68552678076994e-09	-1.68552678076994e-09
243.381020	0.256700	-0.298389	1.04709386079825e-08	1.58656117791688e-09	-1.58656117791688e-09
243.933379	0.270106	-0.295659	1.00598699401782e-08	1.52427589893482e-09	-1.52427589893482e-09
244.488773	0.324954	-0.285288	8.95174825660885e-09	1.33444786123803e-09	-1.33444786123803e-09
245.044777	0.272443	-0.231050	1.05117891512258e-08	1.54987874667851e-09	-1.54987874667851e-09
245.648960	0.253583	-0.331741	8.39620686525032e-09	1.25163265762456e-09	-1.25163265762456e-09
246.157596	0.269785	-0.255053	8.98499507275294e-09	1.33940397304511e-09	-1.33940397304511e-09
246.665003	0.290780	-0.237622	8.56595624488197e-09	1.27693736678869e-09	-1.27693736678869e-09
247.262430	0.301813	-0.306646	7.54034995378688e-09	1.14251710570975e-09	-1.14251710570975e-09
247.882268	0.354472	-0.318025	7.11623752803419e-09	1.06082604378755e-09	-1.06082604378755e-09
248.588156	0.310422	-0.351415	7.186487667914e-09	1.08889976451073e-09	-1.08889976451073e-09
249.267339	0.462094	-0.368761	5.67180444421527e-09	8.59394260052289e-10	-8.59394260052289e-10
250.085823	0.383730	-0.356390	6.41977884828347e-09	9.72727712569123e-10	-9.72727712569123e-10
250.742719	0.235665	-0.273167	1.04889481684584e-08	1.54651099765223e-09	-1.54651099765223e-09
251.306876	0.336903	-0.328492	8.4109263650296e-09	1.25382689872954e-09	-1.25382689872954e-09
251.907567	0.291291	-0.263788	1.07818670051902e-08	1.60726580893275e-09	-1.60726580893275e-09
252.593231	0.379542	-0.394373	7.8967633641746e-09	1.177180011966e-09	-1.177180011966e-09
253.327711	0.491929	-0.354939	7.01287712399423e-09	1.11678221785596e-09	-1.11678221785596e-09
254.108120	0.241701	-0.288480	1.18617901964938e-08	1.76825128464679e-09	-1.76825128464679e-09
254.718250	0.394813	-0.368429	7.89268346361013e-09	1.17657176122564e-09	-1.17657176122564e-09
255.502682	0.405639	-0.389619	7.07935450677753e-09	1.07266689706778e-09	-1.07266689706778e-09
256.219670	0.268638	-0.311348	9.56124724406197e-09	1.42530662755414e-09	-1.42530662755414e-09
256.943930	0.364551	-0.455622	7.06049528553178e-09	1.05251652799834e-09	-1.05251652799834e-09
257.628524	0.275966	-0.320044	1.01231700695699e-08	1.50907305170884e-09	-1.50907305170884e-09
258.284441	0.383297	-0.379951	8.24702264411995e-09	1.21595713308723e-09	-1.21595713308723e-09
259.006991	0.308352	-0.339253	9.34029808037491e-09	1.3923694881333e-09	-1.3923694881333e-09
259.851346	0.437183	-0.536003	6.00832203759579e-09	9.10383544239302e-10	-9.10383544239302e-10
260.771341	0.403197	-0.482812	6.62584027814531e-09	9.87721915552515e-10	-9.87721915552515e-10
261.695550	0.402338	-0.521012	6.64930074985475e-09	9.91219180154876e-10	-9.91219180154876e-10
262.551581	0.311334	-0.453693	8.36322370802371e-09	1.24671579966669e-09	-1.24671579966669e-09
263.337429	0.585849	-0.474514	6.3913789287938e-09	9.42357361544922e-10	-9.42357361544922e-10
264.415119	0.508012	-0.491841	6.1648968725458e-09	9.1900850047978e-10	-9.1900850047978e-10
265.457884	0.600323	-0.534753	4.99907083898804e-09	7.57461379334883e-10	-7.57461379334883e-10
266.614303	0.502479	-0.556097	5.24051574259308e-09	7.8120998838499e-10	-7.8120998838499e-10
267.687434	0.495049	-0.570652	5.79628392091413e-09	8.64059034774934e-10	-8.64059034774934e-10
268.629631	0.461989	-0.447148	7.46698741238547e-09	1.11311272285481e-09	-1.11311272285481e-09
269.790489	0.578549	-0.698868	5.96413811294937e-09	8.89081260945899e-10	-8.89081260945899e-10
270.835449	0.563696	-0.466411	7.48349956954019e-09	1.11557421850845e-09	-1.11557421850845e-09
271.965069	0.531793	-0.565924	7.23331766582065e-09	1.06649444029617e-09	-1.06649444029617e-09
273.042783	0.582049	-0.545921	6.93063682358562e-09	1.03315826912776e-09	-1.03315826912776e-09
274.206302	0.622983	-0.581470	6.53970532933556e-09	9.74881718077653e-10	-9.74881718077653e-10
275.648259	0.565191	-0.818974	5.42335289696887e-09	7.99629723073129e-10	-7.99629723073129e-10
277.183900	0.744615	-0.970450	3.97398353655369e-09	5.92406494488074e-10	-5.92406494488074e-10
278.569892	0.564875	-0.641377	5.28123687870133e-09	7.87280318795485e-10	-7.87280318795485e-10
279.786897	0.760483	-0.652129	4.32590947375871e-09	6.44868520319363e-10	-6.44868520319363e-10
281.420276	0.822618	-0.872895	3.4826614127994e-09	5.19164506372802e-10	-5.19164506372802e-10
283.087542	0.751214	-0.844649	3.52820278042807e-09	5.34594877882092e-10	-5.34594877882092e-10
284.747283	0.689120	-0.908526	3.87216881113585e-09	5.86712644886638e-10	-5.86712644886638e-10
286.311226	1.009275	-0.874822	3.69729499506937e-09	5.51160137673221e-10	-5.51160137673221e-10
288.485061	0.646598	-1.164560	4.39717500144722e-09	6.66261858209101e-10	-6.66261858209101e-10
289.789017	0.988325	-0.657358	5.28234080519066e-09	8.00382582836068e-10	-8.00382582836068e-10
291.908888	1.261363	-1.131546	3.51774854612667e-09	5.24395022926204e-10	-5.24395022926204e-10
294.387743	1.364011	-1.217491	3.01266803009014e-09	4.64044908884247e-10	-4.64044908884247e-10
296.865274	1.000090	-1.113521	3.39959630811541e-09	5.4137672576225e-10	-5.4137672576225e-10
299.571168	1.176372	-1.705804	2.5297552324708e-09	3.77113681746535e-10	-3.77113681746535e-10
302.394068	1.790732	-1.646528	2.03590707264004e-09	3.13593204201375e-10	-3.13593204201375e-10
305.606720	1.602593	-1.421920	2.33226886097546e-09	3.47674120619214e-10	-3.47674120619214e-10
308.746773	1.910480	-1.537461	1.4937982134193e-09	2.61777617054266e-10	-2.61777617054266e-10
311.893433	1.535691	-1.236180	2.4410137308845e-09	3.63884801983415e-10	-3.63884801983415e-10
315.069316	1.843329	-1.640192	1.84824085716141e-09	2.84686775867507e-10	-2.84686775867507e-10
318.249781	1.381365	-1.337136	2.3399951369543e-09	3.54557084103749e-10	-3.54557084103749e-10
321.268541	1.525879	-1.637395	1.94814996286332e-09	2.90413007960973e-10	-2.90413007960973e-10
324.463759	1.664737	-1.669339	1.71288573808389e-09	2.59537185365171e-10	-2.59537185365171e-10
328.015568	1.877554	-1.887072	1.39636533180243e-09	2.15083867540495e-10	-2.15083867540495e-10
331.992040	2.229673	-2.098918	7.41876729520472e-10	1.35447546756803e-10	-1.35447546756803e-10
336.180404	1.515957	-1.958690	7.90728487487182e-10	1.51663640664987e-10	-1.51663640664987e-10
339.656524	2.411127	-1.960163	6.66240089818983e-10	1.24654737422733e-10	-1.24654737422733e-10
344.183566	2.150427	-2.115915	1.28600363273507e-09	1.91706068355825e-10	-1.91706068355825e-10
348.809567	2.036269	-2.475574	9.13388196033221e-10	1.70896644003945e-10	-1.70896644003945e-10
353.797351	2.391202	-2.951515	7.57896079067208e-10	1.38372207410338e-10	-1.38372207410338e-10
358.602520	2.343407	-2.413966	8.07633630342985e-10	1.51109659591585e-10	-1.51109659591585e-10
363.344326	2.858909	-2.398399	6.48873897501234e-10	1.30920348534637e-10	-1.30920348534637e-10
369.664135	2.901234	-3.460900	5.32171634362038e-10	9.71607991452725e-11	-9.71607991452725e-11
375.849225	2.247436	-3.283856	5.62896914524157e-10	1.02770482825288e-10	-1.02770482825288e-10
382.141654	3.263646	-4.044994	4.14344018324583e-10	7.56485245627666e-11	-7.56485245627666e-11
388.511792	3.714645	-3.106491	4.11754881385908e-10	8.09866241556448e-11	-8.09866241556448e-11
NO	NO	NO	NO	NO	NO
!Time	Poserr	Negerr	Flux	PosErr	NegErr
!XRT pc mode data
407.622664	8.565647	-11.492841	3.68030482360153e-10	8.27383085589659e-11	-8.27383085589659e-11
430.145868	13.622944	-13.957556	2.63870304795169e-10	5.9321687732732e-11	-5.9321687732732e-11
462.257087	9.092165	-18.488275	2.69581450157635e-10	6.09343663294792e-11	-6.09343663294792e-11
502.728569	21.274263	-31.379317	1.41649394241369e-10	3.25465572392961e-11	-3.25465572392961e-11
538.812782	20.292470	-14.809950	2.02469463941891e-10	4.57648431005965e-11	-4.57648431005965e-11
582.124637	24.619575	-23.019386	1.42084104947477e-10	3.19424372003626e-11	-3.19424372003626e-11
626.247366	23.121166	-19.503154	1.71181897469178e-10	3.75469269736841e-11	-3.75469269736841e-11
684.577265	29.981466	-35.208734	1.14914214782647e-10	2.53353970790742e-11	-2.53353970790742e-11
734.914513	22.268599	-20.355781	1.70668949826345e-10	3.80200881855356e-11	-3.80200881855356e-11
795.583802	36.818709	-38.400691	8.99570036246229e-11	2.05560690907924e-11	-2.05560690907924e-11
858.614878	21.426634	-26.212366	1.4624673039297e-10	3.19136405438639e-11	-3.19136405438639e-11
905.143242	27.551870	-25.101730	1.19677008995554e-10	2.73474447756399e-11	-2.73474447756399e-11
964.152611	23.703461	-31.457499	1.15200114102832e-10	2.58985645742989e-11	-2.58985645742989e-11
1008.860108	16.605663	-21.004037	1.70546986869657e-10	3.81354875254084e-11	-3.81354875254084e-11
1054.125754	31.515617	-28.659983	1.04797238947952e-10	2.39472819646372e-11	-2.39472819646372e-11
1112.207783	23.579848	-26.566412	1.3936002466243e-10	3.03028937717148e-11	-3.03028937717148e-11
1167.761910	25.694002	-31.974278	1.12761730679978e-10	2.52142568098064e-11	-2.52142568098064e-11
1230.934128	60.301795	-37.478217	9.86585880040636e-11	1.82080068476501e-11	-1.82080068476501e-11
4546.400158	26.992934	-40.704366	2.45657814883981e-11	5.63202161024654e-12	-5.63202161024654e-12
4612.963405	28.127007	-39.570313	2.42101603048809e-11	5.41353240736335e-12	-5.41353240736335e-12
4664.090924	24.638368	-23.000512	3.75041076862954e-11	8.05615251281882e-12	-8.05615251281882e-12
4707.893160	23.460371	-19.163869	3.80343678315988e-11	8.57532462858546e-12	-8.57532462858546e-12
4769.346196	29.704676	-37.992664	2.63632249339969e-11	5.79839937244464e-12	-5.79839937244464e-12
4833.106214	31.134658	-34.055342	5.42786905235457e-11	1.18901915866074e-11	-1.18901915866074e-11
4914.152417	40.351615	-49.911545	4.83192698326954e-11	1.07084846474842e-11	-1.07084846474842e-11
5005.311971	57.006381	-50.807939	3.66055440541983e-11	8.35350714608165e-12	-8.35350714608165e-12
5093.000805	29.492987	-30.682453	6.34591262679144e-11	1.42473589029511e-11	-1.42473589029511e-11
5182.105283	40.680909	-59.611491	3.53471616726832e-11	8.03334733682338e-12	-8.03334733682338e-12
5272.247329	35.787382	-49.461137	3.82381912977742e-11	8.65500389083086e-12	-8.65500389083086e-12
5363.389900	37.415291	-55.355189	2.83228781704946e-11	6.35885281844927e-12	-6.35885281844927e-12
5429.614659	28.858673	-28.809467	2.83248087254273e-11	6.33358774178709e-12	-6.33358774178709e-12
5481.649445	24.462787	-23.176113	3.39819844547506e-11	7.66166934744075e-12	-7.66166934744075e-12
5537.673535	33.628756	-31.561304	2.55454111539623e-11	5.78354858413121e-12	-5.78354858413121e-12
5592.832695	28.615797	-21.530403	3.78401919650828e-11	8.25743092158276e-12	-8.25743092158276e-12
5657.291289	31.854583	-35.842797	3.00145239828405e-11	6.57551294397882e-12	-6.57551294397882e-12
5725.465714	36.392198	-36.319842	2.41001372364112e-11	5.50212297461357e-12	-5.50212297461357e-12
5799.300279	32.762353	-37.442367	2.32815848228965e-11	5.20595721607463e-12	-5.20595721607463e-12
5866.838859	30.413833	-34.776227	2.59794891194394e-11	5.759395994734e-12	-5.759395994734e-12
5936.433898	33.530814	-39.181206	2.36311376306088e-11	5.1770150183137e-12	-5.1770150183137e-12
5999.008820	31.131352	-29.044108	2.84870528823207e-11	6.26547471483821e-12	-6.26547471483821e-12
6062.886848	27.428804	-32.746676	2.84310214481678e-11	6.27792907100956e-12	-6.27792907100956e-12
6127.376961	43.172670	-37.061310	2.03871802403568e-11	4.59658033297089e-12	-4.59658033297089e-12
6204.340713	63.994038	-33.791082	2.22367386322563e-11	5.07666919199434e-12	-5.07666919199434e-12
6322.745770	78.476521	-54.411018	2.98865339386068e-11	6.87056207670705e-12	-6.87056207670705e-12
6454.435932	42.064200	-53.213640	3.80039132648754e-11	8.56479939617505e-12	-8.56479939617505e-12
6528.058977	31.123995	-31.558845	2.85298974053681e-11	6.43241852367633e-12	-6.43241852367633e-12
6604.622337	52.345815	-45.439365	1.9548033934126e-11	4.40739270831419e-12	-4.40739270831419e-12
6692.018166	45.183985	-35.050014	2.31189095002251e-11	5.1909239815595e-12	-5.1909239815595e-12
6774.407218	25.477733	-37.205067	2.81606449969925e-11	6.32294385865099e-12	-6.32294385865099e-12
6847.706780	37.426852	-47.821828	2.31418438610796e-11	4.93385446574802e-12	-4.93385446574802e-12
6924.818423	55.593129	-39.684791	1.91014130713187e-11	4.30663842375701e-12	-4.30663842375701e-12
7031.300057	41.882075	-50.888505	3.28461850083502e-11	5.79215753376179e-12	-5.79215753376179e-12
10432.641947	35.904005	-36.807964	3.2142502743089e-11	7.01411839103579e-12	-7.01411839103579e-12
10515.412197	33.367595	-46.866245	2.69541717902417e-11	6.10231941699417e-12	-6.10231941699417e-12
10595.357150	41.178461	-46.577359	2.38408584944914e-11	5.08289289485119e-12	-5.08289289485119e-12
10676.889620	22.328752	-40.354008	2.62185644812063e-11	5.91126080106919e-12	-5.91126080106919e-12
10736.014864	50.959308	-36.796492	1.96574074894456e-11	4.32341747455433e-12	-4.32341747455433e-12
10834.204801	53.061751	-47.230629	1.62869013170141e-11	3.68731621128862e-12	-3.68731621128862e-12
10924.104740	33.366432	-36.838188	2.34551074986624e-11	5.26637293709795e-12	-5.26637293709795e-12
11012.232501	45.531051	-54.761329	1.6290587959601e-11	3.68812595424654e-12	-3.68812595424654e-12
11114.631781	40.916851	-56.868229	1.65807740053745e-11	3.78526870070607e-12	-3.78526870070607e-12
11195.891962	54.934489	-40.343331	1.69978817162665e-11	3.89681930086136e-12	-3.89681930086136e-12
11299.312956	44.283955	-48.486505	1.78860786074269e-11	4.01592539624098e-12	-4.01592539624098e-12
11374.045795	34.741137	-30.448883	2.57056524157882e-11	5.77166704551108e-12	-5.77166704551108e-12
11457.397995	39.144797	-48.611063	1.9743556704915e-11	4.48852093875173e-12	-4.48852093875173e-12
11555.060359	54.311433	-58.517567	1.71470904187203e-11	3.77131533202605e-12	-3.77131533202605e-12
11657.955334	81.796578	-48.583542	1.7230361624634e-11	3.88475325740623e-12	-3.88475325740623e-12
11777.591904	52.423208	-37.839992	1.94999876205379e-11	4.3783145912947e-12	-4.3783145912947e-12
11895.683937	54.682075	-65.668825	1.55166363050631e-11	3.41272944158791e-12	-3.41272944158791e-12
12013.758745	41.914366	-63.392734	1.72620439305775e-11	3.89185913428613e-12	-3.89185913428613e-12
12095.263460	45.658191	-39.590349	2.06831774182461e-11	4.66320010810241e-12	-4.66320010810241e-12
12180.667782	48.009770	-39.746130	2.1381578063456e-11	4.59284786928095e-12	-4.59284786928095e-12
12294.689860	64.367912	-66.012308	1.31851708268522e-11	2.97269516244371e-12	-2.97269516244371e-12
12407.074974	54.782578	-48.017203	1.86594346066968e-11	4.12014926684965e-12	-4.12014926684965e-12
12501.570608	53.057503	-39.713057	2.06643686024434e-11	4.69788561509091e-12	-4.69788561509091e-12
12589.953654	44.908457	-35.325542	2.34092269961974e-11	5.27782428368672e-12	-5.27782428368672e-12
12686.835386	38.289986	-51.973274	2.07794730437528e-11	4.55223603818104e-12	-4.55223603818104e-12
12787.875130	67.625241	-62.749759	1.60808612356994e-11	3.3051040701508e-12	-3.3051040701508e-12
16289.285037	81.815995	-101.217585	9.71671929216546e-12	2.21046818060062e-12	-2.21046818060062e-12
16414.831373	39.010899	-43.730341	2.21188548349872e-11	4.97992949274747e-12	-4.97992949274747e-12
16525.223478	79.057434	-71.381206	1.26034295434345e-11	2.85724736080555e-12	-2.85724736080555e-12
16683.423111	103.891520	-79.142200	1.07267491433474e-11	2.45728614562767e-12	-2.45728614562767e-12
16854.334946	35.779465	-67.020315	2.01012035475201e-11	4.41516611218812e-12	-4.41516611218812e-12
16961.900593	58.593998	-71.786182	1.48002962836517e-11	3.37866762221475e-12	-3.37866762221475e-12
17106.687209	54.216862	-86.192618	1.36407329847557e-11	3.07115610298035e-12	-3.07115610298035e-12
17234.067683	67.245868	-73.163612	1.32372497448017e-11	3.01138803999946e-12	-3.01138803999946e-12
17364.834897	56.829635	-63.521345	1.47675324439929e-11	3.34783739065821e-12	-3.34783739065821e-12
17476.299704	58.193828	-54.635172	1.52482487429262e-11	3.42127796096554e-12	-3.42127796096554e-12
17603.654292	56.204900	-69.160760	1.33846863346599e-11	3.05546790881729e-12	-3.05546790881729e-12
17716.961797	93.336155	-57.102605	1.13959639444462e-11	2.58350793048176e-12	-2.58350793048176e-12
17892.744475	67.992236	-82.446524	1.15245947162504e-11	2.61270004793226e-12	-2.61270004793226e-12
18052.459408	63.730743	-91.722697	1.11288677989751e-11	2.51426882084298e-12	-2.51426882084298e-12
18206.520673	77.659478	-90.330522	8.17297445169803e-12	2.06976279506893e-12	-2.06976279506893e-12
18352.095965	62.464486	-67.915814	1.31889875129012e-11	2.96945155743849e-12	-2.96945155743849e-12
18498.892313	138.809219	-84.331861	1.08000517401504e-11	2.05137436208219e-12	-2.05137436208219e-12
22307.160157	74.891735	-93.098053	9.79804375873531e-12	2.21562106367817e-12	-2.21562106367817e-12
22460.739099	69.244113	-78.687207	1.12195343181457e-11	2.52754954912555e-12	-2.52754954912555e-12
22614.430651	71.005801	-84.447439	1.09653445647934e-11	2.47961770710568e-12	-2.47961770710568e-12
22795.441781	75.535691	-110.005329	7.04223771539849e-12	1.86449964213593e-12	-1.86449964213593e-12
22945.403595	83.534517	-74.426123	1.09813201013013e-11	2.48320577380197e-12	-2.48320577380197e-12
23129.309254	57.589478	-100.371142	1.0587163060468e-11	2.39406642164906e-12	-2.39406642164906e-12
23303.806189	53.589743	-116.907457	1.00610374523103e-11	2.23505338551427e-12	-2.23505338551427e-12
23446.458813	121.551358	-89.062882	7.82117392072292e-12	1.76862530352665e-12	-1.76862530352665e-12
23663.274584	117.857147	-95.264413	5.82684118491229e-12	1.51957714488997e-12	-1.51957714488997e-12
23869.033542	60.029630	-87.901810	1.17945598541786e-11	2.58294907609605e-12	-2.58294907609605e-12
24007.997798	63.982253	-78.934627	1.16243385043285e-11	2.6090074388446e-12	-2.6090074388446e-12
24162.757324	84.734707	-90.777273	7.01097208625857e-12	1.83754140380333e-12	-1.83754140380333e-12
24331.221827	89.274865	-83.729795	1.09351913635117e-11	2.3109584536752e-12	-2.3109584536752e-12
28319.679585	72.635746	-82.817394	1.05861612081732e-11	2.42634594657648e-12	-2.42634594657648e-12
28527.735218	60.150214	-135.419886	6.27016617313881e-12	1.67337244870363e-12	-1.67337244870363e-12
28734.340163	192.029528	-146.454732	7.63822942288376e-12	1.41848047663144e-12	-1.41848047663144e-12
29162.682961	71.157431	-81.788429	9.35273618669668e-12	2.43919087833381e-12	-2.43919087833381e-12
29369.390908	135.237323	-135.550517	1.10334542181261e-11	2.03540348165645e-12	-2.03540348165645e-12
34399.432590	60.447241	-120.078719	7.25805197163738e-12	1.89432382822043e-12	-1.89432382822043e-12
34622.484038	155.823794	-162.604206	4.02521630204801e-12	1.06205230345316e-12	-1.06205230345316e-12
34991.506375	273.216397	-213.198543	4.88309981877422e-12	9.44528764171556e-13	-9.44528764171556e-13
40242.455448	98.285983	-164.980817	6.44396029167879e-12	1.67051712734497e-12	-1.67051712734497e-12
40750.678268	332.223664	-409.936836	4.5528142334608e-12	8.42377199486029e-13	-8.42377199486029e-13
45506.290334	251.052177	-192.740683	2.84872440329781e-12	7.51454305361106e-13	-7.51454305361106e-13
45857.358370	72.988202	-100.015858	7.4350556625405e-12	1.94027519655324e-12	-1.94027519655324e-12
46095.019312	103.608959	-164.672741	4.99166919569967e-12	1.29345234677165e-12	-1.29345234677165e-12
46361.449885	135.547827	-162.821613	4.64207513765262e-12	1.20712964807798e-12	-1.20712964807798e-12
46659.025564	183.977088	-162.027853	8.24819659313556e-12	1.51663933775691e-12	-1.51663933775691e-12
51410.115022	192.146070	-276.720010	3.30461126601954e-12	8.70662402432309e-13	-8.70662402432309e-13
51742.538260	125.497312	-140.277168	5.8767916602271e-12	1.52655785276007e-12	-1.52655785276007e-12
52029.848711	134.049081	-161.813139	5.23795091485463e-12	1.36886941778757e-12	-1.36886941778757e-12
52408.847792	254.000220	-244.950000	4.11980621226556e-12	9.36843092241794e-13	-9.36843092241794e-13
57115.213710	182.109802	-256.668858	3.0839418362627e-12	8.02688101262961e-13	-8.02688101262961e-13
57451.605897	119.014215	-154.282385	5.30522149245725e-12	1.33130109581756e-12	-1.33130109581756e-12
57789.077878	137.580114	-218.457766	3.76977536185754e-12	9.91234353247277e-13	-9.91234353247277e-13
58152.142072	258.421480	-225.484080	3.14603386183066e-12	7.7533892829445e-13	-7.7533892829445e-13
80071.232785	291.029246	-395.973754	2.10984795540581e-12	5.58301539035656e-13	-5.58301539035656e-13
80708.020325	336.226907	-345.758293	2.7966674303606e-12	6.23965324566556e-13	-6.23965324566556e-13
86241.501821	622.841051	-753.666649	1.85137518706063e-12	3.57425061026045e-13	-3.57425061026045e-13
91879.704401	744.173291	-617.290989	1.49853955655533e-12	3.54118758532517e-13	-3.54118758532517e-13
97268.998815	253.909097	-174.841391	3.65661321541864e-12	9.57632544500711e-13	-9.57632544500711e-13
97973.534124	469.553308	-450.626212	2.36265241852792e-12	5.22449386860576e-13	-5.22449386860576e-13
103633.085766	571.401406	-466.623514	2.16730590044619e-12	4.81715096841884e-13	-4.81715096841884e-13
109569.314369	395.146442	-407.192318	2.20846793187244e-12	5.45471597184896e-13	-5.45471597184896e-13
117853.656755	4050.266517	-2717.505423	1.20695855960001e-12	2.83838372045126e-13	-2.83838372045126e-13
132650.786753	5512.143239	-5891.525781	1.56222950900484e-12	2.82749088991775e-13	-2.82749088991775e-13
152655.715389	3621.230434	-9362.109945	8.23010005895848e-13	1.93056515749474e-13	-1.93056515749474e-13
174172.265413	4202.270299	-1868.171921	8.98206942299119e-13	2.40760541136475e-13	-2.40760541136475e-13
178818.436082	624.208750	-443.900370	1.25275221963681e-12	3.298453222551e-13	-3.298453222551e-13
192200.366954	5695.531158	-8320.765702	5.72376575651292e-13	1.2255573884421e-13	-1.2255573884421e-13
202959.859443	717.783829	-1300.592671	1.02307985953241e-12	2.22362778547791e-13	-2.22362778547791e-13
211409.966399	3833.470772	-3797.395588	6.40127667482239e-13	1.25416474513804e-13	-1.25416474513804e-13
219640.974836	1385.775096	-1149.105844	6.32222409151971e-13	1.59284274613667e-13	-1.59284274613667e-13
224741.959660	546.468312	-474.005628	1.30234508158609e-12	3.46003862076843e-13	-3.46003862076843e-13
225922.854035	887.502196	-634.426064	8.53575116040068e-13	2.30546870213098e-13	-2.30546870213098e-13
230592.350297	566.720615	-539.002026	1.19099817295491e-12	3.19013129167223e-13	-3.19013129167223e-13
231897.661264	695.591488	-738.590352	1.19747504083773e-12	2.81924718603903e-13	-2.81924718603903e-13
237171.088990	1204.311022	-1353.139938	8.34583895624637e-13	1.90410567010894e-13	-1.90410567010894e-13
244024.482091	4359.569721	-2407.290399	9.26157715668857e-13	1.74753440502043e-13	-1.74753440502043e-13
274089.160714	10474.763837	-20669.142963	6.36490677954857e-13	1.69235212915151e-13	-1.69235212915151e-13
289215.808774	926.438998	-685.754902	8.978119518501e-13	2.32890468892526e-13	-2.32890468892526e-13
297054.093470	3590.087262	-2772.593038	7.82345559443184e-13	1.80053196480236e-13	-1.80053196480236e-13
310817.527858	12484.552914	-5486.470786	5.72734607567686e-13	1.29682302545975e-13	-1.29682302545975e-13
370549.840412	5694.779639	-7335.559721	5.43228624440442e-13	1.32622712449598e-13	-1.32622712449598e-13
394625.137234	10040.343937	-14105.112023	4.23966219135782e-13	1.02050755519466e-13	-1.02050755519466e-13
496044.379385	53531.924527	-46067.076193	2.0561258135329e-13	4.46840493558473e-14	-4.46840493558473e-14
674726.836479	88740.222192	-45381.193208	9.31960050803766e-14	2.7958801524113e-14	-2.7958801524113e-14
828166.337613	63412.940018	-41982.645762	1.30633553689482e-13	3.57091720269106e-14	-3.57091720269106e-14
1051038.176062	94585.779890	-109484.144339	4.8999905930848e-14	1.61501932103916e-14	-1.61501932103916e-14
