READ TERR 1 2
NO	NO	NO	NO	NO	NO
!Time	Poserr	Negerr	Flux	PosErr	NegErr
!XRT wtslew mode data
70.1515215544266	0.475716437963115	-0.483204551279485	3.20178634570951e-09	7.98665835419727e-10	-7.98665835419727e-10
71.0517452212106	0.416988761932274	-0.424507228820929	3.75402666323641e-09	9.36418772976322e-10	-9.36418772976322e-10
72.2424723460163	0.815006635104837	-0.773738362873374	2.23082335569385e-09	5.56465112494646e-10	-5.56465112494646e-10
73.708040644188	0.726453331554325	-0.650561663066867	2.95371200577692e-09	7.36785222987869e-10	-7.36785222987869e-10
75.0108270534637	0.711864916510848	-0.576333077721358	3.4578270652061e-09	8.62533612047682e-10	-8.62533612047682e-10
76.255621205916	0.538078790658403	-0.532929235941495	4.28343082130531e-09	1.06847537155148e-09	-1.06847537155148e-09
78.0700537176918	1.12094328681722	-1.27635372111737	2.65644709850949e-09	6.13480178964983e-10	-6.13480178964983e-10
NO	NO	NO	NO	NO	NO
!Time	Poserr	Negerr	Flux	PosErr	NegErr
!XRT wt mode data
86.414556	0.649784	-0.460394	3.9586865708863e-09	5.9012612579791e-10	-5.9012612579791e-10
87.675764	0.769164	-0.611424	3.26383390959217e-09	4.86543647895725e-10	-4.86543647895725e-10
89.143044	0.598861	-0.698116	3.31294051866274e-09	4.93864006870634e-10	-4.93864006870634e-10
90.266653	0.558736	-0.524747	3.82443242767162e-09	5.70112742690944e-10	-5.70112742690944e-10
91.367556	0.539545	-0.542168	3.86801230852384e-09	5.76609249417487e-10	-5.76609249417487e-10
92.580020	0.641860	-0.672919	3.32844980348253e-09	4.96176002007735e-10	-4.96176002007735e-10
93.907019	0.848470	-0.685139	2.9272596274298e-09	4.49057842515125e-10	-4.49057842515125e-10
95.532150	0.635970	-0.776661	2.86888789521337e-09	4.33816509408684e-10	-4.33816509408684e-10
97.099237	0.753733	-0.931116	2.21889960773898e-09	3.27158897458948e-10	-3.27158897458948e-10
98.791338	0.614781	-0.938368	2.31009369080011e-09	3.54381209000409e-10	-3.54381209000409e-10
100.060817	0.512413	-0.654698	3.28230635461459e-09	4.96331235034668e-10	-4.96331235034668e-10
101.251607	0.700432	-0.678377	2.90296697645083e-09	4.32748800040781e-10	-4.32748800040781e-10
102.939671	0.871561	-0.987632	2.14900819196174e-09	3.29669813314024e-10	-3.29669813314024e-10
104.629072	0.683749	-0.817840	2.68821346637218e-09	4.06495964151902e-10	-4.06495964151902e-10
106.128111	0.785920	-0.815289	2.41481265380406e-09	3.59979001807183e-10	-3.59979001807183e-10
107.733925	1.014377	-0.819895	1.94664980368444e-09	2.98626881577593e-10	-2.98626881577593e-10
109.427699	0.914707	-0.679396	2.30313634706217e-09	3.48266848719447e-10	-3.48266848719447e-10
111.347559	0.955297	-1.005153	1.89940343235591e-09	2.87216690116673e-10	-2.87216690116673e-10
113.458585	1.235430	-1.155729	1.51358435433797e-09	2.32192247313629e-10	-2.32192247313629e-10
115.326925	0.566183	-0.632910	3.0091239546297e-09	4.55022179734179e-10	-4.55022179734179e-10
116.768754	0.857229	-0.875647	2.08561982800146e-09	3.10905864725971e-10	-3.10905864725971e-10
118.551314	0.882268	-0.925332	1.95337609070369e-09	2.95378145889182e-10	-2.95378145889182e-10
120.226525	0.954146	-0.792943	2.04246798072129e-09	3.08850099998347e-10	-3.08850099998347e-10
122.218375	0.937149	-1.037703	1.81293670106461e-09	2.78114533264868e-10	-2.78114533264868e-10
124.041007	1.254775	-0.885483	1.6522269525551e-09	2.46299434720948e-10	-2.46299434720948e-10
126.360641	1.030959	-1.064859	1.61003512120554e-09	2.40009855625024e-10	-2.40009855625024e-10
128.431856	1.005748	-1.040255	1.58868608749924e-09	2.4371327835918e-10	-2.4371327835918e-10
130.388791	1.121484	-0.951187	1.57046118518193e-09	2.40917456600271e-10	-2.40917456600271e-10
132.852907	1.075192	-1.342633	1.38002392329923e-09	2.05721797917433e-10	-2.05721797917433e-10
135.277698	1.174969	-1.349599	1.30833995343442e-09	2.00706612195627e-10	-2.00706612195627e-10
137.698475	1.184477	-1.245808	1.40829783897697e-09	2.09936667170898e-10	-2.09936667170898e-10
140.491981	1.435039	-1.609030	1.15102012544216e-09	1.71583971145679e-10	-1.71583971145679e-10
143.450741	1.294407	-1.523720	1.28490308903569e-09	1.91542069052631e-10	-1.91542069052631e-10
146.170176	1.339744	-1.425029	1.29704930236747e-09	1.93352672933649e-10	-1.93352672933649e-10
148.309923	0.922173	-0.800003	1.97892355458703e-09	2.99241286752581e-10	-2.99241286752581e-10
150.330393	1.056219	-1.098297	1.5507814438291e-09	2.31176864319596e-10	-2.31176864319596e-10
152.975874	1.376534	-1.589262	1.11441304022724e-09	1.68515054830469e-10	-1.68515054830469e-10
155.697678	1.483551	-1.345271	1.12884949690652e-09	1.78291104257674e-10	-1.78291104257674e-10
158.656914	1.520336	-1.475685	1.1108136461033e-09	1.72894877685561e-10	-1.72894877685561e-10
161.525855	1.252468	-1.348606	1.35792018736729e-09	2.08312480321766e-10	-2.08312480321766e-10
164.178985	1.497561	-1.400662	1.25451272437664e-09	1.87011713993728e-10	-1.87011713993728e-10
166.920253	1.172302	-1.243707	1.44110260139818e-09	2.14826886699974e-10	-2.14826886699974e-10
169.650853	1.663713	-1.558298	1.02717207671763e-09	1.57573906289479e-10	-1.57573906289479e-10
172.715591	1.164464	-1.401025	1.38991551398184e-09	2.07196352829391e-10	-2.07196352829391e-10
175.286621	1.375979	-1.406567	1.30713726537475e-09	2.00522126508559e-10	-2.00522126508559e-10
178.178308	1.193892	-1.515707	1.38191453417015e-09	2.06003660462038e-10	-2.06003660462038e-10
180.797665	1.271681	-1.425466	1.36142983881105e-09	2.08850880086765e-10	-2.08850880086765e-10
184.054960	1.446309	-1.985614	1.06485651800415e-09	1.58739455731592e-10	-1.58739455731592e-10
186.946149	1.262946	-1.444880	1.29962243818155e-09	1.96521350892315e-10	-1.96521350892315e-10
190.076892	1.836334	-1.867797	9.25967497901858e-10	1.44124113780545e-10	-1.44124113780545e-10
193.320865	1.042201	-1.407639	1.42804206299323e-09	2.19069577995854e-10	-2.19069577995854e-10
195.883012	1.662915	-1.519946	1.10364443173045e-09	1.6688666146208e-10	-1.6688666146208e-10
198.901948	1.405174	-1.356022	1.24137238843311e-09	1.87713087493343e-10	-1.87713087493343e-10
202.065087	1.469362	-1.757966	1.05299553095064e-09	1.5922782068483e-10	-1.5922782068483e-10
205.176446	1.596006	-1.641996	1.05728401792356e-09	1.62193237487913e-10	-1.62193237487913e-10
208.898047	1.994838	-2.125595	8.19035293179303e-10	1.31281378311551e-10	-1.31281378311551e-10
212.681508	1.798089	-1.788623	9.77238000961186e-10	1.52104207464501e-10	-1.52104207464501e-10
216.152192	2.170334	-1.672595	9.28871324941716e-10	1.42494041375635e-10	-1.42494041375635e-10
219.885498	1.475747	-1.562972	1.1621029171082e-09	1.75726424465416e-10	-1.75726424465416e-10
223.006823	1.843268	-1.645578	1.00693742750547e-09	1.50105367051084e-10	-1.50105367051084e-10
226.509870	1.512391	-1.659779	1.11534300078224e-09	1.6626550561508e-10	-1.6626550561508e-10
229.204440	1.456275	-1.182179	1.33295973352083e-09	2.01562404310165e-10	-2.01562404310165e-10
232.879597	1.926478	-2.218882	8.32205060454527e-10	1.25841168823034e-10	-1.25841168823034e-10
237.055284	2.097175	-2.249208	7.86518095385299e-10	1.17247218207922e-10	-1.17247218207922e-10
241.487171	2.214511	-2.334712	7.41284791630409e-10	1.10504215643829e-10	-1.10504215643829e-10
245.244259	2.120619	-1.542577	9.36143520651573e-10	1.39552022399135e-10	-1.39552022399135e-10
250.227124	2.220718	-2.862246	7.22488269008927e-10	1.07702214276841e-10	-1.07702214276841e-10
255.225202	2.318022	-2.777360	7.22014539341022e-10	1.09178830605538e-10	-1.09178830605538e-10
260.230028	2.437070	-2.686803	7.05559123688393e-10	1.0517856768329e-10	-1.0517856768329e-10
265.187993	2.467765	-2.520895	6.8851006978199e-10	1.05621290609101e-10	-1.05621290609101e-10
270.192394	2.279453	-2.536636	7.01210142859372e-10	1.06032905193529e-10	-1.06032905193529e-10
274.481347	2.566397	-2.009500	5.4986005208913e-10	9.76023558750543e-11	-9.76023558750543e-11
278.762087	1.384904	-1.714344	1.16914106861593e-09	1.76790685914541e-10	-1.76790685914541e-10
282.080166	1.938186	-1.933175	9.88741979059451e-10	1.47392933671315e-10	-1.47392933671315e-10
286.803034	2.068783	-2.784682	8.35811695850723e-10	1.263865913461e-10	-1.263865913461e-10
291.119990	1.370546	-2.248173	1.15135912572988e-09	1.76624887320084e-10	-1.76624887320084e-10
293.935085	1.402044	-1.444549	1.40879691254138e-09	2.19275134957288e-10	-2.19275134957288e-10
296.685032	1.427530	-1.347903	1.45775788551994e-09	2.17309706978581e-10	-2.17309706978581e-10
299.447243	0.969272	-1.334681	1.72721487054776e-09	2.61179360377608e-10	-2.61179360377608e-10
301.611577	1.073318	-1.195061	1.73345729136014e-09	2.65921965021443e-10	-2.65921965021443e-10
303.852226	1.024556	-1.167331	1.81554055844742e-09	2.78514008006955e-10	-2.78514008006955e-10
305.791673	0.850009	-0.914891	2.41493711020691e-09	3.56063068080813e-10	-3.56063068080813e-10
307.734425	1.035060	-1.092743	1.96600575688682e-09	3.01596195318909e-10	-3.01596195318909e-10
309.322378	0.694280	-0.552893	3.55511932599324e-09	5.29965895183066e-10	-5.29965895183066e-10
310.865816	0.992245	-0.849158	2.4628151079754e-09	3.72412492392774e-10	-3.72412492392774e-10
312.705601	0.641575	-0.847540	2.98389858040256e-09	4.71278495739626e-10	-4.71278495739626e-10
314.114861	0.911816	-0.767685	2.66804883200148e-09	4.09293529889702e-10	-4.09293529889702e-10
316.105918	1.073487	-1.079240	2.06154069039914e-09	3.11734183695195e-10	-3.11734183695195e-10
317.810984	0.668951	-0.631579	3.29081859635955e-09	5.04829848803205e-10	-5.04829848803205e-10
319.609142	0.719298	-1.129207	2.27584737209746e-09	3.4414037649513e-10	-3.4414037649513e-10
321.089888	0.880688	-0.761448	2.53824189470846e-09	3.7837872898139e-10	-3.7837872898139e-10
322.779868	1.115715	-0.809292	2.17068206681605e-09	3.23586181516765e-10	-3.23586181516765e-10
324.835957	0.938405	-0.940374	2.20572254424072e-09	3.33536524669503e-10	-3.33536524669503e-10
326.769650	0.997301	-0.995288	2.11454508550635e-09	3.15217752441405e-10	-3.15217752441405e-10
328.859529	0.928518	-1.092578	2.09963844997048e-09	3.12995591106059e-10	-3.12995591106059e-10
330.753880	0.953832	-0.965833	2.18639154250002e-09	3.30613379926263e-10	-3.30613379926263e-10
332.592959	0.877874	-0.885247	2.36318038727094e-09	3.52282150705068e-10	-3.52282150705068e-10
334.224188	0.694860	-0.753354	2.76632974639614e-09	4.24370344049205e-10	-4.24370344049205e-10
335.989576	0.877583	-1.070528	2.02563802612766e-09	3.0630516273959e-10	-3.0630516273959e-10
337.670400	0.854910	-0.803241	2.29158986393193e-09	3.51542618129603e-10	-3.51542618129603e-10
339.650946	0.731773	-1.125635	2.02434563406627e-09	3.15083449267458e-10	-3.15083449267458e-10
341.144530	0.661467	-0.761811	2.72755827018728e-09	4.1842257208472e-10	-4.1842257208472e-10
342.863344	1.260879	-1.057347	1.76429451727548e-09	2.63005500060485e-10	-2.63005500060485e-10
344.829215	0.673815	-0.704992	3.03187672545324e-09	4.65106700122012e-10	-4.65106700122012e-10
346.266382	0.804046	-0.763352	2.81907029726369e-09	4.20242162230444e-10	-4.20242162230444e-10
347.800427	0.780486	-0.729999	2.88578730516781e-09	4.3758256633036e-10	-4.3758256633036e-10
349.142249	0.602214	-0.561336	3.62909081201334e-09	5.48769966696001e-10	-5.48769966696001e-10
350.648945	1.068560	-0.904481	2.09474685935887e-09	3.2134577121407e-10	-3.2134577121407e-10
352.422110	0.770296	-0.704605	2.93547593277011e-09	4.37594906309679e-10	-4.37594906309679e-10
354.005241	0.765223	-0.812835	2.7383481960466e-09	4.2007784880419e-10	-4.2007784880419e-10
355.735886	0.947140	-0.965421	2.26369377257086e-09	3.42302532712813e-10	-3.42302532712813e-10
357.512461	0.914116	-0.829435	2.41002782135054e-09	3.69711681991406e-10	-3.69711681991406e-10
359.226690	0.897163	-0.800113	2.44013927795033e-09	3.74330940251854e-10	-3.74330940251854e-10
361.186377	1.118690	-1.062525	1.95463395800049e-09	2.91379634548989e-10	-2.91379634548989e-10
363.035388	0.897570	-0.730321	2.63451737085659e-09	3.92730641947971e-10	-3.92730641947971e-10
365.148050	0.757943	-1.215092	2.03204058584021e-09	3.02918729527276e-10	-3.02918729527276e-10
366.549635	0.615984	-0.643642	2.95395297685572e-09	4.40349289720304e-10	-4.40349289720304e-10
367.989994	0.858666	-0.824374	2.16974516041931e-09	3.23446536924312e-10	-3.23446536924312e-10
369.485793	0.700775	-0.637133	2.96432631537611e-09	4.48248105985905e-10	-4.48248105985905e-10
370.942083	0.847483	-0.755515	2.67890283867561e-09	3.99347237363564e-10	-3.99347237363564e-10
372.816159	0.889512	-1.026593	2.0418393602927e-09	3.13229492727583e-10	-3.13229492727583e-10
374.561301	0.733118	-0.855631	2.36107024753184e-09	3.51967570208471e-10	-3.51967570208471e-10
376.160187	0.562877	-0.865767	2.73426385237615e-09	4.13459441276603e-10	-4.13459441276603e-10
377.370069	0.582376	-0.647005	3.42036983084226e-09	5.09878624725325e-10	-5.09878624725325e-10
378.400090	0.666080	-0.447645	3.89556462095719e-09	5.74369684207007e-10	-5.74369684207007e-10
379.692056	0.770726	-0.625886	2.85547132362561e-09	4.38045133064605e-10	-4.38045133064605e-10
381.163295	0.541323	-0.700512	3.25348174444214e-09	4.85000418868773e-10	-4.85000418868773e-10
382.322356	0.648979	-0.617739	3.37186897511387e-09	5.09874327522935e-10	-5.09874327522935e-10
383.750090	0.929197	-0.778755	2.71504903370785e-09	4.10553898007814e-10	-4.10553898007814e-10
385.231353	0.591918	-0.552066	3.98596861758657e-09	6.11469734783854e-10	-6.11469734783854e-10
386.522147	0.605225	-0.698876	3.2567636818607e-09	5.06905713331034e-10	-5.06905713331034e-10
387.830137	0.649360	-0.702764	3.02795507030616e-09	4.57869716935576e-10	-4.57869716935576e-10
389.171798	0.672294	-0.692301	3.10675096752688e-09	4.63127112706941e-10	-4.63127112706941e-10
390.455259	0.641343	-0.611168	3.47496706149705e-09	5.18017507715537e-10	-5.18017507715537e-10
391.790672	0.567315	-0.694070	3.46154484541898e-09	5.23434625576676e-10	-5.23434625576676e-10
392.945604	0.558126	-0.587617	3.75693107549818e-09	5.76334053194764e-10	-5.76334053194764e-10
394.215461	0.633293	-0.711731	3.26476705594286e-09	4.86682741078325e-10	-4.86682741078325e-10
395.487912	0.629364	-0.639158	3.54679410540011e-09	5.28724810858767e-10	-5.28724810858767e-10
396.653313	0.451382	-0.536037	4.69180903283663e-09	6.99413564124373e-10	-6.99413564124373e-10
397.569309	0.439180	-0.464614	5.24281878626469e-09	7.94987902477163e-10	-7.94987902477163e-10
398.462501	0.355480	-0.454012	5.9886120783274e-09	8.92729597353854e-10	-8.92729597353854e-10
399.144312	0.403113	-0.326331	6.68398002915631e-09	1.01071245121664e-09	-1.01071245121664e-09
399.937854	0.292759	-0.390429	7.28319259419635e-09	1.08571428106234e-09	-1.08571428106234e-09
400.806998	0.508878	-0.576385	4.1324539691342e-09	6.43204350778334e-10	-6.43204350778334e-10
401.875576	0.477515	-0.559701	4.06487778912534e-09	6.1466706677828e-10	-6.1466706677828e-10
402.824301	0.491289	-0.471210	4.22684785548434e-09	6.48421945575685e-10	-6.48421945575685e-10
403.733572	0.354161	-0.417983	5.5169697354168e-09	8.34243954336991e-10	-8.34243954336991e-10
404.643935	0.739008	-0.556201	3.40332676505911e-09	5.14631212310348e-10	-5.14631212310348e-10
405.870166	0.505530	-0.487224	4.35600026003694e-09	6.49354206212451e-10	-6.49354206212451e-10
406.817018	0.421541	-0.441322	4.8357064159608e-09	7.31227316994309e-10	-7.31227316994309e-10
407.713997	0.608054	-0.475438	3.88155807122832e-09	5.78628500547991e-10	-5.78628500547991e-10
408.792903	0.413376	-0.470852	4.8745248974749e-09	7.2665123455504e-10	-7.2665123455504e-10
409.705531	0.409886	-0.499252	4.8406328762171e-09	7.21598956722416e-10	-7.21598956722416e-10
410.586430	0.487940	-0.471013	4.63076557080861e-09	7.00237349034032e-10	-7.00237349034032e-10
411.432990	0.475780	-0.358620	5.36514820190194e-09	8.23043489236595e-10	-8.23043489236595e-10
412.381552	0.368722	-0.472782	5.3474304785758e-09	8.32311868116406e-10	-8.32311868116406e-10
413.131605	0.353450	-0.381331	6.22979752906325e-09	9.42033655720506e-10	-9.42033655720506e-10
414.055954	0.468115	-0.570898	4.3719753688368e-09	6.61104589856396e-10	-6.61104589856396e-10
414.873732	0.367329	-0.349662	6.39372107561865e-09	9.53119671709341e-10	-9.53119671709341e-10
415.640830	0.368812	-0.399770	5.91980192290893e-09	8.95157901865652e-10	-8.95157901865652e-10
416.365361	0.288315	-0.355719	7.1724771620913e-09	1.06920973962251e-09	-1.06920973962251e-09
417.027616	0.469365	-0.373940	8.33548400740477e-09	1.02040591566719e-09	-1.02040591566719e-09
417.830644	0.289035	-0.333663	7.72838160403616e-09	1.1520791029101e-09	-1.1520791029101e-09
418.571717	0.369921	-0.452039	5.86347482969253e-09	8.99489569309285e-10	-8.99489569309285e-10
419.337312	0.353340	-0.395674	6.65999314515227e-09	1.00708531706019e-09	-1.00708531706019e-09
420.012509	0.380896	-0.321856	7.89005108136815e-09	1.14201718102645e-09	-1.14201718102645e-09
420.849421	0.399731	-0.456016	9.44752333155629e-09	1.13734814680967e-09	-1.13734814680967e-09
421.679729	0.332656	-0.430577	5.91981642760409e-09	9.08132726832261e-10	-9.08132726832261e-10
422.408176	0.362117	-0.395791	5.29777495430632e-09	8.12708094065891e-10	-8.12708094065891e-10
423.184367	0.459480	-0.414074	6.41851658980705e-09	8.15152416674945e-10	-8.15152416674945e-10
424.089896	0.301187	-0.446049	6.12949123907105e-09	9.13730637935345e-10	-9.13730637935345e-10
424.784709	0.357168	-0.393626	6.63496154079343e-09	9.89081706304765e-10	-9.89081706304765e-10
425.469487	0.328883	-0.327610	7.73140510723819e-09	1.15252983592949e-09	-1.15252983592949e-09
426.207225	0.430884	-0.408855	6.09691028867041e-09	9.21939214085648e-10	-9.21939214085648e-10
427.020372	0.414788	-0.382264	6.49178747413065e-09	9.95876269368146e-10	-9.95876269368146e-10
427.826569	0.364722	-0.391409	6.98317122010827e-09	1.04098968792392e-09	-1.04098968792392e-09
428.604017	0.400339	-0.412726	9.11503170634427e-09	1.12646713791324e-09	-1.12646713791324e-09
429.491856	0.387833	-0.487501	7.85930030208439e-09	9.80583306032524e-10	-9.80583306032524e-10
430.287128	0.498139	-0.407438	7.7020882422641e-09	9.35881816306825e-10	-9.35881816306825e-10
431.115124	0.362199	-0.329857	6.80207899934356e-09	1.02857067933436e-09	-1.02857067933436e-09
431.789741	0.329837	-0.312418	7.72776904893057e-09	1.15541678611346e-09	-1.15541678611346e-09
432.448020	0.319163	-0.328442	7.77786440349033e-09	1.15945555872635e-09	-1.15945555872635e-09
433.074923	0.322073	-0.307739	8.00900536521087e-09	1.22862588431809e-09	-1.22862588431809e-09
433.799519	0.522627	-0.402523	8.52130675000357e-09	1.04104332051648e-09	-1.04104332051648e-09
434.667321	0.428746	-0.345176	6.36308810296128e-09	9.62189073557313e-10	-9.62189073557313e-10
435.447280	0.308832	-0.351213	7.14256825935635e-09	1.06475122896687e-09	-1.06475122896687e-09
436.078500	0.389260	-0.322388	7.09147735708951e-09	1.02077924090265e-09	-1.02077924090265e-09
436.816662	0.286249	-0.348902	6.68465233333661e-09	1.01361846909508e-09	-1.01361846909508e-09
437.370279	0.262813	-0.267368	1.14198526979454e-08	1.41130494575364e-09	-1.41130494575364e-09
437.981204	0.420474	-0.348112	6.79489538510127e-09	9.18472175737571e-10	-9.18472175737571e-10
438.802136	0.334324	-0.400458	9.3970612470262e-09	1.15036112150311e-09	-1.15036112150311e-09
439.509479	0.408021	-0.373018	7.2117130263563e-09	9.88242023889069e-10	-9.88242023889069e-10
440.288509	0.381559	-0.371009	6.33134526842431e-09	8.88905799045357e-10	-8.88905799045357e-10
441.055742	0.336619	-0.385675	5.44512694859848e-09	8.23380295127794e-10	-8.23380295127794e-10
441.710462	0.391773	-0.318100	6.20068199436368e-09	9.07044744489471e-10	-9.07044744489471e-10
442.386201	0.368977	-0.283966	6.55623914514146e-09	1.00576349063796e-09	-1.00576349063796e-09
443.126481	0.336792	-0.371303	6.32637329808088e-09	9.70500753236858e-10	-9.70500753236858e-10
443.871593	0.379835	-0.408320	9.06448810759814e-09	1.10964844739052e-09	-1.10964844739052e-09
444.538833	0.331730	-0.287405	7.78354970110585e-09	1.19403976276504e-09	-1.19403976276504e-09
445.274439	0.455429	-0.403877	8.172169017271e-09	1.00994491620474e-09	-1.00994491620474e-09
446.138043	0.406668	-0.408175	8.09501758345449e-09	1.00041028505208e-09	-1.00041028505208e-09
446.927738	0.337507	-0.383027	8.94396737352556e-09	1.08461536996461e-09	-1.08461536996461e-09
447.724903	0.453037	-0.459658	6.92481374972192e-09	8.39757026334328e-10	-8.39757026334328e-10
448.570860	0.372108	-0.392919	8.15263551478889e-09	1.00753089818556e-09	-1.00753089818556e-09
449.258910	0.331649	-0.315943	6.54660187884649e-09	1.00428509156772e-09	-1.00428509156772e-09
450.026721	0.364442	-0.436161	8.50853534988988e-09	1.03181144275478e-09	-1.03181144275478e-09
450.742093	0.323341	-0.350930	1.02067324687838e-08	1.27346599336219e-09	-1.27346599336219e-09
451.439372	0.312807	-0.373938	1.0576445898354e-08	1.28258242301538e-09	-1.28258242301538e-09
452.052370	0.342092	-0.300191	7.60356520463796e-09	1.1497667729864e-09	-1.1497667729864e-09
452.725162	0.290218	-0.330700	1.12543419030237e-08	1.37772403630049e-09	-1.37772403630049e-09
453.348924	0.419029	-0.333544	6.60960996240934e-09	9.39580899967222e-10	-9.39580899967222e-10
454.107953	0.332508	-0.340001	6.52294488927943e-09	9.5418581746731e-10	-9.5418581746731e-10
454.812187	0.320344	-0.371725	6.35359516745454e-09	9.21994024886795e-10	-9.21994024886795e-10
455.547868	0.454656	-0.415337	6.8232897502909e-09	8.35287423254252e-10	-8.35287423254252e-10
456.382023	0.289456	-0.379499	5.85004035921435e-09	8.97428691628642e-10	-8.97428691628642e-10
457.043456	0.400167	-0.371978	7.85109660669558e-09	9.61108569204627e-10	-9.61108569204627e-10
457.842362	0.375183	-0.398739	8.09082811667379e-09	9.8115700457274e-10	-9.8115700457274e-10
458.540268	0.312428	-0.322723	6.51532590936322e-09	9.99487148473851e-10	-9.99487148473851e-10
459.133029	0.358377	-0.280333	6.87456236659594e-09	1.03953122040429e-09	-1.03953122040429e-09
459.847705	0.378469	-0.356299	6.35273333909407e-09	9.6062326400362e-10	-9.6062326400362e-10
460.585103	0.297559	-0.358929	7.45510062729618e-09	1.11134078806114e-09	-1.11134078806114e-09
461.220220	0.370523	-0.337557	6.6775296545811e-09	9.95427323167318e-10	-9.95427323167318e-10
461.989563	0.350193	-0.398821	9.08207648945148e-09	1.11180159879371e-09	-1.11180159879371e-09
462.649443	0.323686	-0.309686	1.05437035191277e-08	1.27861189546616e-09	-1.27861189546616e-09
463.346349	0.352669	-0.373220	8.8878624625748e-09	1.09839279015643e-09	-1.09839279015643e-09
464.076960	0.442223	-0.377942	7.67351992195951e-09	9.4832014747427e-10	-9.4832014747427e-10
464.913379	0.458001	-0.394196	7.02536527861821e-09	8.60024969591316e-10	-8.60024969591316e-10
465.700554	0.393154	-0.329174	7.89496062235341e-09	9.66478321462505e-10	-9.66478321462505e-10
466.454311	0.308351	-0.360603	8.39504657669956e-09	1.03748890136207e-09	-1.03748890136207e-09
467.155871	0.483904	-0.393209	6.29499287593579e-09	7.86874109491974e-10	-7.86874109491974e-10
468.054163	0.450263	-0.414388	7.36667384014114e-09	9.1911969290146e-10	-9.1911969290146e-10
468.836492	0.402705	-0.332065	9.10134344432512e-09	1.11416017731617e-09	-1.11416017731617e-09
469.626952	0.329235	-0.387755	8.76747866335689e-09	1.08351538866661e-09	-1.08351538866661e-09
470.239062	0.318472	-0.282875	1.01611235665031e-08	1.24389538698469e-09	-1.24389538698469e-09
470.953446	0.344188	-0.395912	7.94043322158364e-09	9.81306206725788e-10	-9.81306206725788e-10
471.694459	0.462495	-0.396826	7.16654705369063e-09	8.69071492150734e-10	-8.69071492150734e-10
472.608706	0.468061	-0.451752	7.35523493443624e-09	9.16003711147217e-10	-9.16003711147217e-10
473.425770	0.332399	-0.349004	1.07027851649733e-08	1.32268721247215e-09	-1.32268721247215e-09
474.168551	0.375981	-0.410382	8.39343687775086e-09	1.037289991728e-09	-1.037289991728e-09
474.895077	0.414482	-0.350545	8.12405200478157e-09	9.94522977525389e-10	-9.94522977525389e-10
475.672251	0.306262	-0.362692	6.38651114436975e-09	9.65730965959502e-10	-9.65730965959502e-10
476.439646	0.405305	-0.461133	7.62732905618831e-09	9.3371560133519e-10	-9.3371560133519e-10
477.270999	0.390575	-0.426048	7.89611192487253e-09	9.57544200309173e-10	-9.57544200309173e-10
478.022821	0.350405	-0.361247	8.81236422176007e-09	1.06865616204875e-09	-1.06865616204875e-09
478.687589	0.431088	-0.314363	8.13954251714762e-09	1.00591287443648e-09	-1.00591287443648e-09
479.454392	0.308318	-0.335715	6.20053609665174e-09	9.24321334736821e-10	-9.24321334736821e-10
480.053450	0.401343	-0.290740	5.78722060763049e-09	8.53279152939669e-10	-8.53279152939669e-10
480.869589	0.366237	-0.414797	7.32863093586865e-09	8.97149826536546e-10	-8.97149826536546e-10
481.614093	0.388526	-0.378267	6.23196630627856e-09	8.32781517710056e-10	-8.32781517710056e-10
482.356652	0.293571	-0.354033	6.02200956088624e-09	8.97708181382375e-10	-8.97708181382375e-10
483.073500	0.377326	-0.423277	7.52414079300379e-09	9.29859335615026e-10	-9.29859335615026e-10
483.809101	0.365819	-0.358275	6.72169741370321e-09	9.43710302392104e-10	-9.43710302392104e-10
484.574326	0.335376	-0.399405	6.09655264675674e-09	9.08820377068216e-10	-9.08820377068216e-10
485.330916	0.398967	-0.421214	8.10107264107728e-09	9.91709926386802e-10	-9.91709926386802e-10
486.074222	0.328173	-0.344340	6.34129209071807e-09	9.5889317480813e-10	-9.5889317480813e-10
486.742394	0.304047	-0.339999	6.5386873010119e-09	9.74729984907741e-10	-9.74729984907741e-10
487.404268	0.355606	-0.357826	8.4140248315504e-09	1.03002063316734e-09	-1.03002063316734e-09
488.139673	0.387006	-0.379799	5.95290229156014e-09	8.02689158175324e-10	-8.02689158175324e-10
488.867863	0.317081	-0.341185	8.19599702453238e-09	9.93910652828787e-10	-9.93910652828787e-10
489.586915	0.325691	-0.401970	4.8624129102726e-09	7.45921123761213e-10	-7.45921123761213e-10
490.277102	0.334703	-0.364496	5.31752280149565e-09	7.92689469795577e-10	-7.92689469795577e-10
490.923020	0.320377	-0.311215	6.18469792999946e-09	9.21960352173107e-10	-9.21960352173107e-10
491.585551	0.469111	-0.342154	7.31482303781137e-09	9.03991140240721e-10	-9.03991140240721e-10
492.398380	0.327014	-0.343718	6.11197094105572e-09	8.73138731577122e-10	-8.73138731577122e-10
493.117416	0.422805	-0.392022	6.72407047327825e-09	8.23141322122193e-10	-8.23141322122193e-10
493.903246	0.377091	-0.363025	5.13448771265009e-09	7.76407290393365e-10	-7.76407290393365e-10
494.587129	0.339035	-0.306791	6.26764670311702e-09	9.37106691871639e-10	-9.37106691871639e-10
495.295526	0.361860	-0.369363	5.41755715596935e-09	8.07601729279334e-10	-8.07601729279334e-10
496.024356	0.278856	-0.366970	5.86070182835535e-09	9.12201102573702e-10	-9.12201102573702e-10
496.639809	0.330578	-0.336596	5.65765950470075e-09	8.43394067205444e-10	-8.43394067205444e-10
497.270486	0.333260	-0.300099	5.7205824748134e-09	8.52774086516618e-10	-8.52774086516618e-10
497.972942	0.385149	-0.369196	4.86704131341935e-09	7.59331507063554e-10	-7.59331507063554e-10
498.769911	0.379895	-0.411820	7.73517817457077e-09	9.38028115451554e-10	-9.38028115451554e-10
499.481962	0.370602	-0.332156	8.89362462434397e-09	1.0785104053005e-09	-1.0785104053005e-09
500.192700	0.378633	-0.340137	5.56379192968607e-09	8.29401147035699e-10	-8.29401147035699e-10
500.869144	0.321328	-0.297811	6.1134861004592e-09	9.37842682367528e-10	-9.37842682367528e-10
501.519746	0.293410	-0.329274	6.88040452911629e-09	1.02567017490745e-09	-1.02567017490745e-09
502.209059	0.463404	-0.395902	7.61676598961397e-09	9.77392366445153e-10	-9.77392366445153e-10
503.050401	0.419100	-0.377939	8.74745660530438e-09	1.06078489149252e-09	-1.06078489149252e-09
503.926551	0.382702	-0.457049	7.05346153276514e-09	8.55357880106846e-10	-8.55357880106846e-10
504.653129	0.362439	-0.343876	5.75889082552937e-09	8.58484772388849e-10	-8.58484772388849e-10
505.421582	0.478215	-0.406014	7.71255342669536e-09	9.35284461115404e-10	-9.35284461115404e-10
506.204176	0.314761	-0.304378	7.42113103848054e-09	1.10627692827502e-09	-1.10627692827502e-09
506.861441	0.415406	-0.342505	7.23057561768923e-09	9.74970630588635e-10	-9.74970630588635e-10
507.609137	0.290401	-0.332291	7.02057539075479e-09	1.04656561370102e-09	-1.04656561370102e-09
508.241544	0.312701	-0.342006	6.40416196425118e-09	9.82434024101188e-10	-9.82434024101188e-10
508.980813	0.384716	-0.426568	7.58178316438847e-09	9.55068885515459e-10	-9.55068885515459e-10
509.783979	0.485350	-0.418450	6.54699621515036e-09	7.93939919026315e-10	-7.93939919026315e-10
510.602073	0.359339	-0.332744	7.87364692792506e-09	9.54819928106276e-10	-9.54819928106276e-10
511.251428	0.368263	-0.290016	5.46663453188568e-09	8.26632559109237e-10	-8.26632559109237e-10
512.001742	0.345586	-0.382051	7.95750717860887e-09	9.57971289298562e-10	-9.57971289298562e-10
512.761309	0.454225	-0.413981	6.65665868242794e-09	8.07238431189245e-10	-8.07238431189245e-10
513.662490	0.407028	-0.446957	6.67652038809246e-09	8.17320369203427e-10	-8.17320369203427e-10
514.401367	0.363792	-0.331849	5.52364154119015e-09	8.23415839703358e-10	-8.23415839703358e-10
515.123844	0.352968	-0.358686	8.26727957947833e-09	1.00255489642056e-09	-1.00255489642056e-09
515.916535	0.451623	-0.439723	6.5385060616644e-09	7.92910349331455e-10	-7.92910349331455e-10
516.688629	0.300446	-0.320471	6.09283755707824e-09	9.08266587665678e-10	-9.08266587665678e-10
517.443058	0.407106	-0.453983	6.44421099935339e-09	7.96397900235442e-10	-7.96397900235442e-10
518.251408	0.459849	-0.401244	5.90344404493777e-09	7.57536861146158e-10	-7.57536861146158e-10
519.079078	0.386532	-0.367821	7.43515447885107e-09	9.01644921306462e-10	-9.01644921306462e-10
519.785676	0.336433	-0.320066	5.63647862909942e-09	8.40236628414933e-10	-8.40236628414933e-10
520.481833	0.341255	-0.359724	5.20359471191869e-09	7.86857234934984e-10	-7.86857234934984e-10
521.190860	0.386581	-0.367772	6.25357072488637e-09	8.53129088660373e-10	-8.53129088660373e-10
521.996374	0.338977	-0.418934	5.41191641134376e-09	8.18358394588719e-10	-8.18358394588719e-10
522.678141	0.290554	-0.342790	6.17307670321082e-09	9.20227968263942e-10	-9.20227968263942e-10
523.327532	0.338572	-0.358837	5.27180053070182e-09	7.85873619113898e-10	-7.85873619113898e-10
524.052671	0.321527	-0.386567	4.896070628908e-09	7.40355243054502e-10	-7.40355243054502e-10
524.716999	0.415110	-0.342801	4.48466379382728e-09	6.68534189120537e-10	-6.68534189120537e-10
525.584770	0.353284	-0.452661	6.38714880508246e-09	7.9690703445841e-10	-7.9690703445841e-10
526.362443	0.440253	-0.424390	6.65265213329476e-09	8.0675254811481e-10	-8.0675254811481e-10
527.164338	0.419397	-0.361642	4.85466272166543e-09	7.23690370170037e-10	-7.23690370170037e-10
527.987818	0.524624	-0.404083	5.86256120036452e-09	7.16225863145615e-10	-7.16225863145615e-10
528.855342	0.439919	-0.342900	5.8815960320187e-09	7.79036398412093e-10	-7.79036398412093e-10
529.621578	0.317729	-0.326317	5.61442732740703e-09	8.6128431001654e-10	-8.6128431001654e-10
530.250532	0.359509	-0.311224	5.91777937398306e-09	8.63196838861498e-10	-8.63196838861498e-10
530.916795	0.328393	-0.306755	6.11312798843303e-09	9.37787793643458e-10	-9.37787793643458e-10
531.593595	0.320534	-0.348407	6.10433754372164e-09	9.09980931427722e-10	-9.09980931427722e-10
532.379035	0.469122	-0.464905	4.25521715753e-09	6.43449122547147e-10	-6.43449122547147e-10
533.271397	0.503681	-0.423240	4.26028756495586e-09	6.35086170619562e-10	-6.35086170619562e-10
534.233431	0.368945	-0.458353	4.51062683806475e-09	6.82070662609657e-10	-6.82070662609657e-10
534.944068	0.341495	-0.341693	5.20882005016544e-09	7.99061884692244e-10	-7.99061884692244e-10
535.735061	0.331541	-0.449498	4.84603215525634e-09	7.32788725286435e-10	-7.32788725286435e-10
536.380742	0.322785	-0.314140	6.43691734689778e-09	9.59558990781176e-10	-9.59558990781176e-10
537.082729	0.423157	-0.379202	6.03243609294618e-09	8.20910588576972e-10	-8.20910588576972e-10
537.922567	0.378591	-0.416681	4.51572428836275e-09	7.1321584465387e-10	-7.1321584465387e-10
538.743892	0.473520	-0.442733	5.93770187538103e-09	7.26876301950428e-10	-7.26876301950428e-10
539.564757	0.373205	-0.347345	4.99161228755098e-09	7.65741039268525e-10	-7.65741039268525e-10
540.359232	0.354432	-0.421271	4.80545728634234e-09	7.16355247822051e-10	-7.16355247822051e-10
541.112284	0.494504	-0.398620	6.15220499817414e-09	7.53135165632638e-10	-7.53135165632638e-10
541.995654	0.413526	-0.388866	6.71003640632115e-09	8.21423287372488e-10	-8.21423287372488e-10
542.850140	0.357857	-0.440959	4.35716552170189e-09	6.49527914398437e-10	-6.49527914398437e-10
543.582511	0.443874	-0.374514	5.33687668363844e-09	7.10128203013409e-10	-7.10128203013409e-10
544.291852	0.407045	-0.265467	5.2985037282109e-09	7.89854284214958e-10	-7.89854284214958e-10
545.059849	0.332910	-0.360952	5.46564022399845e-09	8.14769567066213e-10	-8.14769567066213e-10
545.731896	0.367178	-0.339137	5.99184626707846e-09	8.47375022971809e-10	-8.47375022971809e-10
546.462738	0.349755	-0.363664	5.09163141351517e-09	7.69926799953995e-10	-7.69926799953995e-10
547.155890	0.291748	-0.343397	5.56299111438565e-09	8.53393731718714e-10	-8.53393731718714e-10
547.826332	0.325843	-0.378694	5.13358024250797e-09	7.65268962945317e-10	-7.65268962945317e-10
548.552415	0.359450	-0.400239	4.74113120955843e-09	7.06766081373338e-10	-7.06766081373338e-10
549.209289	0.319936	-0.297424	5.62731662327315e-09	8.50929978102779e-10	-8.50929978102779e-10
549.940168	0.386108	-0.410944	4.28963075387511e-09	6.39460410296168e-10	-6.39460410296168e-10
550.674568	0.306429	-0.348292	5.32248710873316e-09	7.84757912010655e-10	-7.84757912010655e-10
551.333363	0.355723	-0.352366	5.0463913539026e-09	7.52271620884856e-10	-7.52271620884856e-10
552.029707	0.296295	-0.340621	5.7953272359791e-09	8.76335555211757e-10	-8.76335555211757e-10
552.706998	0.261271	-0.380996	5.47108259587177e-09	8.27305207625878e-10	-8.27305207625878e-10
553.271065	0.392843	-0.302796	4.84853239646858e-09	7.33166755915399e-10	-7.33166755915399e-10
554.010378	0.311796	-0.346471	5.04563237222099e-09	7.62971066531465e-10	-7.62971066531465e-10
554.643850	0.331261	-0.321676	5.21041014166901e-09	7.79034051796019e-10	-7.79034051796019e-10
555.261735	0.366319	-0.286623	5.19992044575391e-09	7.75158368234594e-10	-7.75158368234594e-10
555.959035	0.336193	-0.330982	5.15116601792253e-09	7.78929293953384e-10	-7.78929293953384e-10
556.719159	0.536791	-0.423931	3.57199514092828e-09	5.55970606936102e-10	-5.55970606936102e-10
557.630536	0.296138	-0.374586	5.16389603641978e-09	7.80854208987954e-10	-7.80854208987954e-10
558.362887	0.399980	-0.436213	4.09525540068696e-09	6.19260623387798e-10	-6.19260623387798e-10
559.178848	0.347266	-0.415981	4.68378111248071e-09	7.08254035317724e-10	-7.08254035317724e-10
559.987142	0.416085	-0.461028	4.30550335366772e-09	6.41826552562982e-10	-6.41826552562982e-10
560.780926	0.399779	-0.377699	5.76505933442885e-09	7.7736045166146e-10	-7.7736045166146e-10
561.564953	0.482174	-0.384248	4.03671766300929e-09	6.01758346782061e-10	-6.01758346782061e-10
562.562099	0.513366	-0.514973	3.3150572095628e-09	5.01283602018095e-10	-5.01283602018095e-10
563.515892	0.434906	-0.440427	3.81593008387524e-09	5.85384870492075e-10	-5.85384870492075e-10
564.457411	0.429199	-0.506612	3.72939024227483e-09	5.55944651932609e-10	-5.55944651932609e-10
565.274465	0.421635	-0.387856	4.44313210772908e-09	6.62343044844451e-10	-6.62343044844451e-10
566.246893	0.397474	-0.550793	3.83312076447299e-09	5.71407929458976e-10	-5.71407929458976e-10
567.121865	0.474339	-0.477498	3.68159413255489e-09	5.6477695122301e-10	-5.6477695122301e-10
568.077199	0.474400	-0.480995	3.74667174199016e-09	5.58520826622335e-10	-5.58520826622335e-10
568.941516	0.414250	-0.389918	4.4768686478046e-09	6.86776485891504e-10	-6.86776485891504e-10
569.788026	0.393257	-0.432261	4.51395861569567e-09	6.72901235634292e-10	-6.72901235634292e-10
570.523575	0.337333	-0.342291	5.4031862211893e-09	8.07856959353342e-10	-8.07856959353342e-10
571.245833	0.413891	-0.384925	4.40809587104223e-09	6.66566523719915e-10	-6.66566523719915e-10
572.048964	0.434498	-0.389240	4.3718094450587e-09	6.51710849060555e-10	-6.51710849060555e-10
572.963194	0.440080	-0.479732	3.92908272824542e-09	5.85713083276386e-10	-5.85713083276386e-10
573.906325	0.445227	-0.503051	3.61189729098873e-09	5.4617002103429e-10	-5.4617002103429e-10
574.664786	0.339703	-0.313234	5.12845619155691e-09	7.64505083392721e-10	-7.64505083392721e-10
575.376971	0.426314	-0.372482	4.10869494733794e-09	6.48929409728169e-10	-6.48929409728169e-10
576.273041	0.514105	-0.469755	3.61903859380037e-09	5.39494399830669e-10	-5.39494399830669e-10
577.191486	0.366025	-0.404340	4.58080752442666e-09	6.82866450427661e-10	-6.82866450427661e-10
577.920826	0.383921	-0.363315	4.51866123236868e-09	6.83285578586407e-10	-6.83285578586407e-10
578.674467	0.411320	-0.369720	4.41929023483463e-09	6.58788879973805e-10	-6.58788879973805e-10
579.632160	0.515771	-0.546373	3.36462943564127e-09	5.16152854230204e-10	-5.16152854230204e-10
580.513297	0.353389	-0.365367	5.09652388404833e-09	7.81835080146385e-10	-7.81835080146385e-10
581.231540	0.369921	-0.364854	4.79287111513896e-09	7.24749993742956e-10	-7.24749993742956e-10
582.004123	0.332120	-0.402662	4.53775032725065e-09	6.8617211723661e-10	-6.8617211723661e-10
582.760144	0.591984	-0.423901	3.30323051245783e-09	4.92416553843247e-10	-4.92416553843247e-10
583.823487	0.393300	-0.471358	3.79246759211312e-09	5.81785599164653e-10	-5.81785599164653e-10
584.647498	0.442844	-0.430711	3.81491943015842e-09	5.85229845996406e-10	-5.85229845996406e-10
585.437215	0.386119	-0.346874	4.81358417192216e-09	7.17566786273396e-10	-7.17566786273396e-10
586.296319	0.498392	-0.472985	3.62676429829597e-09	5.56365762478794e-10	-5.56365762478794e-10
587.201237	0.353164	-0.406526	4.51965509368535e-09	6.93340185219532e-10	-6.93340185219532e-10
588.173259	0.528683	-0.618858	2.98542661885627e-09	4.45041103322824e-10	-4.45041103322824e-10
589.188646	0.491823	-0.486703	3.4225139632997e-09	5.17532589351327e-10	-5.17532589351327e-10
590.222107	0.415516	-0.541639	3.49863431681198e-09	5.21545624650357e-10	-5.21545624650357e-10
591.006987	0.349402	-0.369364	4.66104283150165e-09	6.94827218419923e-10	-6.94827218419923e-10
591.687471	0.428593	-0.331083	4.46679049200978e-09	6.65869812413757e-10	-6.65869812413757e-10
592.559951	0.442121	-0.443887	3.80485874373498e-09	5.83686458054256e-10	-5.83686458054256e-10
593.430016	0.495426	-0.427944	3.72395899207016e-09	5.63115357240069e-10	-5.63115357240069e-10
594.392902	0.486156	-0.467459	3.67228649882823e-09	5.47432129086346e-10	-5.47432129086346e-10
595.314617	0.478903	-0.435560	3.76166769552191e-09	5.68817428431766e-10	-5.68817428431766e-10
596.266363	0.443393	-0.472843	3.82048218825032e-09	5.6329938347426e-10	-5.6329938347426e-10
597.238552	0.405254	-0.528795	3.61277403032524e-09	5.4781824343864e-10	-5.4781824343864e-10
598.084174	0.424291	-0.440368	3.83263946231641e-09	5.79549388013523e-10	-5.79549388013523e-10
598.958182	0.633775	-0.449717	3.03645756137655e-09	4.59155411168599e-10	-4.59155411168599e-10
600.091346	0.598333	-0.499388	2.99458889314496e-09	4.52824236898703e-10	-4.52824236898703e-10
601.199762	0.379467	-0.510084	3.73803484198863e-09	5.57233311436602e-10	-5.57233311436602e-10
602.115472	0.547250	-0.536243	3.08386419354037e-09	4.59715333726863e-10	-4.59715333726863e-10
603.300757	0.603800	-0.638035	2.7500116769703e-09	4.09947550561592e-10	-4.09947550561592e-10
604.478789	0.466557	-0.574233	3.3124148757932e-09	5.00884057212232e-10	-5.00884057212232e-10
605.601288	0.584098	-0.655942	2.76679492321352e-09	4.18378602247397e-10	-4.18378602247397e-10
606.543081	0.419771	-0.357696	4.34463772335914e-09	6.66491537417158e-10	-6.66491537417158e-10
607.690120	0.749392	-0.727268	2.310106817645e-09	3.49320863109244e-10	-3.49320863109244e-10
608.916884	0.552746	-0.477372	3.31204340055516e-09	5.00827884968426e-10	-5.00827884968426e-10
610.114257	0.616767	-0.644627	2.73316119950595e-09	4.07435618026397e-10	-4.07435618026397e-10
611.253672	0.537707	-0.522649	3.24272168211119e-09	4.83396419117477e-10	-4.83396419117477e-10
612.397060	0.548991	-0.605681	2.9199581277567e-09	4.47937786492115e-10	-4.47937786492115e-10
613.604792	0.590211	-0.658740	2.7556957135464e-09	4.22739025607748e-10	-4.22739025607748e-10
614.801161	0.657027	-0.606158	2.80649030021449e-09	4.24381091367022e-10	-4.24381091367022e-10
615.981036	0.542833	-0.522848	3.254104531585e-09	4.85093242784141e-10	-4.85093242784141e-10
617.207418	0.556507	-0.683548	2.67040156100166e-09	4.03802558962312e-10	-4.03802558962312e-10
618.343164	0.626994	-0.579239	2.73297410935163e-09	4.13264388028178e-10	-4.13264388028178e-10
619.370122	0.381075	-0.399965	4.25985259975837e-09	6.35021309859533e-10	-6.35021309859533e-10
620.566277	0.666930	-0.815079	2.21727861290994e-09	3.35283917481427e-10	-3.35283917481427e-10
621.907309	0.562383	-0.674103	2.70910444314161e-09	4.09654942046971e-10	-4.09654942046971e-10
622.903337	0.471934	-0.433645	3.75177691734873e-09	5.67321790468098e-10	-5.67321790468098e-10
623.949609	0.477130	-0.574338	3.23704078611916e-09	4.89486444548223e-10	-4.89486444548223e-10
625.040678	0.563836	-0.613939	2.90029748139263e-09	4.32350799488115e-10	-4.32350799488115e-10
626.162246	0.639616	-0.557731	2.83344932074814e-09	4.22385695285335e-10	-4.22385695285335e-10
627.405299	0.624165	-0.603437	2.83580528018741e-09	4.18116669673642e-10	-4.18116669673642e-10
628.689564	0.617318	-0.660100	2.64648478576958e-09	4.00185973553967e-10	-4.00185973553967e-10
629.971453	0.762254	-0.664571	2.34507776644304e-09	3.54608951593299e-10	-3.54608951593299e-10
631.434101	0.843894	-0.700394	2.21284339998778e-09	3.26265959988088e-10	-3.26265959988088e-10
632.847728	0.640078	-0.569733	2.74656267838769e-09	4.09433375824278e-10	-4.09433375824278e-10
634.530445	0.802309	-1.042639	1.76114065143421e-09	2.70168760763475e-10	-2.70168760763475e-10
636.132688	0.495268	-0.799934	2.50982510747745e-09	3.85021114159825e-10	-3.85021114159825e-10
637.276640	0.731923	-0.648684	2.38110506263841e-09	3.60056811074429e-10	-3.60056811074429e-10
638.529920	0.469619	-0.521357	3.35395558635e-09	4.99978202751007e-10	-4.99978202751007e-10
639.796273	0.598088	-0.796734	2.4366966129113e-09	3.64322517342334e-10	-3.64322517342334e-10
641.074239	0.581508	-0.679878	2.66353846100236e-09	4.1457198560776e-10	-4.1457198560776e-10
642.186791	0.550669	-0.531044	3.27359364859421e-09	4.95013742481981e-10	-4.95013742481981e-10
643.419435	0.647036	-0.681976	2.60400355492768e-09	3.93762226701133e-10	-3.93762226701133e-10
644.941064	1.064643	-0.874592	1.7064694013256e-09	2.61781882557349e-10	-2.61781882557349e-10
646.746162	0.851870	-0.740454	2.09158803344912e-09	3.11795509806519e-10	-3.11795509806519e-10
648.295071	0.824120	-0.697039	2.15111551469043e-09	3.29993058664664e-10	-3.29993058664664e-10
650.139201	0.826711	-1.020010	1.82257254637006e-09	2.71693076674546e-10	-2.71693076674546e-10
651.658936	0.885050	-0.693025	2.08689475308475e-09	3.20141217779585e-10	-3.20141217779585e-10
653.274621	0.849227	-0.730634	2.13565144653421e-09	3.18364118712415e-10	-3.18364118712415e-10
655.070492	0.871616	-0.946644	1.85276836472105e-09	2.76194415331307e-10	-2.76194415331307e-10
656.518115	0.655153	-0.576007	2.66565290209372e-09	4.08925928816876e-10	-4.08925928816876e-10
658.269006	1.073022	-1.095739	1.50712357599196e-09	2.31201134441103e-10	-2.31201134441103e-10
660.217133	0.839962	-0.875105	1.94457464362964e-09	2.8988005608705e-10	-2.8988005608705e-10
662.284944	0.988951	-1.227849	1.50087052328644e-09	2.2373656073192e-10	-2.2373656073192e-10
664.237615	1.244145	-0.963720	1.45247101853009e-09	2.26072856499876e-10	-2.26072856499876e-10
666.316282	0.741790	-0.834522	2.10103650741261e-09	3.1770646913635e-10	-3.1770646913635e-10
668.163717	0.984831	-1.105645	1.59837327121894e-09	2.41696672021153e-10	-2.41696672021153e-10
670.010896	0.822478	-0.862348	1.98900939913232e-09	3.00766384899957e-10	-3.00766384899957e-10
671.780038	1.051302	-0.946664	1.68606377583142e-09	2.51343540972261e-10	-2.51343540972261e-10
673.854398	0.761394	-1.023059	1.85284274456686e-09	2.80176083354514e-10	-2.80176083354514e-10
675.991927	1.210704	-1.376135	1.28179046974162e-09	1.93824871092061e-10	-1.93824871092061e-10
678.183720	1.177001	-0.981089	1.50609175049544e-09	2.34418753894463e-10	-2.34418753894463e-10
680.715579	1.208852	-1.354857	1.3174737604056e-09	1.96397372027231e-10	-1.96397372027231e-10
683.217840	1.359247	-1.293410	1.24933263857483e-09	1.91654562560187e-10	-1.91654562560187e-10
685.714408	1.125728	-1.137321	1.48739474093899e-09	2.24915164068275e-10	-2.24915164068275e-10
688.758032	1.615443	-1.917896	1.32077833055913e-09	2.02614720770247e-10	-2.02614720770247e-10
692.303791	1.535435	-1.930316	9.81176213056597e-10	1.48367747670451e-10	-1.48367747670451e-10
694.900964	1.055422	-1.061738	1.58695181965892e-09	2.39969606115864e-10	-2.39969606115864e-10
697.211212	1.260837	-1.254826	1.33667712120362e-09	1.99260035434303e-10	-1.99260035434303e-10
699.702178	1.354933	-1.230129	1.24911672507845e-09	1.94421330698731e-10	-1.94421330698731e-10
702.748744	2.078350	-1.691633	8.74563547743385e-10	1.322463789466e-10	-1.322463789466e-10
706.820602	1.504248	-1.993509	9.50411016802189e-10	1.41678902003825e-10	-1.41678902003825e-10
709.955210	1.776640	-1.630360	9.67000080206615e-10	1.46224099316826e-10	-1.46224099316826e-10
713.246262	1.801893	-1.514412	1.00745727548119e-09	1.50182886590659e-10	-1.50182886590659e-10
716.994837	1.796578	-1.946683	8.95929970098675e-10	1.3355736401232e-10	-1.3355736401232e-10
720.550080	1.575407	-1.758664	1.00079855819074e-09	1.51334933786957e-10	-1.51334933786957e-10
723.786371	1.728363	-1.660883	9.90050133069822e-10	1.49709589849406e-10	-1.49709589849406e-10
727.377912	2.191450	-1.863178	8.42434318574002e-10	1.2558269412451e-10	-1.2558269412451e-10
731.515323	1.501959	-1.945961	9.91641413349784e-10	1.47825178566932e-10	-1.47825178566932e-10
734.902867	1.480515	-1.885585	1.00508392290497e-09	1.4982904537983e-10	-1.4982904537983e-10
738.511020	2.003506	-2.127638	7.91580588528186e-10	1.21432849191749e-10	-1.21432849191749e-10
743.002676	2.696208	-2.488150	6.50524821577045e-10	9.69745179452805e-11	-9.69745179452805e-11
747.921094	2.177564	-2.222211	5.09221376555453e-10	9.49866708357517e-11	-9.49866708357517e-11
752.338888	2.702169	-2.240231	5.53099273944441e-10	9.21831941742561e-11	-9.21831941742561e-11
757.541193	2.746503	-2.500136	6.02188690694651e-10	9.65235160713892e-11	-9.65235160713892e-11
762.134663	2.387352	-1.846966	5.15775454986795e-10	9.62092400697722e-11	-9.62092400697722e-11
766.856723	2.403083	-2.334709	4.64821061160177e-10	8.67045516128919e-11	-8.67045516128919e-11
772.058859	2.454708	-2.799052	6.49511806148488e-10	9.68234795433413e-11	-9.68234795433413e-11
777.290140	1.512899	-2.776572	5.34594203678641e-10	1.01908575943461e-10	-1.01908575943461e-10
781.147446	2.137188	-2.344408	5.23215395997786e-10	9.75970127460727e-11	-9.75970127460727e-11
785.709418	2.636832	-2.424783	4.53056739341606e-10	8.27164503463243e-11	-8.27164503463243e-11
790.790038	3.580317	-2.443788	5.3487571155499e-10	8.18213870511718e-11	-8.18213870511718e-11
797.013410	2.123223	-2.643056	4.65556854092262e-10	8.49986359425498e-11	-8.49986359425498e-11
801.106930	2.262241	-1.970298	7.76845851683717e-10	1.17470082353068e-10	-1.17470082353068e-10
805.750525	2.041548	-2.381353	5.01394391521979e-10	9.15416697867855e-11	-9.15416697867855e-11
810.521822	1.522359	-2.729750	5.12803674635748e-10	9.56549113019368e-11	-9.56549113019368e-11
814.930647	2.103990	-2.886466	4.44594365816008e-10	8.11714518534529e-11	-8.11714518534529e-11
820.215691	4.293023	-3.181054	2.86819401039698e-10	5.4675774342297e-11	-5.4675774342297e-11
828.280914	3.417236	-3.772201	3.0878095685945e-10	5.63754383548247e-11	-5.63754383548247e-11
834.265535	2.753984	-2.567384	4.0576215644713e-10	7.73496194276159e-11	-7.73496194276159e-11
839.246315	2.843714	-2.226797	4.37423476404512e-10	8.15939667046299e-11	-8.15939667046299e-11
845.103164	3.012749	-3.013136	3.72134764378423e-10	6.94154903700495e-11	-6.94154903700495e-11
852.835129	4.368538	-4.719215	2.59867337007118e-10	4.74450696296765e-11	-4.74450696296765e-11
861.141248	3.451139	-3.937582	3.24214828437664e-10	6.18044134533082e-11	-6.18044134533082e-11
868.866085	4.531173	-4.273698	2.77758772380081e-10	5.18112039424341e-11	-5.18112039424341e-11
879.330021	7.070896	-5.932764	2.0002269699744e-10	3.73108904347459e-11	-3.73108904347459e-11
NO	NO	NO	NO	NO	NO
!Time	Poserr	Negerr	Flux	PosErr	NegErr
!XRT pc mode data
902.602040	20.573732	-14.528697	1.50204297300059e-10	3.21725511069011e-11	-3.21725511069011e-11
941.813016	23.986627	-18.637244	1.24182080866983e-10	2.62421592851068e-11	-2.62421592851068e-11
4633.134394	219.375838	-497.716082	2.59029312326878e-12	6.90121802535872e-13	-6.90121802535872e-13
5601.201859	1139.301153	-748.691627	1.34963490325659e-12	3.09773242940025e-13	-3.09773242940025e-13
11355.976506	1173.859665	-1438.746935	9.42336146336165e-13	1.93913583966089e-13	-1.93913583966089e-13
17099.796218	998.975874	-1325.302606	8.39556144769798e-13	2.17018743319078e-13	-2.17018743319078e-13
22038.937362	357.388870	-452.473190	1.14548986699635e-12	3.04793003222983e-13	-3.04793003222983e-13
22663.626404	321.917848	-267.300172	1.57164297281712e-12	4.19005887298152e-13	-4.19005887298152e-13
23456.875062	586.743110	-471.330810	1.16070910411635e-12	2.6962542639572e-13	-2.6962542639572e-13
27999.108778	490.839994	-637.449566	8.30661429017751e-13	2.1965141143154e-13	-2.1965141143154e-13
29132.409249	724.013463	-642.460477	8.45270691966876e-13	2.04226832387372e-13	-2.04226832387372e-13
33392.372750	293.994421	-250.092539	1.74534076549122e-12	4.62879892729225e-13	-4.62879892729225e-13
34067.047938	474.311313	-380.680767	1.11409785685649e-12	2.94947495082906e-13	-2.94947495082906e-13
35107.454825	539.626247	-566.095573	1.14080592124738e-12	2.63924968753437e-13	-2.63924968753437e-13
39406.947150	314.383841	-482.941019	1.14163088312336e-12	3.00154414255092e-13	-3.00154414255092e-13
40373.928564	1049.855668	-652.597572	7.3929431297555e-13	1.66593185201387e-13	-1.66593185201387e-13
78352.453111	8543.266481	-9524.692299	4.51309294818329e-13	9.05406170209966e-14	-9.05406170209966e-14
117201.829891	10294.499740	-13362.123680	4.20091803828196e-13	8.82879787745432e-14	-8.82879787745432e-14
201664.947757	13091.847355	-11595.019585	2.8782050552253e-13	6.8857673013325e-14	-6.8857673013325e-14
243296.107537	33424.622315	-23870.323974	1.89811732509875e-13	4.30766228390403e-14	-4.30766228390403e-14
373374.530039	14660.741913	-15435.633467	2.28743887930486e-13	6.13314745123266e-14	-6.13314745123266e-14
420579.645676	23885.170776	-28321.348584	1.95878930870504e-13	3.66968541393208e-14	-3.66968541393208e-14
551516.452138	9260.727814	-26045.615246	1.49002108128949e-13	3.8739391713774e-14	-3.8739391713774e-14
640092.645312	48543.122100	-63419.093560	1.13879537526862e-13	3.04169362484241e-14	-3.04169362484241e-14
772575.590676	53288.917956	-79477.279152	1.23260268599921e-13	2.92627540138077e-14	-2.92627540138077e-14
915426.866834	14205.818658	-25335.738722	1.72132211203577e-13	4.59613374589432e-14	-4.59613374589432e-14
973098.439284	71734.641708	-42714.126440	8.99492656918099e-14	3.04286970988571e-14	-3.04286970988571e-14
1045009.172876	207.072555	-176.091884	1.48368544619888e-12	1.30085863015721e-12	-1.30085863015721e-12
1118760.388177	43275.686155	-68194.866993	1.41512539018325e-13	3.80040421925057e-14	-3.80040421925057e-14
1183794.390803	63749.689869	-17659.880531	1.1795894502967e-13	6.37856788557633e-14	-6.37856788557633e-14
