READ TERR 1 2
NO	NO	NO	NO	NO	NO
!Time	Poserr	Negerr	Flux	PosErr	NegErr
!XRT wtslew mode data
77.3770139892782	0.290297040259034	-0.604653979234072	9.87488702228638e-09	2.30966582945412e-09	-2.30966582945412e-09
77.9646870066398	0.20078098767631	-0.29737597710259	7.09673132412145e-09	1.7702358120566e-09	-1.7702358120566e-09
78.4101679346401	0.308555081248088	-0.244699940324011	7.66384071964379e-09	1.85945568357923e-09	-1.85945568357923e-09
79.0266453015647	0.24537672412346	-0.30792228567654	6.85075576464997e-09	1.70887872745245e-09	-1.70887872745245e-09
79.6319701858563	0.367624817374704	-0.359948160168102	6.05951189048878e-09	1.51150782835279e-09	-1.51150782835279e-09
80.3898558169938	0.365975202987627	-0.390260813762765	7.36975947993499e-09	1.83834099978974e-09	-1.83834099978974e-09
81.1938452803831	0.558297761807538	-0.438014260401658	8.47829073338891e-09	1.98301189217575e-09	-1.98301189217575e-09
82.1932167525665	0.345271294659511	-0.441073710375889	1.10201130144824e-08	2.57752604245788e-09	-2.57752604245788e-09
83.0359720749638	0.454351962214233	-0.497484027737769	8.28711478075721e-09	1.9382971967863e-09	-1.9382971967863e-09
83.8653447968155	0.299233240549526	-0.375020759637479	1.04966631455303e-08	2.45509484167329e-09	-2.45509484167329e-09
84.5629199474883	0.375554068804334	-0.398341910123264	8.30646704933503e-09	1.94282355474419e-09	-1.94282355474419e-09
85.3182658363872	0.353210186912975	-0.379791820094624	8.43242044495558e-09	1.97228315800971e-09	-1.97228315800971e-09
86.2154194875649	0.545762522608911	-0.543943464264686	8.60756865414223e-09	1.90713322682161e-09	-1.90713322682161e-09
NO	NO	NO	NO	NO	NO
!Time	Poserr	Negerr	Flux	PosErr	NegErr
!XRT wt mode data
93.920021	0.306280	-0.259474	8.23389490093034e-09	9.98506438752291e-10	-9.98506438752291e-10
94.548942	0.252009	-0.322642	8.37550793635895e-09	1.02530549071756e-09	-1.02530549071756e-09
95.108927	0.318279	-0.307975	8.38936145468533e-09	1.03678636118073e-09	-1.03678636118073e-09
95.750775	0.324036	-0.323569	8.70568199162468e-09	1.05571898967698e-09	-1.05571898967698e-09
96.368866	0.282383	-0.294055	9.69336884467877e-09	1.17549359800751e-09	-1.17549359800751e-09
96.923386	0.234906	-0.272137	7.41379615147317e-09	1.10847312684979e-09	-1.10847312684979e-09
97.482043	0.266898	-0.323752	6.38261569029102e-09	9.93435454729061e-10	-9.93435454729061e-10
98.019132	0.261764	-0.270190	8.02012890550254e-09	1.18911593386557e-09	-1.18911593386557e-09
98.603727	0.292749	-0.322831	9.6188818868659e-09	1.20012151490617e-09	-1.20012151490617e-09
99.254514	0.312695	-0.358037	7.80626686330502e-09	9.4664893520105e-10	-9.4664893520105e-10
99.889394	0.288071	-0.322185	7.62686032007534e-09	9.26740874595821e-10	-9.26740874595821e-10
100.512746	0.289183	-0.335281	6.87449653476089e-09	8.41556021195283e-10	-8.41556021195283e-10
101.065976	0.344410	-0.264048	7.10904254613998e-09	8.62098012747078e-10	-8.62098012747078e-10
101.722791	0.333421	-0.312405	7.50118781262411e-09	9.09652631597804e-10	-9.09652631597804e-10
102.416346	0.328390	-0.360134	8.04129864038636e-09	9.68058568628403e-10	-9.68058568628403e-10
102.990714	0.271751	-0.245978	1.10146615135254e-08	1.31906146449862e-09	-1.31906146449862e-09
103.542888	0.278214	-0.280423	9.8372874198128e-09	1.2042523385203e-09	-1.2042523385203e-09
104.070907	0.255459	-0.249806	1.21771771872727e-08	1.4086535256009e-09	-1.4086535256009e-09
104.614820	0.255950	-0.288454	9.37974146940917e-09	1.1374607435716e-09	-1.1374607435716e-09
105.211389	0.301638	-0.340619	7.27027956921819e-09	8.81650919591237e-10	-8.81650919591237e-10
105.794663	0.301920	-0.281635	7.79640649253452e-09	9.45453145718144e-10	-9.45453145718144e-10
106.368169	0.247919	-0.271586	6.03269209044386e-09	9.01977456321832e-10	-9.01977456321832e-10
106.957719	0.297065	-0.341631	7.55684558059228e-09	9.16402138454683e-10	-9.16402138454683e-10
107.554617	0.347767	-0.299833	7.35425721991651e-09	9.0028692437481e-10	-9.0028692437481e-10
108.172917	0.243636	-0.270533	6.04731300657031e-09	9.14439360680365e-10	-9.14439360680365e-10
108.755488	0.333578	-0.338935	7.05629257410644e-09	8.55701148226285e-10	-8.55701148226285e-10
109.453183	0.345755	-0.364117	6.71632546601513e-09	8.22193188558827e-10	-8.22193188558827e-10
110.171747	0.338830	-0.372810	6.85609559829771e-09	8.31423750709202e-10	-8.31423750709202e-10
110.832307	0.356116	-0.321730	7.39806062346304e-09	8.97146626694616e-10	-8.97146626694616e-10
111.455353	0.345088	-0.266930	8.21791731929091e-09	1.0253270064638e-09	-1.0253270064638e-09
112.100883	0.267101	-0.300443	9.36158484385329e-09	1.13525891454769e-09	-1.13525891454769e-09
112.721147	0.299776	-0.353164	8.35392502195284e-09	1.02266338979757e-09	-1.02266338979757e-09
113.304607	0.269615	-0.283684	1.00999675383054e-08	1.24818895911566e-09	-1.24818895911566e-09
113.835070	0.276444	-0.260848	1.01890227075594e-08	1.24731076478862e-09	-1.24731076478862e-09
114.395664	0.260264	-0.284150	9.70081866674728e-09	1.18754623495275e-09	-1.18754623495275e-09
114.918238	0.289222	-0.262310	8.94694798671681e-09	1.09525953069785e-09	-1.09525953069785e-09
115.489326	0.228745	-0.281866	8.55444003849371e-09	1.0472098369826e-09	-1.0472098369826e-09
115.984676	0.244004	-0.266605	8.74041855451301e-09	1.03006819544699e-09	-1.03006819544699e-09
116.556814	0.312342	-0.328134	6.84942365240244e-09	8.3848666648888e-10	-8.3848666648888e-10
117.137297	0.276269	-0.268141	8.42263119266394e-09	1.02139408163683e-09	-1.02139408163683e-09
117.730416	0.373454	-0.316850	6.56380659045025e-09	8.26835498450147e-10	-8.26835498450147e-10
118.389096	0.257409	-0.285226	5.74836453426865e-09	8.69234130543426e-10	-8.69234130543426e-10
118.898898	0.284888	-0.252393	9.27722728941905e-09	1.14651189380671e-09	-1.14651189380671e-09
119.458054	0.241670	-0.274269	1.1967808249558e-08	1.36627305958763e-09	-1.36627305958763e-09
119.996142	0.263997	-0.296418	9.64454844923198e-09	1.18065774574606e-09	-1.18065774574606e-09
120.524225	0.307015	-0.264086	1.26388293757059e-08	1.53268315853357e-09	-1.53268315853357e-09
121.336672	0.530024	-0.505431	1.43378474435172e-08	1.73871938630678e-09	-1.73871938630678e-09
122.517189	0.618017	-0.650493	1.18474951044861e-08	1.4609990147226e-09	-1.4609990147226e-09
123.786809	0.716543	-0.651603	1.13701358976722e-08	1.39040416960767e-09	-1.39040416960767e-09
125.195154	0.916533	-0.691802	9.15221072456765e-09	1.13819259822186e-09	-1.13819259822186e-09
126.869639	0.677785	-0.757951	9.30019893754541e-09	1.15659680841662e-09	-1.15659680841662e-09
128.259773	0.627339	-0.712349	9.60023314837406e-09	1.19390985978341e-09	-1.19390985978341e-09
129.525706	0.599663	-0.638594	1.09148704340701e-08	1.32362248108304e-09	-1.32362248108304e-09
130.922472	0.754285	-0.797103	8.75332055067812e-09	1.09786173968997e-09	-1.09786173968997e-09
132.211578	0.493522	-0.534821	1.4006362521699e-08	1.71277679467363e-09	-1.71277679467363e-09
133.554810	0.746145	-0.849710	9.38917848796979e-09	1.14816154488527e-09	-1.14816154488527e-09
135.107891	0.662618	-0.806937	9.60428771663983e-09	1.19441409759982e-09	-1.19441409759982e-09
136.517789	0.663561	-0.747280	8.72721611342033e-09	1.08533918845392e-09	-1.08533918845392e-09
137.928284	0.685267	-0.746933	8.24898116466086e-09	1.01724063046701e-09	-1.01724063046701e-09
139.222541	0.513625	-0.608990	1.26536713248723e-08	1.58705282424295e-09	-1.58705282424295e-09
140.287439	0.701230	-0.551273	1.36088468262041e-08	1.66416629906894e-09	-1.66416629906894e-09
141.646159	0.546961	-0.657490	1.23819557006821e-08	1.56627550161213e-09	-1.56627550161213e-09
142.708036	0.497400	-0.514916	1.35469091185907e-08	1.6990847770614e-09	-1.6990847770614e-09
143.791917	0.550385	-0.586481	1.16565173723222e-08	1.449634641254e-09	-1.449634641254e-09
144.655951	0.250337	-0.313649	2.88000885954544e-08	3.49579857444985e-09	-3.49579857444985e-09
145.212300	0.293544	-0.306012	2.98648274566716e-08	3.652039037078e-09	-3.652039037078e-09
145.810843	0.266095	-0.304998	3.35267771567523e-08	4.06571895372379e-09	-4.06571895372379e-09
146.426228	0.255615	-0.349290	2.97386436071693e-08	3.69837464995968e-09	-3.69837464995968e-09
147.004107	0.298654	-0.322264	2.74685068263292e-08	3.47467311439083e-09	-3.47467311439083e-09
147.790362	0.435765	-0.487601	1.76663281307109e-08	2.19703030065802e-09	-2.19703030065802e-09
148.647696	0.396797	-0.421569	1.81106457564353e-08	2.2909354267762e-09	-2.2909354267762e-09
149.494440	0.455630	-0.449948	1.54173606231769e-08	1.90122453575522e-09	-1.90122453575522e-09
150.459261	0.512032	-0.509191	1.30601045459527e-08	1.59706306332502e-09	-1.59706306332502e-09
151.390673	0.393676	-0.419380	1.5744891500754e-08	1.97476082097198e-09	-1.97476082097198e-09
152.193866	0.462247	-0.409517	1.46260709585044e-08	1.8036449708142e-09	-1.8036449708142e-09
153.013301	0.375815	-0.357188	1.71611605542467e-08	2.09856324118788e-09	-2.09856324118788e-09
153.683029	0.334120	-0.293913	1.98333092453822e-08	2.40514201457863e-09	-2.40514201457863e-09
154.393237	0.442308	-0.376088	1.53839752857834e-08	1.89710753410084e-09	-1.89710753410084e-09
155.410280	0.464259	-0.574735	1.2567755290557e-08	1.54981938249122e-09	-1.54981938249122e-09
156.450495	0.584018	-0.575955	1.14767041531643e-08	1.43943485813153e-09	-1.43943485813153e-09
157.543569	0.634914	-0.509056	1.22842046279707e-08	1.50218162726311e-09	-1.50218162726311e-09
158.712444	0.560206	-0.533961	1.26965773778755e-08	1.56570535486778e-09	-1.56570535486778e-09
159.922881	0.573812	-0.650232	1.07683529604764e-08	1.36216021891583e-09	-1.36216021891583e-09
161.040901	0.512585	-0.544208	1.22222330970739e-08	1.50721057229985e-09	-1.50721057229985e-09
162.192008	0.638888	-0.638522	9.31655198429698e-09	1.16850358080518e-09	-1.16850358080518e-09
163.487440	0.643983	-0.656544	8.67302482658916e-09	1.06058625719596e-09	-1.06058625719596e-09
164.638394	0.530244	-0.506971	1.02891133188715e-08	1.24773825074367e-09	-1.24773825074367e-09
165.667161	0.600982	-0.498523	9.206352406517e-09	1.11643420604483e-09	-1.11643420604483e-09
166.789889	0.559965	-0.521747	9.13721682831828e-09	1.13632793644348e-09	-1.13632793644348e-09
167.951781	0.575840	-0.601926	8.30527767486371e-09	1.0416671979479e-09	-1.0416671979479e-09
169.185131	0.646595	-0.657509	7.8838969153656e-09	9.80461821581479e-10	-9.80461821581479e-10
170.354047	0.587843	-0.522321	9.9276647917509e-09	1.23463006999643e-09	-1.23463006999643e-09
171.429198	0.484074	-0.487309	1.17112933955457e-08	1.43212280825891e-09	-1.43212280825891e-09
172.341035	0.500941	-0.427763	1.18053384013837e-08	1.45580035644998e-09	-1.45580035644998e-09
173.188344	0.336806	-0.346368	1.61161778693514e-08	1.97077688529734e-09	-1.97077688529734e-09
173.992470	0.367075	-0.467320	1.38148431360319e-08	1.70360666101057e-09	-1.70360666101057e-09
174.706018	0.340273	-0.346473	1.76764740205475e-08	2.16157864519963e-09	-2.16157864519963e-09
175.482540	0.364376	-0.436249	1.57205777835032e-08	1.93861637251844e-09	-1.93861637251844e-09
176.282948	0.377031	-0.436032	1.57820030138088e-08	1.97941542885138e-09	-1.97941542885138e-09
176.947432	0.304993	-0.287453	2.17213123873183e-08	2.65620425318196e-09	-2.65620425318196e-09
177.801110	0.454728	-0.548685	1.23663601049518e-08	1.53791256159366e-09	-1.53791256159366e-09
178.725831	0.446245	-0.469994	1.34143394117445e-08	1.64038087641696e-09	-1.64038087641696e-09
179.569021	0.366303	-0.396945	1.56645236536978e-08	1.93170393717956e-09	-1.93170393717956e-09
180.302147	0.399972	-0.366824	1.44490467161336e-08	1.81223294304769e-09	-1.81223294304769e-09
181.165470	0.472450	-0.463350	1.06984798050925e-08	1.36497397729232e-09	-1.36497397729232e-09
182.101985	0.493109	-0.464065	9.98299454753756e-09	1.25209034122048e-09	-1.25209034122048e-09
183.222155	0.504475	-0.627062	8.48127990340499e-09	1.03713859796279e-09	-1.03713859796279e-09
184.250950	0.552043	-0.524320	8.7183636807267e-09	1.07512350761336e-09	-1.07512350761336e-09
185.351784	0.650335	-0.548791	7.63777045926365e-09	9.49852903960388e-10	-9.49852903960388e-10
186.567778	0.535589	-0.565659	8.39271137557337e-09	1.03496501112852e-09	-1.03496501112852e-09
187.618306	0.515170	-0.514939	9.25753985058127e-09	1.18113051526022e-09	-1.18113051526022e-09
188.692777	0.636264	-0.559301	8.59057688825046e-09	1.07745009354017e-09	-1.07745009354017e-09
189.987461	0.649250	-0.658421	7.82018468019184e-09	9.80825712101978e-10	-9.80825712101978e-10
191.097535	0.531917	-0.460824	9.77638511295262e-09	1.23667962167861e-09	-1.23667962167861e-09
192.406400	0.619684	-0.776948	6.7462673330754e-09	8.31930279898994e-10	-8.31930279898994e-10
193.837816	0.775203	-0.811732	5.67276021496407e-09	7.05479156081962e-10	-7.05479156081962e-10
195.212726	0.679490	-0.599707	6.82954336116462e-09	8.4219962848525e-10	-8.4219962848525e-10
196.778409	0.855558	-0.886194	5.02524380662383e-09	6.19698604696644e-10	-6.19698604696644e-10
198.544765	0.852323	-0.910798	5.12032547860089e-09	6.20930680188076e-10	-6.20930680188076e-10
200.473534	0.893015	-1.076446	4.50096049335493e-09	5.69356284760511e-10	-5.69356284760511e-10
202.156207	0.774194	-0.789657	5.72551340302551e-09	7.18107156869433e-10	-7.18107156869433e-10
203.772863	0.813900	-0.842463	3.64992020502661e-09	5.51022342012404e-10	-5.51022342012404e-10
205.412035	1.049912	-0.825272	4.90335363040426e-09	5.99609657155319e-10	-5.99609657155319e-10
207.233200	0.888675	-0.771253	5.92128086460998e-09	7.24087538577585e-10	-7.24087538577585e-10
208.900011	0.726982	-0.778137	6.96979029637865e-09	8.6678116646873e-10	-8.6678116646873e-10
210.573763	0.828797	-0.946771	6.18019228947186e-09	7.62123532804466e-10	-7.62123532804466e-10
212.073488	0.784390	-0.670927	7.44155062371766e-09	9.25450514917327e-10	-9.25450514917327e-10
213.597477	0.792228	-0.739599	6.72279356716312e-09	8.65157343285472e-10	-8.65157343285472e-10
215.021363	0.665319	-0.631657	7.94678984682981e-09	9.71778137179009e-10	-9.71778137179009e-10
216.693160	0.886492	-1.006479	5.06431877453766e-09	6.461350921386e-10	-6.461350921386e-10
218.252078	0.580078	-0.672426	7.80180299852578e-09	9.54048351369595e-10	-9.54048351369595e-10
219.713124	0.723795	-0.880968	5.91999235326757e-09	7.36225576961661e-10	-7.36225576961661e-10
221.109957	0.609698	-0.673038	6.63808055320011e-09	8.1174183976536e-10	-8.1174183976536e-10
222.027702	0.305753	-0.308047	4.99470746085194e-09	6.11437658607826e-10	-6.11437658607826e-10
222.618166	0.265041	-0.284711	5.52364290757935e-09	6.82630924180358e-10	-6.82630924180358e-10
223.156977	0.274193	-0.273770	5.63422497959675e-09	6.91042542427499e-10	-6.91042542427499e-10
223.692957	0.271943	-0.261788	5.75245280313194e-09	7.04198659085706e-10	-7.04198659085706e-10
224.202848	0.310014	-0.237948	5.67225308525862e-09	6.89236248985523e-10	-6.89236248985523e-10
224.765009	0.254898	-0.252147	6.38518079559914e-09	7.52500764940306e-10	-7.52500764940306e-10
225.347120	0.288367	-0.327212	4.93039160847067e-09	5.97897814417793e-10	-5.97897814417793e-10
225.929671	0.332071	-0.294184	4.96141278609286e-09	6.01659685151293e-10	-6.01659685151293e-10
226.558691	0.313293	-0.296949	5.22177570853596e-09	6.33233337531036e-10	-6.33233337531036e-10
227.157187	0.273446	-0.285202	5.76598024324276e-09	7.12579798682387e-10	-7.12579798682387e-10
227.742770	0.339028	-0.312137	5.07951555746678e-09	6.27744099795754e-10	-6.27744099795754e-10
228.335191	0.287452	-0.253394	6.18768628230283e-09	7.57478708373673e-10	-7.57478708373673e-10
228.953289	0.238666	-0.330646	5.74092860466865e-09	6.9618984483711e-10	-6.9618984483711e-10
229.488239	0.340645	-0.296284	5.13499305030905e-09	6.22709393168854e-10	-6.22709393168854e-10
230.060963	0.274974	-0.232079	7.56134960499167e-09	8.78989057492491e-10	-8.78989057492491e-10
230.612514	0.242920	-0.276577	6.91332857265534e-09	8.38364218548297e-10	-8.38364218548297e-10
231.117496	0.285901	-0.262062	5.8648831045936e-09	7.17962039129445e-10	-7.17962039129445e-10
231.749384	0.264244	-0.345987	5.04076763014808e-09	6.17076238404786e-10	-6.17076238404786e-10
232.295171	0.253968	-0.281544	6.05650037294355e-09	7.34458549089197e-10	-7.34458549089197e-10
232.834348	0.264544	-0.285208	5.93878001331294e-09	7.27008313185049e-10	-7.27008313185049e-10
233.461261	0.288793	-0.362370	4.9033744307164e-09	5.94621501969588e-10	-5.94621501969588e-10
234.001125	0.255982	-0.251071	6.2729597321889e-09	7.56663376985244e-10	-7.56663376985244e-10
234.615070	0.326997	-0.357963	4.34904766555781e-09	5.37470385145112e-10	-5.37470385145112e-10
235.243275	0.317917	-0.301209	4.78058474698199e-09	5.80889519442897e-10	-5.80889519442897e-10
235.832666	0.304965	-0.271473	5.10951080633688e-09	6.25491559451897e-10	-6.25491559451897e-10
236.407912	0.284809	-0.270281	3.69009703154508e-09	5.45660847094904e-10	-5.45660847094904e-10
237.033426	0.338911	-0.340704	4.42461583981716e-09	5.41648717002779e-10	-5.41648717002779e-10
237.725869	0.281612	-0.353532	4.80079528380203e-09	5.87699484060886e-10	-5.87699484060886e-10
238.270532	0.254675	-0.263052	4.09582460853374e-09	5.97437427362761e-10	-5.97437427362761e-10
238.860263	0.298297	-0.335055	3.1920003013544e-09	4.7725168817414e-10	-4.7725168817414e-10
239.458493	0.292521	-0.299933	5.03264695217672e-09	6.10298095033126e-10	-6.10298095033126e-10
240.058291	0.315408	-0.307277	3.84581490593198e-09	5.25872959498687e-10	-5.25872959498687e-10
240.707072	0.262641	-0.333373	3.19109546222727e-09	4.89531771440144e-10	-4.89531771440144e-10
241.243679	0.266889	-0.273967	3.80800749940417e-09	5.5704085802018e-10	-5.5704085802018e-10
241.828729	0.224461	-0.318160	3.61422364277647e-09	5.38776663980995e-10	-5.38776663980995e-10
242.367674	0.363365	-0.314485	4.3622629010492e-09	5.34015621717395e-10	-5.34015621717395e-10
242.998001	0.272116	-0.266962	3.70441096990792e-09	5.52220994135947e-10	-5.52220994135947e-10
243.583292	0.218786	-0.313175	3.71236956113476e-09	5.69498100452544e-10	-5.69498100452544e-10
244.146539	0.352953	-0.344461	2.86028039168868e-09	4.26385446127533e-10	-4.26385446127533e-10
244.808055	0.411972	-0.308563	3.89772834886951e-09	4.88248658484492e-10	-4.88248658484492e-10
245.445363	0.283496	-0.225336	3.82398176780228e-09	5.70045551753385e-10	-5.70045551753385e-10
246.023394	0.271209	-0.294535	3.44656530269022e-09	5.13783609841188e-10	-5.13783609841188e-10
246.651019	0.365912	-0.356415	2.67482172384138e-09	4.04470918213027e-10	-4.04470918213027e-10
247.301152	0.361600	-0.284221	2.98638790258185e-09	4.5158416429083e-10	-4.5158416429083e-10
247.970651	0.264970	-0.307899	3.35630756154442e-09	5.07521255571027e-10	-5.07521255571027e-10
248.529365	0.314716	-0.293744	3.1879184591101e-09	4.75226829096817e-10	-4.75226829096817e-10
249.139874	0.360708	-0.295793	2.88999408585898e-09	4.37008039823374e-10	-4.37008039823374e-10
249.747655	0.281329	-0.247073	3.53665856224416e-09	5.34792883980601e-10	-5.34792883980601e-10
250.358879	0.255440	-0.329895	3.18022164517326e-09	4.74079443426464e-10	-4.74079443426464e-10
250.883624	0.362274	-0.269305	2.93213877530942e-09	4.37097441252192e-10	-4.37097441252192e-10
251.501350	0.260490	-0.255451	3.73812869247551e-09	5.51156993991656e-10	-5.51156993991656e-10
252.075380	0.250445	-0.313540	3.47921115136127e-09	5.1298168851277e-10	-5.1298168851277e-10
252.663533	0.308113	-0.337708	2.94822803032652e-09	4.45813852227488e-10	-4.45813852227488e-10
253.357892	0.380547	-0.386246	2.4422406496373e-09	3.69301375335147e-10	-3.69301375335147e-10
254.034982	0.308350	-0.296543	3.08161288307571e-09	4.59379722753125e-10	-4.59379722753125e-10
254.669090	0.296929	-0.325758	2.94877259813644e-09	4.39577056593311e-10	-4.39577056593311e-10
255.245104	0.295575	-0.279085	3.21882971050587e-09	4.86732640889835e-10	-4.86732640889835e-10
255.919830	0.243541	-0.379151	3.15849757158928e-09	4.65695059393425e-10	-4.65695059393425e-10
256.484148	0.380187	-0.320777	2.74589505124798e-09	4.21235546497324e-10	-4.21235546497324e-10
257.242298	0.305223	-0.377963	2.87383208674353e-09	4.28405602250723e-10	-4.28405602250723e-10
257.877643	0.292576	-0.330121	3.01686937742431e-09	4.62804508713116e-10	-4.62804508713116e-10
258.659064	0.379372	-0.488846	2.13260510194763e-09	3.22480109813535e-10	-3.22480109813535e-10
259.329706	0.285168	-0.291270	3.1908798990246e-09	4.82506235101924e-10	-4.82506235101924e-10
259.906063	0.352857	-0.291188	2.85597824662369e-09	4.31864375225191e-10	-4.31864375225191e-10
260.699966	0.341757	-0.441046	2.37676063437017e-09	3.5430656129317e-10	-3.5430656129317e-10
261.358138	0.306271	-0.316415	3.06616606879571e-09	4.52081531605832e-10	-4.52081531605832e-10
262.002505	0.309496	-0.338096	2.90492836219974e-09	4.33041170013426e-10	-4.33041170013426e-10
262.633211	0.353081	-0.321210	2.77771512225907e-09	4.20029893228556e-10	-4.20029893228556e-10
263.410154	0.334043	-0.423862	2.51664068504455e-09	3.75158640442133e-10	-3.75158640442133e-10
264.124624	0.489556	-0.380427	2.17783351790354e-09	3.246522660464e-10	-3.246522660464e-10
265.040878	0.388144	-0.426699	2.30542536341236e-09	3.43672533561139e-10	-3.43672533561139e-10
265.801850	0.406433	-0.372827	2.36657034267523e-09	3.57858942099917e-10	-3.57858942099917e-10
266.555391	0.403679	-0.347109	2.4837992101398e-09	3.70262940863215e-10	-3.70262940863215e-10
267.184083	0.282030	-0.225013	3.68306730556029e-09	5.49039241850877e-10	-5.49039241850877e-10
267.911193	0.327061	-0.445079	2.36742832011532e-09	3.63176661352504e-10	-3.63176661352504e-10
268.691732	0.473434	-0.453479	1.95262871364981e-09	3.0392093522349e-10	-3.0392093522349e-10
269.570706	0.448420	-0.405540	2.19114592883489e-09	3.26636755865402e-10	-3.26636755865402e-10
270.412044	0.432600	-0.392918	2.2358257623116e-09	3.38088528216657e-10	-3.38088528216657e-10
271.266585	0.464067	-0.421940	2.10236172058611e-09	3.13401595419356e-10	-3.13401595419356e-10
272.062670	0.296008	-0.332018	2.96758573011787e-09	4.4998594005706e-10	-4.4998594005706e-10
272.844065	0.528708	-0.485386	1.84189463051207e-09	2.74573451179647e-10	-2.74573451179647e-10
273.819426	0.526533	-0.446653	1.92335838369473e-09	2.8671735537179e-10	-2.8671735537179e-10
274.932857	0.412971	-0.586898	1.87899609453999e-09	2.80104206354738e-10	-2.80104206354738e-10
275.728628	0.302153	-0.382800	2.68958075857359e-09	4.12596626444353e-10	-4.12596626444353e-10
276.403252	0.396111	-0.372471	2.43175904262469e-09	3.67716403623691e-10	-3.67716403623691e-10
277.146921	0.369414	-0.347558	2.60994942875568e-09	3.94661330047986e-10	-3.94661330047986e-10
277.959164	0.462749	-0.442830	2.03632110648536e-09	3.12382945402741e-10	-3.12382945402741e-10
278.830687	0.420321	-0.408773	2.31854175016629e-09	3.4185033087771e-10	-3.4185033087771e-10
279.574205	0.329732	-0.323197	2.83933396205636e-09	4.2934749987138e-10	-4.2934749987138e-10
288.992164	18.361772	-9.088228	1.25980055353625e-09	1.87799976385799e-10	-1.87799976385799e-10
307.998032	0.661763	-0.644096	1.43182947966644e-09	2.16512890976948e-10	-2.16512890976948e-10
309.197630	0.536750	-0.537835	1.76363704335151e-09	2.62907495328549e-10	-2.62907495328549e-10
310.500319	0.703609	-0.765939	1.24682509346671e-09	1.9406468428214e-10	-1.9406468428214e-10
312.040511	0.823344	-0.836584	1.11894404818549e-09	1.69200194586866e-10	-1.69200194586866e-10
313.512025	0.591886	-0.648170	1.50118830900405e-09	2.23783949305467e-10	-2.23783949305467e-10
314.880322	0.817674	-0.776410	1.11861363497766e-09	1.74108925526284e-10	-1.74108925526284e-10
316.359180	0.612650	-0.661185	1.44212085405434e-09	2.14978676467549e-10	-2.14978676467549e-10
317.481781	0.546839	-0.509950	1.74047494940248e-09	2.59454693772872e-10	-2.59454693772872e-10
318.834763	0.848450	-0.806143	1.10071665685809e-09	1.6644394464601e-10	-1.6644394464601e-10
320.504827	0.848973	-0.821614	1.10307656280935e-09	1.64436945436857e-10	-1.64436945436857e-10
322.044649	0.903254	-0.690849	1.11323778055946e-09	1.7327221513314e-10	-1.7327221513314e-10
324.053949	0.724657	-1.106046	9.88014067410915e-10	1.49401729265953e-10	-1.49401729265953e-10
325.539064	0.812282	-0.760458	1.13350137400164e-09	1.73885401450924e-10	-1.73885401450924e-10
327.384217	1.215932	-1.032872	7.9229633306527e-10	1.21542667034459e-10	-1.21542667034459e-10
329.432150	0.701612	-0.832000	1.19286721711146e-09	1.77822150568143e-10	-1.77822150568143e-10
331.376737	1.169494	-1.242975	7.60801766222139e-10	1.13413633679549e-10	-1.13413633679549e-10
333.314599	0.740313	-0.768368	1.22049873191886e-09	1.81941216106585e-10	-1.81941216106585e-10
335.006150	0.968448	-0.951237	9.24949937200304e-10	1.43965748379441e-10	-1.43965748379441e-10
336.599662	0.805353	-0.625064	1.25157186015578e-09	1.91998076180364e-10	-1.91998076180364e-10
338.419369	0.880406	-1.014354	9.62976758928908e-10	1.43552089912502e-10	-1.43552089912502e-10
340.462189	0.999195	-1.162414	8.3092822360881e-10	1.25648103138888e-10	-1.25648103138888e-10
342.538014	1.159721	-1.076629	8.11783162374934e-10	1.21013488355707e-10	-1.21013488355707e-10
344.707559	1.014842	-1.009824	8.87636427780641e-10	1.34223189688954e-10	-1.34223189688954e-10
347.158890	1.440335	-1.436489	6.25612192640467e-10	9.46014145920466e-11	-9.46014145920466e-11
349.570583	1.069285	-0.971357	8.93297591280501e-10	1.33164928351896e-10	-1.33164928351896e-10
352.234143	1.367963	-1.594274	6.00995061123011e-10	9.2195995528756e-11	-9.2195995528756e-11
354.964812	1.072895	-1.362707	7.46970147632053e-10	1.11351740833251e-10	-1.11351740833251e-10
357.375169	1.573167	-1.337461	6.10219970167054e-10	9.36111412850479e-11	-9.36111412850479e-11
360.825878	1.666465	-1.877542	4.88794956036643e-10	7.72005157260433e-11	-7.72005157260433e-11
364.042629	2.123596	-1.550287	4.94863214419125e-10	7.37698628924834e-11	-7.37698628924834e-11
368.108279	1.852802	-1.942054	4.8051361898915e-10	7.16307309535397e-11	-7.16307309535397e-11
372.279823	1.860402	-2.318742	4.12641709389834e-10	6.61414137466491e-11	-6.61414137466491e-11
375.929298	1.746045	-1.789073	5.11376544830587e-10	7.73273644087554e-11	-7.73273644087554e-11
380.033007	2.323176	-2.357665	3.90766129333733e-10	5.82519913248466e-11	-5.82519913248466e-11
384.380999	2.024471	-2.024816	4.36515738744441e-10	6.79423782233582e-11	-6.79423782233582e-11
388.557771	2.206545	-2.152300	4.14211427637796e-10	6.26346185732469e-11	-6.26346185732469e-11
392.734494	2.107547	-1.970178	3.67358511122768e-10	6.0393378696555e-11	-6.0393378696555e-11
396.788220	2.651062	-1.946179	2.45705510405383e-10	4.89579910446036e-11	-4.89579910446036e-11
401.821137	1.517983	-2.381855	3.10300319741263e-10	5.78812903695893e-11	-5.78812903695893e-11
405.386610	1.905690	-2.047490	3.07331568367395e-10	5.85859828000026e-11	-5.85859828000026e-11
409.477853	1.737412	-2.185553	3.2851946975919e-10	5.99791735205508e-11	-5.99791735205508e-11
413.559138	2.760416	-2.343873	2.58675227375228e-10	4.72274042494903e-11	-4.72274042494903e-11
418.565262	2.157611	-2.245709	2.93630636072344e-10	5.36093600266255e-11	-5.36093600266255e-11
422.638258	2.582225	-1.915384	2.77871535697769e-10	5.18322722827479e-11	-5.18322722827479e-11
427.484033	1.862220	-2.263551	2.98076284884508e-10	5.56011171579811e-11	-5.56011171579811e-11
431.578035	2.361900	-2.231782	2.62405499773394e-10	5.00218309071406e-11	-5.00218309071406e-11
437.018339	2.573843	-3.078405	2.12552025401496e-10	4.05183624287745e-11	-4.05183624287745e-11
NO	NO	NO	NO	NO	NO
!Time	Poserr	Negerr	Flux	PosErr	NegErr
!XRT pc mode data
454.181072	9.052479	-11.005989	1.34971674746731e-10	3.04820206202591e-11	-3.04820206202591e-11
472.812358	7.972333	-9.578807	1.61767462944314e-10	3.53005454076527e-11	-3.53005454076527e-11
494.515254	11.342497	-13.730562	1.18737328784984e-10	2.56608663258888e-11	-2.56608663258888e-11
523.961135	11.984356	-18.103384	9.24869735877982e-11	2.08872795161454e-11	-2.08872795161454e-11
547.575611	10.935641	-11.630119	1.26219173411077e-10	2.83637226180138e-11	-2.83637226180138e-11
575.337808	23.290384	-16.826556	7.1874822835606e-11	1.64788132464909e-11	-1.64788132464909e-11
618.054462	20.690650	-19.426270	7.81903856805287e-11	1.74838957489552e-11	-1.74838957489552e-11
671.047142	30.380689	-32.302031	9.43781769644299e-11	1.58659405591893e-11	-1.58659405591893e-11
3875.886652	28.628640	-21.517628	3.5230798939603e-11	7.72455932394813e-12	-7.72455932394813e-12
3924.055138	20.577214	-19.539846	4.30182543718104e-11	9.667238413775e-12	-9.667238413775e-12
3967.808940	16.940451	-23.176589	4.64113489937786e-11	1.03778870048719e-11	-1.03778870048719e-11
4002.346043	17.505749	-17.596651	5.86171319588913e-11	1.28521645721832e-11	-1.28521645721832e-11
4056.914213	30.635059	-37.062421	2.65032873929898e-11	5.92632306184112e-12	-5.92632306184112e-12
4106.932345	20.733966	-19.383074	4.26119925981573e-11	9.38760090944816e-12	-9.38760090944816e-12
4155.889094	26.938157	-28.222783	3.216812552837e-11	6.92084135161582e-12	-6.92084135161582e-12
4218.276040	32.248651	-35.448789	2.46851665850487e-11	5.57519958114741e-12	-5.57519958114741e-12
4276.364039	24.306912	-25.839347	3.74376565826323e-11	8.05455006692289e-12	-8.05455006692289e-12
4335.677422	25.169050	-35.006470	3.15497074742254e-11	6.66500238109297e-12	-6.66500238109297e-12
4382.894834	18.068637	-22.048363	4.0717761812744e-11	9.10477919242935e-12	-9.10477919242935e-12
4424.011147	22.083985	-23.047675	3.53089084203412e-11	7.93478161566312e-12	-7.93478161566312e-12
4501.707096	69.749727	-55.611965	2.27943498335263e-11	3.83080675212933e-12	-3.83080675212933e-12
5898.406162	24.206369	-28.447019	3.28130918362233e-11	7.26356656185556e-12	-7.26356656185556e-12
5966.568166	33.770846	-43.955634	2.34828204865613e-11	5.0753662278056e-12	-5.0753662278056e-12
6022.230347	23.240185	-21.891335	3.9596775895913e-11	8.76520550436747e-12	-8.76520550436747e-12
6091.575427	29.114264	-46.104896	2.34278710624091e-11	5.26482428296062e-12	-5.26482428296062e-12
6149.125116	34.247215	-28.435425	2.79971813945255e-11	6.32324469188522e-12	-6.32324469188522e-12
6221.261574	24.793398	-37.889242	2.95702576235797e-11	6.48348599160422e-12	-6.48348599160422e-12
6275.505068	20.696024	-29.450096	3.53644365516205e-11	7.90772016477405e-12	-7.90772016477405e-12
6325.961230	37.937121	-29.760138	2.73511547505476e-11	5.99693351268521e-12	-5.99693351268521e-12
6429.625925	54.623167	-65.727573	1.64404365477481e-11	2.8126268857801e-12	-2.8126268857801e-12
9812.208614	23.704918	-36.470622	1.84176877127355e-11	4.13370408625521e-12	-4.13370408625521e-12
9864.135130	29.446642	-28.221598	2.00930184348136e-11	4.41595030181756e-12	-4.41595030181756e-12
9928.543149	35.243402	-34.961378	1.56746675806264e-11	3.5312583104731e-12	-3.5312583104731e-12
10000.242379	26.227053	-36.455827	1.85161921827041e-11	4.04054941082815e-12	-4.04054941082815e-12
10044.263688	24.830023	-17.794257	2.58538053350673e-11	5.78108540433891e-12	-5.78108540433891e-12
10095.158239	24.081732	-26.064528	2.18007724640053e-11	4.89299935770724e-12	-4.89299935770724e-12
10147.557352	36.872779	-28.317381	1.66062526434111e-11	3.75517494718552e-12	-3.75517494718552e-12
10207.488069	22.073683	-23.057937	2.46696585204395e-11	5.53688409614619e-12	-5.53688409614619e-12
10250.862676	31.352636	-21.300924	2.26063413423582e-11	4.93308795043186e-12	-4.93308795043186e-12
10318.671445	41.270506	-36.456134	1.48877946266478e-11	3.34142679147226e-12	-3.34142679147226e-12
10445.198459	85.239953	-85.256507	2.7030049125127e-11	6.10710991280544e-12	-6.10710991280544e-12
12122.057196	42.344635	-45.411065	1.78632861172951e-11	3.34285121715685e-12	-3.34285121715685e-12
21310.352195	44.902856	-60.404424	1.72774261449553e-11	3.87756216681349e-12	-3.87756216681349e-12
21410.027353	35.491179	-54.772301	2.00620243690837e-11	4.53590912905509e-12	-4.53590912905509e-12
21510.443253	35.368038	-64.924722	1.51687280569703e-11	3.39184873559281e-12	-3.39184873559281e-12
21603.332690	42.771362	-57.521398	9.36871293483341e-12	2.09489680995748e-12	-2.09489680995748e-12
21669.915210	36.364442	-23.811158	1.63233166170552e-11	3.56202355025125e-12	-3.56202355025125e-12
21749.267384	34.739128	-42.987732	1.22072667300772e-11	2.73989718773868e-12	-2.73989718773868e-12
21825.116080	29.095292	-41.109568	1.43410233213523e-11	3.21883307584833e-12	-3.21883307584833e-12
21901.955607	29.982585	-47.744235	1.51822371337178e-11	3.23685546617489e-12	-3.23685546617489e-12
21962.271873	22.319999	-30.333681	1.8468802099423e-11	4.14530870843943e-12	-4.14530870843943e-12
22015.173026	34.609066	-30.581154	1.36421277265001e-11	3.05048128525325e-12	-3.05048128525325e-12
22074.848792	32.601540	-25.066700	1.44217691022759e-11	3.23697348575369e-12	-3.23697348575369e-12
22156.447393	38.758979	-48.997061	1.00664287075912e-11	2.20454900541599e-12	-2.20454900541599e-12
22237.819153	37.621278	-42.612782	1.05264502832415e-11	2.38060945976106e-12	-2.38060945976106e-12
22314.603691	46.079940	-39.163260	1.19952471735219e-11	2.46446295929091e-12	-2.46446295929091e-12
27057.690460	35.860392	-26.822596	1.54740781809445e-11	3.46011772692119e-12	-3.46011772692119e-12
27125.482893	30.750999	-31.932041	1.71924157237162e-11	3.75169823223101e-12	-3.75169823223101e-12
27186.313267	42.632905	-30.079375	1.60888699931062e-11	3.59756474177401e-12	-3.59756474177401e-12
27283.659275	80.682137	-54.713103	3.31701370133294e-11	7.29513673525897e-12	-7.29513673525897e-12
27410.087121	36.995810	-45.745710	2.00768395102064e-11	4.52766576900639e-12	-4.52766576900639e-12
27479.295274	30.470617	-32.212343	1.44325182506718e-11	3.26873106059225e-12	-3.26873106059225e-12
27544.235367	30.720804	-34.469476	1.40307278566846e-11	3.13735801500903e-12	-3.13735801500903e-12
27610.706435	31.947297	-35.750263	1.4566555685526e-11	3.21758341410013e-12	-3.21758341410013e-12
27682.516141	17.805930	-39.862410	1.63105960535255e-11	3.66268768390656e-12	-3.66268768390656e-12
27756.722455	41.384916	-56.400383	9.43530874318796e-12	2.08413973732352e-12	-2.08413973732352e-12
27835.460414	32.851858	-37.353042	1.17480326166003e-11	2.66074636982859e-12	-2.66074636982859e-12
27905.141703	28.360769	-36.829431	1.35152674660035e-11	2.96120812647041e-12	-2.96120812647041e-12
27979.401871	26.812741	-45.899399	1.23313671246691e-11	2.69093966045743e-12	-2.69093966045743e-12
28069.177338	42.344474	-62.962726	8.50066861232569e-12	1.87771166454621e-12	-1.87771166454621e-12
28148.122886	31.096426	-36.601074	1.2633710639729e-11	2.84910112606971e-12	-2.84910112606971e-12
28209.928269	29.466563	-30.708957	1.4337856510493e-11	3.20606255186028e-12	-3.20606255186028e-12
28267.599167	19.434625	-28.204335	1.84681320559452e-11	4.12959160865765e-12	-4.12959160865765e-12
28346.194156	38.624836	-59.160364	9.35935025627838e-12	2.11069412442432e-12	-2.11069412442432e-12
28431.317318	36.242954	-46.498326	1.16846410411311e-11	2.62389527707434e-12	-2.62389527707434e-12
28502.001342	20.719770	-34.441070	1.90027490454029e-11	4.14671773240857e-12	-4.14671773240857e-12
28560.069897	40.370615	-37.348785	1.59833273476704e-11	3.20751881543715e-12	-3.20751881543715e-12
32846.288958	41.880793	-38.353307	1.0757322404412e-11	2.41552019900449e-12	-2.41552019900449e-12
32925.022017	28.337975	-36.852265	2.00154474224839e-11	4.49399544967336e-12	-4.49399544967336e-12
33008.257997	35.365355	-54.898005	1.71309302046002e-11	3.87818041191661e-12	-3.87818041191661e-12
33075.836473	37.991719	-32.213121	2.17661414772669e-11	4.86704861111024e-12	-4.86704861111024e-12
33166.218839	42.887313	-52.390647	1.55524572213852e-11	3.47762420492428e-12	-3.47762420492428e-12
33244.578391	32.225221	-35.472239	1.71825250514935e-11	3.84213721954164e-12	-3.84213721954164e-12
33322.304077	29.718954	-45.500466	1.09210603051426e-11	2.47300793222786e-12	-2.47300793222786e-12
33407.544701	44.770871	-55.521669	8.4077570564431e-12	1.89586330936743e-12	-1.89586330936743e-12
33478.041114	29.435338	-25.725542	1.61911749050608e-11	3.561560859013e-12	-3.561560859013e-12
33541.949583	20.687749	-34.473131	1.56168795093623e-11	3.49203784330719e-12	-3.49203784330719e-12
33601.494916	31.347156	-38.857585	1.22974310411778e-11	2.76132979637461e-12	-2.76132979637461e-12
33668.437860	39.623612	-35.595788	1.13838208809466e-11	2.5669368646552e-12	-2.5669368646552e-12
33740.525483	30.218768	-32.464012	1.34845815961775e-11	3.06649792792889e-12	-3.06649792792889e-12
33798.823166	22.067326	-28.078914	1.72847576813002e-11	3.91403915933205e-12	-3.91403915933205e-12
33854.608769	26.457163	-33.718277	1.49501852022467e-11	3.34296852908363e-12	-3.34296852908363e-12
33922.809329	23.446642	-41.743398	1.41831838319912e-11	3.18478150430786e-12	-3.18478150430786e-12
33986.186393	40.303519	-39.930421	1.15789600096646e-11	2.54700250862276e-12	-2.54700250862276e-12
34058.451871	33.228101	-31.961959	1.291872796941e-11	2.90085561753926e-12	-2.90085561753926e-12
34140.690450	31.223382	-49.010478	1.00238676199235e-11	2.26985687586254e-12	-2.26985687586254e-12
34197.759049	29.315602	-25.845218	1.52668873977595e-11	3.34484160102712e-12	-3.34484160102712e-12
34262.708631	29.556021	-35.633979	1.26590108462669e-11	2.79582235941087e-12	-2.79582235941087e-12
34335.130795	52.411556	-42.866144	8.21199470163537e-12	1.84395810097413e-12	-1.84395810097413e-12
34420.072989	25.137423	-32.530637	1.41728023689966e-11	3.11758708643205e-12	-3.11758708643205e-12
34482.689259	35.233052	-37.478848	1.07807475772065e-11	2.4106509545141e-12	-2.4106509545141e-12
34554.270880	41.377971	-36.348568	1.05034901853043e-11	2.310461939617e-12	-2.310461939617e-12
34631.996577	41.378795	-36.347725	9.99522232571475e-12	2.25383033545608e-12	-2.25383033545608e-12
34753.937278	87.427213	-80.561907	1.34395005723868e-11	2.42020387323224e-12	-2.42020387323224e-12
38626.031713	36.934259	-38.285270	1.37268874277189e-11	2.93774384836672e-12	-2.93774384836672e-12
38708.034437	22.629075	-45.068465	1.52492624418797e-11	3.32764446447179e-12	-3.32764446447179e-12
38775.368785	45.558066	-44.705274	1.22969045925333e-11	2.68338488244764e-12	-2.68338488244764e-12
38861.536205	44.639387	-40.609353	1.24266413801788e-11	2.80207709907585e-12	-2.80207709907585e-12
38944.282152	27.083599	-38.106561	1.45030607637277e-11	3.27028981598791e-12	-3.27028981598791e-12
39006.761999	27.286652	-35.396247	1.4597176874565e-11	3.21090898968971e-12	-3.21090898968971e-12
39073.031249	36.236783	-38.982597	1.14650704143696e-11	2.56368232616546e-12	-2.56368232616546e-12
39154.892452	39.624240	-45.624420	9.8721224502284e-12	2.21672851174906e-12	-2.21672851174906e-12
39234.205933	48.066738	-39.689242	9.7781366157259e-12	2.16826214101713e-12	-2.16826214101713e-12
39321.604756	43.409196	-39.332084	1.03177351687154e-11	2.25150973621507e-12	-2.25150973621507e-12
39410.509195	57.304557	-45.495243	7.7240159074701e-12	1.73440250758254e-12	-1.73440250758254e-12
39505.666640	44.888392	-37.852888	9.47857348051943e-12	2.11948233156034e-12	-2.11948233156034e-12
39592.290574	51.034917	-41.735543	8.72617748870075e-12	1.96767671579764e-12	-1.96767671579764e-12
39686.192812	52.410460	-42.867320	8.87049870387096e-12	2.00021087796484e-12	-2.00021087796484e-12
39788.615678	42.758074	-50.012406	9.59239491921626e-12	2.15391495438584e-12	-2.15391495438584e-12
39859.703170	29.338682	-28.329418	1.49760300120303e-11	3.36278023671521e-12	-3.36278023671521e-12
39930.908259	38.367453	-41.866407	1.02091429565564e-11	2.34146223531588e-12	-2.34146223531588e-12
40007.006189	29.966823	-37.730477	1.18787092825549e-11	2.6785185322435e-12	-2.6785185322435e-12
40071.442736	40.749496	-34.469724	1.06706890278158e-11	2.40615920881898e-12	-2.40615920881898e-12
40162.030897	35.409754	-49.838666	1.00422217329851e-11	2.20898166228204e-12	-2.20898166228204e-12
40228.902658	31.220634	-31.462006	1.30754299548243e-11	2.96083263346026e-12	-2.96083263346026e-12
40295.519628	24.779064	-35.396336	1.46548889052168e-11	3.22361574640752e-12	-3.22361574640752e-12
40382.858791	37.732140	-62.560100	9.5014721599046e-12	2.03343163061136e-12	-2.03343163061136e-12
40481.131336	37.244536	-60.540404	9.09391178435099e-12	2.04200986913061e-12	-2.04200986913061e-12
40555.229396	28.336436	-36.853524	1.37021544518057e-11	3.06390961119378e-12	-3.06390961119378e-12
40632.072330	36.741942	-48.506498	1.04825097064807e-11	2.34395522728914e-12	-2.34395522728914e-12
40727.725187	53.908756	-58.910915	9.47797151048316e-12	1.9414473318687e-12	-1.9414473318687e-12
44412.603665	38.870946	-41.363142	1.03820995732355e-11	2.3513460555916e-12	-2.3513460555916e-12
44491.586993	35.107079	-40.112381	1.11501620524961e-11	2.50382953729763e-12	-2.50382953729763e-12
44574.622546	39.827546	-47.928474	1.00559386754131e-11	2.19440098358707e-12	-2.19440098358707e-12
44660.030780	37.160671	-45.580689	1.11014621707464e-11	2.37598528461641e-12	-2.37598528461641e-12
44727.777205	32.097066	-30.585754	1.35838109739494e-11	3.05034079032746e-12	-3.05034079032746e-12
44799.328115	30.750957	-39.453843	1.34569888452123e-11	2.94843348537372e-12	-2.94843348537372e-12
44868.435480	51.906832	-38.356409	1.04181516084773e-11	2.35953020217245e-12	-2.35953020217245e-12
44978.499296	44.642795	-58.156985	9.02034781117768e-12	2.03421001368381e-12	-2.03421001368381e-12
45066.510062	59.431810	-43.367970	8.46420550686845e-12	1.90882743070172e-12	-1.90882743070172e-12
45164.171768	42.004044	-38.229897	1.0310396776803e-11	2.31526676921646e-12	-2.31526676921646e-12
45237.011124	36.862048	-30.835312	1.21304051936746e-11	2.75911972201939e-12	-2.75911972201939e-12
45311.602919	37.489532	-37.729748	1.11058921177392e-11	2.49389790487035e-12	-2.49389790487035e-12
45390.831289	48.524343	-41.738837	9.34142649369637e-12	2.08881097232781e-12	-2.08881097232781e-12
45471.570733	32.974939	-32.215101	1.32667061305643e-11	2.96653205183748e-12	-2.96653205183748e-12
45551.046457	46.269614	-46.500786	9.47289586239562e-12	2.13628753440048e-12	-2.13628753440048e-12
45633.040726	39.494566	-35.724655	1.17639148278023e-11	2.6529331396878e-12	-2.6529331396878e-12
45719.414299	33.354793	-46.879007	1.07425751004718e-11	2.4123280163635e-12	-2.4123280163635e-12
45786.864595	43.631016	-34.095504	1.76282517160489e-11	3.97510481239439e-12	-3.97510481239439e-12
45868.603141	32.097051	-38.107529	2.4978123770518e-11	5.60852352681469e-12	-5.60852352681469e-12
45950.336879	43.133632	-49.636688	1.26445954500342e-11	2.8512903966911e-12	-2.8512903966911e-12
46057.140467	61.695305	-63.669955	8.46526654635206e-12	1.93377005168304e-12	-1.93377005168304e-12
46152.303208	44.259023	-33.467437	1.26857829247263e-11	2.87311345507472e-12	-2.87311345507472e-12
46239.556493	32.224899	-42.994261	1.23161850315818e-11	2.75398537625916e-12	-2.75398537625916e-12
46309.324777	42.690374	-37.543386	1.16472619412237e-11	2.56228441862656e-12	-2.56228441862656e-12
46389.493744	35.233267	-37.478593	1.19388427223409e-11	2.68096117245899e-12	-2.68096117245899e-12
46466.571045	30.867827	-41.844034	1.23658314473973e-11	2.70936800586264e-12	-2.70936800586264e-12
46531.534503	38.616248	-34.095632	1.19977294209359e-11	2.68276987470235e-12	-2.68276987470235e-12
46624.427075	35.986717	-54.276323	9.76588107210537e-12	2.20235232914818e-12	-2.20235232914818e-12
46715.626184	37.557927	-55.212393	1.02141575655822e-11	2.23791779874284e-12	-2.23791779874284e-12
46831.209658	110.022453	-78.025547	7.23337941947596e-12	1.32813839618036e-12	-1.32813839618036e-12
50559.734455	95.610176	-403.669252	8.5089856103429e-12	1.91732462688394e-12	-1.91732462688394e-12
50743.078213	75.241638	-87.733582	1.59576714262987e-11	3.58193071531611e-12	-3.58193071531611e-12
50874.249436	44.362836	-55.929584	1.51497552008391e-11	3.31800081496987e-12	-3.31800081496987e-12
50950.452093	35.857539	-31.839821	1.38248342927385e-11	3.09134679770314e-12	-3.09134679770314e-12
51029.929702	49.150389	-43.620071	9.70167247287219e-12	2.16937230684387e-12	-2.16937230684387e-12
51134.529813	49.857238	-55.449721	8.46637765206789e-12	1.86104053143711e-12	-1.86104053143711e-12
51240.165225	59.557987	-55.778173	7.37743866493354e-12	1.65595595574373e-12	-1.65595595574373e-12
51374.052921	53.542991	-74.329709	6.7788363824366e-12	1.52158846388417e-12	-1.52158846388417e-12
51479.231819	73.729393	-51.635907	6.98853162120833e-12	1.57470230917691e-12	-1.57470230917691e-12
51601.605214	39.111698	-48.644002	1.14807670282928e-11	2.50532663558786e-12	-2.50532663558786e-12
51699.128759	41.880353	-58.411847	1.0254446125492e-11	2.29298572487248e-12	-2.29298572487248e-12
51798.008320	60.844111	-56.999209	8.77351780098718e-12	1.93567618263993e-12	-1.93567618263993e-12
51899.591831	26.957861	-40.739399	1.39254508181659e-11	3.11384736262918e-12	-3.11384736262918e-12
51973.763529	33.019883	-47.213837	1.18478027922277e-11	2.59486680866276e-12	-2.59486680866276e-12
52074.715629	59.940302	-67.932218	6.74310478750333e-12	1.51356970474879e-12	-1.51356970474879e-12
52206.849977	58.185835	-72.194045	6.16157467748078e-12	1.39374357550983e-12	-1.39374357550983e-12
52319.886726	55.470506	-54.850914	7.64763875156996e-12	1.68109058254475e-12	-1.68109058254475e-12
52431.885846	36.241706	-56.528614	9.11061277216377e-12	1.99534915135183e-12	-1.99534915135183e-12
52504.351929	41.502102	-36.224378	1.02679862839941e-11	2.32259438343825e-12	-2.32259438343825e-12
52645.372761	88.524411	-99.518729	7.51766331004362e-12	1.27351460550739e-12	-1.27351460550739e-12
57011.752151	143.761581	-223.387167	3.9704960018043e-12	1.03533107814887e-12	-1.03533107814887e-12
57226.330443	62.070449	-70.816711	7.85928923881818e-12	1.77040989390964e-12	-1.77040989390964e-12
57372.124028	86.773544	-83.723136	6.11800351986963e-12	1.37816683090843e-12	-1.37816683090843e-12
57541.997693	67.338099	-83.100121	6.92325589155986e-12	1.55954864228585e-12	-1.55954864228585e-12
57681.909260	55.299012	-72.573468	7.75419773946465e-12	1.74673718903361e-12	-1.74673718903361e-12
57813.294310	59.308362	-76.086038	6.94492915644504e-12	1.5761277114527e-12	-1.5761277114527e-12
57921.487857	46.392375	-48.885185	9.73922583763053e-12	2.19387934645225e-12	-2.19387934645225e-12
58020.401365	47.771027	-52.521133	9.30453498940144e-12	2.08823057653757e-12	-2.08823057653757e-12
58146.423414	62.158038	-78.251022	6.94854846927154e-12	1.53237786141421e-12	-1.53237786141421e-12
58285.281324	113.855327	-76.699873	4.86719448068765e-12	1.10458376824628e-12	-1.10458376824628e-12
58458.535608	55.937104	-59.398956	1.26357251525509e-11	2.27483584342236e-12	-2.27483584342236e-12
62851.473181	177.801851	-287.764877	6.42864120044022e-12	1.45411410051896e-12	-1.45411410051896e-12
63210.104961	182.729130	-180.829930	4.23518807308547e-12	1.1243573011901e-12	-1.1243573011901e-12
63639.522390	164.509442	-246.688298	3.79588393924624e-12	1.00143232097902e-12	-1.00143232097902e-12
64009.677007	285.784005	-205.645175	5.83609747239206e-12	1.13691414432105e-12	-1.13691414432105e-12
68370.323421	153.884731	-322.384897	4.03725509900744e-12	1.05525855021521e-12	-1.05525855021521e-12
68623.213068	116.623384	-99.004916	8.03184510132146e-12	1.81252246896526e-12	-1.81252246896526e-12
68896.868669	153.873603	-157.032217	5.42032394807861e-12	1.23171932172481e-12	-1.23171932172481e-12
69185.730705	125.771127	-134.988433	6.36726334176808e-12	1.43689662191417e-12	-1.43689662191417e-12
69444.243973	80.378679	-132.742141	7.7218321502882e-12	1.73460070049709e-12	-1.73460070049709e-12
69791.071848	285.154424	-266.449196	4.27575647498393e-12	8.01723994663167e-13	-8.01723994663167e-13
73796.794565	65.191427	-275.581221	1.06835299260529e-11	2.75846739799148e-12	-2.75846739799148e-12
73917.627340	87.717272	-55.641348	8.60561489996446e-12	1.79860932362162e-12	-1.79860932362162e-12
74750.332514	46.641898	-51.142990	1.14950315154731e-11	2.58118183550582e-12	-2.58118183550582e-12
74837.463874	47.266218	-40.489462	1.29877466288458e-11	2.95370842238887e-12	-2.95370842238887e-12
74963.697611	61.441541	-78.967519	8.36680729444219e-12	1.88670613654447e-12	-1.88670613654447e-12
75093.123565	62.395387	-67.984413	9.57787542096421e-12	2.12399163092804e-12	-2.12399163092804e-12
75222.076931	43.763420	-66.557980	1.1069732265925e-11	2.43507364312293e-12	-2.43507364312293e-12
75332.897414	90.903138	-67.057062	7.07343086515887e-12	1.60183097818085e-12	-1.60183097818085e-12
75464.037911	55.040201	-40.237359	1.08937131424025e-11	2.45652734875785e-12	-2.45652734875785e-12
75567.839462	49.023550	-48.761350	9.96117281368062e-12	2.2367531794476e-12	-2.2367531794476e-12
75665.875723	43.757629	-49.012711	1.00026280604414e-11	2.23665027317665e-12	-2.23665027317665e-12
75771.952633	85.609490	-62.319281	7.66666257177407e-12	1.57117954164311e-12	-1.57117954164311e-12
80299.423614	100.054458	-80.471722	5.54989771095659e-12	1.25408745587396e-12	-1.25408745587396e-12
80464.912051	52.409481	-65.433979	8.49772272333064e-12	1.91348441739239e-12	-1.91348441739239e-12
80591.151205	66.579486	-73.829674	6.98774586778932e-12	1.57344888366578e-12	-1.57344888366578e-12
80718.317327	49.734825	-60.586635	9.12266573367196e-12	2.01072767311657e-12	-2.01072767311657e-12
80842.506464	63.447548	-74.454312	7.17595833418832e-12	1.62727373206512e-12	-1.62727373206512e-12
80984.043285	69.841767	-78.089273	7.11454779435349e-12	1.61334833741568e-12	-1.61334833741568e-12
81135.605458	81.254514	-81.720406	6.60658933846374e-12	1.4928871822017e-12	-1.4928871822017e-12
81289.562249	67.706962	-72.702278	7.35543787025093e-12	1.65048785759927e-12	-1.65048785759927e-12
81417.316145	30.216087	-60.046933	1.10098135321912e-11	2.47046641060578e-12	-2.47046641060578e-12
81524.998388	115.592604	-77.466156	9.00523446057831e-12	1.5251921829744e-12	-1.5251921829744e-12
86595.934365	69.586267	-78.344853	5.59931239134383e-12	1.26256990343587e-12	-1.26256990343587e-12
86727.819927	53.036885	-62.299295	7.26625130272261e-12	1.63160125015391e-12	-1.63160125015391e-12
86824.603125	71.589867	-43.746313	7.45810404034268e-12	1.67467424630529e-12	-1.67467424630529e-12
86949.341144	62.188068	-53.148152	7.67953791888733e-12	1.73165319292692e-12	-1.73165319292692e-12
87076.409442	78.036370	-64.880230	6.52226258766707e-12	1.44626031595062e-12	-1.44626031595062e-12
87210.853008	46.392484	-56.407196	8.60698619491065e-12	1.94078694539932e-12	-1.94078694539932e-12
87322.255610	97.961902	-65.010118	9.98366630622537e-12	1.65290855329889e-12	-1.65290855329889e-12
90780.271949	69.585083	-53.273417	7.40815201991711e-12	1.69203950465297e-12	-1.69203950465297e-12
90989.451315	131.193317	-139.594283	6.3000585839329e-12	1.0428219003781e-12	-1.0428219003781e-12
96485.546737	69.554754	-63.333166	6.97690542809624e-12	1.52784608677844e-12	-1.52784608677844e-12
96631.063169	74.477443	-75.961677	5.8299889050234e-12	1.31331907871883e-12	-1.31331907871883e-12
96753.926488	56.921503	-48.385877	8.38008741644711e-12	1.87384576804993e-12	-1.87384576804993e-12
96943.884161	117.690911	-133.036169	5.26687315539942e-12	9.66338952298381e-13	-9.66338952298381e-13
102318.392141	37.237090	-68.070390	8.4852445424433e-12	1.9297561976769e-12	-1.9297561976769e-12
102445.009165	53.537486	-89.379934	6.2851348488384e-12	1.42333383223856e-12	-1.42333383223856e-12
102587.413698	96.674714	-88.867046	4.90738885815662e-12	1.09731319239569e-12	-1.09731319239569e-12
102738.869381	45.511871	-54.780969	9.04276923132761e-12	2.03054369184012e-12	-2.03054369184012e-12
102858.717604	58.551607	-74.336353	6.79656154205305e-12	1.53264073389237e-12	-1.53264073389237e-12
103029.488462	151.041589	-112.219250	5.16493145907554e-12	9.4849271321879e-13	-9.4849271321879e-13
120928.296327	175.684224	-165.309944	4.80708528107763e-12	1.08720735104034e-12	-1.08720735104034e-12
121208.648777	98.423755	-104.668225	8.11920406015645e-12	1.82795188572857e-12	-1.82795188572857e-12
121456.830369	143.597303	-149.757837	9.39043054464954e-12	1.64384988283174e-12	-1.64384988283174e-12
126621.357390	87.388802	-98.152038	5.83508709272718e-12	1.33864280822938e-12	-1.33864280822938e-12
126772.046989	87.137682	-63.300798	7.11412806970919e-12	1.60429487864135e-12	-1.60429487864135e-12
126943.047153	56.546739	-83.862481	6.9836370468503e-12	1.57487033866508e-12	-1.57487033866508e-12
127067.658616	97.417535	-68.064725	5.53592732423128e-12	1.25375094684717e-12	-1.25375094684717e-12
127219.353621	63.565951	-54.277469	7.26203661455593e-12	1.63073527293625e-12	-1.63073527293625e-12
127439.719227	161.625125	-156.799655	5.03155428527689e-12	8.21889142530688e-13	-8.21889142530688e-13
132341.164427	67.200245	-58.165175	7.76996875062182e-12	1.75890044608393e-12	-1.75890044608393e-12
132486.458678	62.315214	-78.094006	6.88553924622335e-12	1.54593893783168e-12	-1.54593893783168e-12
132617.718872	76.478840	-68.944980	6.37467629685857e-12	1.43713283049097e-12	-1.43713283049097e-12
132755.116565	119.607187	-60.918853	4.93455526566552e-12	1.11247479658219e-12	-1.11247479658219e-12
132992.304385	80.496566	-117.580634	4.29040162243382e-12	9.75260420838053e-13	-9.75260420838053e-13
133166.944348	63.816884	-94.143396	5.28589558726135e-12	1.19658046785341e-12	-1.19658046785341e-12
133301.587497	67.075614	-70.826266	5.97860301346484e-12	1.34784300608891e-12	-1.34784300608891e-12
133516.265771	143.241181	-147.602659	5.05700037008261e-12	8.66591457684472e-13	-8.66591457684472e-13
138178.607102	122.671570	-75.405819	4.1873102299202e-12	9.78038058474483e-13	-9.78038058474483e-13
138343.273591	58.297361	-41.994919	8.98864276276572e-12	2.01842360715246e-12	-2.01842360715246e-12
138479.166112	55.292100	-77.595160	7.56016117537844e-12	1.71217324977042e-12	-1.71217324977042e-12
138612.926713	94.535598	-78.468502	4.91748448328344e-12	1.27685404828283e-12	-1.27685404828283e-12
138790.196503	70.211489	-82.734191	7.30983091752876e-12	1.66258984628001e-12	-1.66258984628001e-12
138932.330917	93.559295	-71.922925	4.74741424674716e-12	1.19952655700657e-12	-1.19952655700657e-12
139108.444423	70.391509	-82.554211	5.668521338173e-12	1.25720452573882e-12	-1.25720452573882e-12
139311.602200	140.530231	-132.766269	5.61049108167698e-12	9.08529141310392e-13	-9.08529141310392e-13
143955.739191	100.145420	-92.917280	4.01358505822555e-12	1.01283339261653e-12	-1.01283339261653e-12
144145.217998	96.207313	-89.333387	3.92298609509066e-12	1.02308013971636e-12	-1.02308013971636e-12
144335.060901	109.456151	-93.635589	4.68506848723698e-12	1.06343491392578e-12	-1.06343491392578e-12
144534.519465	103.060107	-90.002413	4.87225698278576e-12	1.10178535916178e-12	-1.10178535916178e-12
144724.807190	100.820322	-87.227618	4.21838174557851e-12	1.027621939954e-12	-1.027621939954e-12
144895.319533	110.833979	-69.692021	5.06317934583746e-12	1.15361530238737e-12	-1.15361530238737e-12
145122.075649	112.242823	-115.922137	5.43216672591705e-12	1.06050555871993e-12	-1.06050555871993e-12
212229.626234	142.519318	-216.026762	1.78418462409203e-12	4.67734208389583e-13	-4.67734208389583e-13
212521.811989	141.181923	-149.666437	2.19908349406642e-12	5.76509342350637e-13	-5.76509342350637e-13
212840.230376	153.728715	-177.236465	1.93248494863539e-12	5.06628364476029e-13	-5.06628364476029e-13
213147.642393	162.237698	-153.683302	2.03581126575791e-12	5.30445465364439e-13	-5.30445465364439e-13
213447.177902	188.652149	-137.297811	1.97397088471221e-12	5.14352886058982e-13	-5.14352886058982e-13
213744.220498	104.730574	-108.390446	3.0030404893845e-12	7.87295186354956e-13	-7.87295186354956e-13
214087.555223	272.877048	-238.604152	2.09201917498666e-12	4.23894719101844e-13	-4.23894719101844e-13
218023.126453	160.590779	-220.521001	1.72924416165299e-12	4.50962632222555e-13	-4.50962632222555e-13
218321.688829	172.935202	-137.971598	2.12599041667362e-12	5.53312948666693e-13	-5.53312948666693e-13
218694.420970	269.070062	-199.796938	1.42567818495419e-12	3.73270045055526e-13	-3.73270045055526e-13
219162.302309	99.558283	-198.811278	2.33209583667787e-12	6.10592840613966e-13	-6.10592840613966e-13
219382.778727	139.841685	-120.918135	2.73492271751683e-12	7.11782293070625e-13	-7.11782293070625e-13
219914.649949	472.981803	-392.029537	1.61234029424957e-12	3.07040855693513e-13	-3.07040855693513e-13
266630.320945	3539.971526	-2482.766602	1.23949500483991e-12	3.32325610402525e-13	-3.32325610402525e-13
270300.658472	220.654200	-130.366000	2.45917631350983e-12	6.20658168422255e-13	-6.20658168422255e-13
275966.333616	232.802056	-238.574044	1.79403059915947e-12	4.67093776758974e-13	-4.67093776758974e-13
276345.131744	174.934628	-145.996072	2.64476535987588e-12	6.84028156014326e-13	-6.84028156014326e-13
287664.671660	193.834412	-237.422988	1.69782827967596e-12	4.44507793331104e-13	-4.44507793331104e-13
288037.918067	276.918124	-179.411996	1.59073913449796e-12	4.18996397873579e-13	-4.18996397873579e-13
288655.409236	226.073436	-340.573044	1.46374717063931e-12	3.57486605519696e-13	-3.57486605519696e-13
293522.867243	219.097148	-274.843060	1.40527622542522e-12	3.68566002415273e-13	-3.68566002415273e-13
294201.947110	422.589242	-459.982718	1.1973818402111e-12	2.54223458787209e-13	-2.54223458787209e-13
304923.682589	1777.594763	-4229.695477	9.13071705515617e-13	1.770966702919e-13	-1.770966702919e-13
312099.054258	241.348154	-184.892846	1.96496542525111e-12	4.94081961059223e-13	-4.94081961059223e-13
317628.729585	412.687347	-504.984453	1.29109952059062e-12	2.80045106198444e-13	-2.80045106198444e-13
323285.057732	576.038379	-341.633421	1.56939269985636e-12	2.9994202492876e-13	-2.9994202492876e-13
328672.281786	505.593766	-384.497734	9.38912209775623e-13	2.31238640526058e-13	-2.31238640526058e-13
333848.948541	333.127191	-341.340449	9.52471358223297e-13	2.52894226344131e-13	-2.52894226344131e-13
334480.477392	318.396759	-298.401661	1.04761456009753e-12	2.76457072037577e-13	-2.76457072037577e-13
335021.344840	178.690752	-222.470688	1.83348935557929e-12	4.52529683043604e-13	-4.52529683043604e-13
343291.913318	4268.794754	-2558.304574	8.12746628211878e-13	1.53000366592623e-13	-1.53000366592623e-13
361914.706319	6350.269813	-5247.131467	4.93209200903826e-13	1.31977356611012e-13	-1.31977356611012e-13
368801.446606	599.336325	-536.470474	1.00762306922009e-12	2.14672942081831e-13	-2.14672942081831e-13
374419.999109	595.764343	-412.175117	7.73745079327734e-13	2.06826927325764e-13	-2.06826927325764e-13
375319.890079	320.186212	-304.126628	1.3702847574081e-12	3.47795947937681e-13	-3.47795947937681e-13
380717.828440	741.847791	-950.579709	7.37146241657686e-13	1.64237143092461e-13	-1.64237143092461e-13
386317.685839	824.839573	-789.861627	8.20097788108143e-13	1.68387449066762e-13	-1.68387449066762e-13
459001.717930	3337.933802	-3874.362066	4.64411055570914e-13	9.34833904741452e-14	-9.34833904741452e-14
469287.935989	3912.336622	-2820.348538	5.06502358010391e-13	1.20882908312145e-13	-1.20882908312145e-13
493513.280447	8899.557905	-15449.261135	3.12670378076965e-13	6.38584240069831e-14	-6.38584240069831e-14
556629.919649	4590.759243	-2686.903077	3.60130372158734e-13	9.13051385243433e-14	-9.13051385243433e-14
569107.840639	3692.280052	-3164.019048	3.05195213694807e-13	8.29076728073937e-14	-8.29076728073937e-14
585659.627946	4459.637846	-8195.786534	3.11500465095924e-13	6.34326789798921e-14	-6.34326789798921e-14
643599.386155	4380.753137	-2474.937003	3.82282702835111e-13	9.20818242086446e-14	-9.20818242086446e-14
658319.252702	1240.852650	-5674.607270	3.26829430329048e-13	8.41675791202347e-14	-8.41675791202347e-14
669479.968437	6801.237194	-5255.523706	1.80517418045676e-13	5.01124711271055e-14	-5.01124711271055e-14
742987.008327	19949.539005	-21305.382755	2.14132566499372e-13	4.22478837476089e-14	-4.22478837476089e-14
903625.657866	85677.820966	-95273.864654	6.33584714907425e-14	1.96100644188713e-14	-1.96100644188713e-14
1002809.682139	9350.112593	-9749.274556	1.79681905676707e-13	4.70802892247857e-14	-4.70802892247857e-14
1080442.079785	63798.763147	-51993.850642	4.71478087602548e-14	1.71019275641108e-14	-1.71019275641108e-14
1174842.733718	22137.351334	-25681.977334	7.62052846089587e-14	2.0605793276616e-14	-2.0605793276616e-14
1246319.721257	31597.023315	-38337.349313	8.14740741972506e-14	2.31698675955802e-14	-2.31698675955802e-14
1381316.798511	69936.694640	-58837.566200	3.76571966999063e-14	1.13477540919104e-14	-1.13477540919104e-14
1674439.259521	123962.413171	-184504.471209	2.4096089699894e-14	9.57340895123223e-15	-9.57340895123223e-15
1876044.218396	43215.402116	-73077.989464	6.24473414533633e-14	1.75750002892699e-14	-1.75750002892699e-14
2274052.262204	84827.814628	-350567.421692	2.0897210970038e-14	1.00898550820999e-14	-1.00898550820999e-14
2557703.910876	106869.108396	-131341.320273	5.35657890346862e-14	1.59344442591489e-14	-1.59344442591489e-14
3066477.930344	90283.604948	-117761.310721	2.83049619033505e-14	1.13129704422627e-14	-1.13129704422627e-14
3264267.125064	268049.103908	-103282.552481	4.29341629234751e-14	1.50036462733565e-14	-1.50036462733565e-14
3608491.981970	56878.692282	-71781.754607	5.29563248126969e-14	1.43239370233038e-14	-1.43239370233038e-14
3839113.632706	335245.993186	-134350.186994	3.98164509020182e-14	1.22123052675882e-14	-1.22123052675882e-14
4848253.633617	748994.307295	-668939.047565	3.3682489747251e-14	9.16912220897389e-15	-9.16912220897389e-15
