READ TERR 1 2
NO	NO	NO	NO	NO	NO
!Time	Poserr	Negerr	Flux	PosErr	NegErr
!XRT wt mode data
213.068224	0.756666	-0.826762	1.8287193319228e-09	2.72609410869997e-10	-2.72609410869997e-10
214.772046	1.006293	-0.947156	1.42607804133979e-09	2.21964896521515e-10	-2.21964896521515e-10
216.652298	0.985215	-0.873960	1.52616832529449e-09	2.30778244383014e-10	-2.30778244383014e-10
218.688889	0.790027	-1.051376	1.58480219129588e-09	2.39644547963684e-10	-2.39644547963684e-10
220.843918	1.397950	-1.365002	1.10727308605082e-09	1.67435350295984e-10	-1.67435350295984e-10
223.226965	0.552059	-0.985098	2.02499066606119e-09	3.0620724908594e-10	-3.0620724908594e-10
224.784647	1.029702	-1.005622	1.47053550954462e-09	2.25588313901406e-10	-2.25588313901406e-10
226.940729	1.029910	-1.126379	1.35421800834414e-09	2.04776958866628e-10	-2.04776958866628e-10
229.265100	1.150029	-1.294461	1.13025087041234e-09	1.709099523696e-10	-1.709099523696e-10
231.660048	1.301000	-1.244919	1.01309371485545e-09	1.55414179359792e-10	-1.55414179359792e-10
234.105663	1.155794	-1.144614	1.12404769758969e-09	1.72435181611969e-10	-1.72435181611969e-10
236.601104	1.665272	-1.339648	8.75937659364324e-10	1.32454207483153e-10	-1.32454207483153e-10
239.814192	1.560312	-1.547815	8.43866560726819e-10	1.31345356458993e-10	-1.31345356458993e-10
242.545953	1.164539	-1.171449	1.16734597197118e-09	1.76519224516297e-10	-1.76519224516297e-10
245.123366	1.068977	-1.412874	1.15916043962826e-09	1.7528150727478e-10	-1.7528150727478e-10
247.476851	1.071044	-1.284509	1.30415698256516e-09	1.97207039452537e-10	-1.97207039452537e-10
249.394808	0.741843	-0.846913	1.97918094094753e-09	2.95038875161861e-10	-2.95038875161861e-10
251.402084	1.196877	-1.265433	1.23325955491423e-09	1.8384350782009e-10	-1.8384350782009e-10
253.442168	0.884292	-0.843206	1.69603027105795e-09	2.5282923853359e-10	-2.5282923853359e-10
255.590761	1.165981	-1.264301	1.12930232542875e-09	1.73241249692349e-10	-1.73241249692349e-10
257.498589	0.909183	-0.741847	1.61989643161725e-09	2.44951272153146e-10	-2.44951272153146e-10
259.488237	0.901468	-1.080465	1.37677873720451e-09	2.05238051747396e-10	-2.05238051747396e-10
261.683774	1.321227	-1.294069	1.04392059945084e-09	1.60143209578118e-10	-1.60143209578118e-10
264.213014	0.951827	-1.208012	1.30612515249481e-09	1.94705666925125e-10	-1.94705666925125e-10
266.139821	1.138634	-0.974980	1.31121191494361e-09	2.01147187850822e-10	-2.01147187850822e-10
268.726690	1.554891	-1.448235	9.30039727056438e-10	1.40635159133747e-10	-1.40635159133747e-10
271.826855	1.557516	-1.545274	9.03530886013863e-10	1.34690431723598e-10	-1.34690431723598e-10
274.791969	1.140107	-1.407597	1.05221505067806e-09	1.59109797882838e-10	-1.59109797882838e-10
277.598113	1.554140	-1.666038	8.07513104806982e-10	1.20376952498235e-10	-1.20376952498235e-10
280.565871	1.829721	-1.413618	7.86477455452159e-10	1.17241157175542e-10	-1.17241157175542e-10
284.270456	1.315083	-1.874863	7.79058131003687e-10	1.1951184780323e-10	-1.1951184780323e-10
287.412653	1.788059	-1.827114	6.97145603859253e-10	1.05418310769311e-10	-1.05418310769311e-10
291.165825	1.847529	-1.965113	6.66832890392099e-10	1.00834561415152e-10	-1.00834561415152e-10
294.509552	1.457144	-1.496197	8.86019406139533e-10	1.32079989885798e-10	-1.32079989885798e-10
296.933963	0.986202	-0.967267	1.34219076143877e-09	2.05899519482279e-10	-2.05899519482279e-10
299.527705	1.160752	-1.607540	9.556709413889e-10	1.48747385116163e-10	-1.48747385116163e-10
301.938708	1.242310	-1.250251	1.04506440105305e-09	1.6031865365711e-10	-1.6031865365711e-10
304.270343	1.170173	-1.089325	1.13706156119303e-09	1.71939812726727e-10	-1.71939812726727e-10
306.694888	1.012200	-1.254372	1.16319411130918e-09	1.75891418735906e-10	-1.75891418735906e-10
308.834695	1.000217	-1.127607	1.29998449991789e-09	1.93790237134909e-10	-1.93790237134909e-10
310.872161	1.006957	-1.037249	1.43705227624637e-09	2.14223115131212e-10	-2.14223115131212e-10
312.675424	0.861834	-0.796306	1.88524113414839e-09	2.81035154582917e-10	-2.81035154582917e-10
314.518444	0.947379	-0.981187	1.59840181041605e-09	2.45203699472744e-10	-2.45203699472744e-10
316.508752	0.972803	-1.042929	1.47906605822322e-09	2.20486172313313e-10	-2.20486172313313e-10
318.737833	1.437310	-1.256278	1.04908227981157e-09	1.56387928588899e-10	-1.56387928588899e-10
321.485874	1.222735	-1.310730	1.0944171544564e-09	1.67889690854303e-10	-1.67889690854303e-10
323.721084	1.134909	-1.012475	1.28927461080611e-09	1.97781858770415e-10	-1.97781858770415e-10
325.775908	1.088709	-0.919915	1.37712194424279e-09	2.0528924422324e-10	-2.0528924422324e-10
327.928092	1.252944	-1.063475	1.14786419824008e-09	1.76088734897378e-10	-1.76088734897378e-10
330.328639	1.204391	-1.147603	1.21433571322965e-09	1.81022494105215e-10	-1.81022494105215e-10
332.868020	1.687718	-1.334990	9.9257443191746e-10	1.47964273070461e-10	-1.47964273070461e-10
335.603782	1.102916	-1.048044	1.29582219472221e-09	1.9316977509372e-10	-1.9316977509372e-10
337.792220	0.878633	-1.085522	1.32384705658514e-09	2.00184414390002e-10	-2.00184414390002e-10
339.868400	0.884000	-1.197547	1.22134281631043e-09	1.87360748703951e-10	-1.87360748703951e-10
342.014879	0.876031	-1.262479	1.22655658743069e-09	1.85472731656895e-10	-1.85472731656895e-10
344.247593	0.970399	-1.356683	1.19481179025182e-09	1.78112029437336e-10	-1.78112029437336e-10
346.675328	1.246917	-1.457336	1.13687477643789e-09	1.71911587305135e-10	-1.71911587305135e-10
349.068515	1.291124	-1.146270	1.41914437280479e-09	2.11553537691261e-10	-2.11553537691261e-10
351.441044	1.302614	-1.081405	1.35433987438581e-09	2.07763280189062e-10	-2.07763280189062e-10
353.687994	0.719150	-0.944336	1.89733712342504e-09	2.82838342370715e-10	-2.82838342370715e-10
355.646101	1.032960	-1.238957	1.34713469280118e-09	2.03705859687811e-10	-2.03705859687811e-10
357.616542	0.791818	-0.937480	1.80579578372813e-09	2.69192148932918e-10	-2.69192148932918e-10
359.272984	0.919834	-0.864625	1.75962920698415e-09	2.62310056658466e-10	-2.62310056658466e-10
360.983154	0.561798	-0.790336	2.21333764073845e-09	3.39538274329027e-10	-3.39538274329027e-10
362.909217	1.092677	-1.364266	1.20953153175897e-09	1.80306328252234e-10	-1.80306328252234e-10
364.880931	0.631447	-0.879037	1.98153441416939e-09	2.95389693454043e-10	-2.95389693454043e-10
366.294978	0.857741	-0.782600	1.85712564871174e-09	2.76843934963893e-10	-2.76843934963893e-10
367.899623	0.864990	-0.746904	1.88666381480404e-09	2.89424679654403e-10	-2.89424679654403e-10
369.384611	0.589798	-0.619997	2.59837516424139e-09	3.92911150168078e-10	-3.92911150168078e-10
370.719246	0.603741	-0.744838	2.30924404243767e-09	3.59427092214875e-10	-3.59427092214875e-10
372.283016	0.634044	-0.960029	2.06745853399085e-09	3.08198539570117e-10	-3.08198539570117e-10
373.866349	0.756889	-0.949288	1.93419035776329e-09	2.96715545943473e-10	-2.96715545943473e-10
375.111548	0.470626	-0.488310	3.54194010241256e-09	5.28001275077296e-10	-5.28001275077296e-10
376.043831	0.401221	-0.461658	3.9241413950182e-09	5.84976459178878e-10	-5.84976459178878e-10
376.904664	0.671920	-0.459612	2.96134844146943e-09	4.47797834804588e-10	-4.47797834804588e-10
377.963688	0.486434	-0.387104	4.17895198605972e-09	6.22961405995626e-10	-6.22961405995626e-10
378.866952	0.467393	-0.416830	4.30208970333511e-09	6.69607647838233e-10	-6.69607647838233e-10
379.879767	0.486455	-0.545422	4.10362495263666e-09	6.20526254969852e-10	-6.20526254969852e-10
380.950098	0.574328	-0.583876	3.55949473960804e-09	5.54024962906499e-10	-5.54024962906499e-10
382.006295	0.510879	-0.481869	4.18988636445028e-09	6.24591367026513e-10	-6.24591367026513e-10
383.066283	0.440090	-0.549108	4.11887517421884e-09	6.14005625194979e-10	-6.14005625194979e-10
383.891958	0.395451	-0.385586	5.12305497362281e-09	7.63699928403103e-10	-7.63699928403103e-10
384.817942	0.568955	-0.530533	3.54639383805129e-09	5.28665213766678e-10	-5.28665213766678e-10
385.795231	0.438533	-0.408335	4.43118656662207e-09	6.70058180749741e-10	-6.70058180749741e-10
386.621545	0.446633	-0.387780	4.49744793198055e-09	6.7043994564576e-10	-6.7043994564576e-10
387.532248	0.377437	-0.464071	4.56186685155818e-09	6.80042966601583e-10	-6.80042966601583e-10
388.266534	0.317425	-0.356849	5.77745562531293e-09	8.61252205912851e-10	-8.61252205912851e-10
388.999872	0.306418	-0.415913	5.59555422747936e-09	8.25019458479283e-10	-8.25019458479283e-10
389.606152	0.244542	-0.299862	7.2810684348623e-09	1.08539758160973e-09	-1.08539758160973e-09
390.262399	0.397789	-0.411704	4.88165647087446e-09	7.27714375199372e-10	-7.27714375199372e-10
391.156404	0.432492	-0.496216	4.21505625166876e-09	6.37376204830117e-10	-6.37376204830117e-10
391.938467	0.376314	-0.349572	4.9720065262441e-09	7.51837822085134e-10	-7.51837822085134e-10
392.656231	0.318603	-0.341449	5.12627777176844e-09	7.64180398169005e-10	-7.64180398169005e-10
393.372104	0.470933	-0.397270	3.61739057721181e-09	5.47000670186947e-10	-5.47000670186947e-10
394.362008	0.423970	-0.518970	3.34843754959597e-09	4.99155596549745e-10	-4.99155596549745e-10
395.109832	0.337983	-0.323854	4.70313452349587e-09	7.11180590364593e-10	-7.11180590364593e-10
395.702952	0.312384	-0.255137	5.98329834594981e-09	8.94592351668287e-10	-8.94592351668287e-10
396.406495	0.388085	-0.391158	4.73084754825657e-09	7.05233085225004e-10	-7.05233085225004e-10
397.135788	0.343758	-0.341208	5.8213477718735e-09	8.6779527945015e-10	-8.6779527945015e-10
397.797363	0.322671	-0.317817	6.17847114914452e-09	9.21032100350946e-10	-9.21032100350946e-10
398.503103	0.373066	-0.383069	5.32551635632334e-09	7.85204538095709e-10	-7.85204538095709e-10
399.183418	0.335006	-0.307249	6.08164007425108e-09	9.06597398078332e-10	-9.06597398078332e-10
399.867546	0.414115	-0.349122	4.65708520527007e-09	6.94237243530634e-10	-6.94237243530634e-10
400.569867	0.290012	-0.288206	5.49953833449342e-09	8.19822795943795e-10	-8.19822795943795e-10
401.206649	0.432491	-0.346770	3.82883048056487e-09	5.70768332190359e-10	-5.70768332190359e-10
402.063443	0.310477	-0.424303	4.35782790243103e-09	6.58965320643632e-10	-6.58965320643632e-10
402.745997	0.433856	-0.372077	4.27144090468095e-09	6.47694341778305e-10	-6.47694341778305e-10
403.621867	0.440418	-0.442015	3.78623851943723e-09	5.80830008265863e-10	-5.80830008265863e-10
404.369337	0.351222	-0.307052	4.79867627545528e-09	7.36143606705204e-10	-7.36143606705204e-10
405.138988	0.403528	-0.418430	3.67485680723805e-09	5.55690428784068e-10	-5.55690428784068e-10
406.073074	0.520892	-0.530558	2.75109656387076e-09	4.16004747929546e-10	-4.16004747929546e-10
407.099823	0.518924	-0.505856	2.72090819520974e-09	4.0560907068437e-10	-4.0560907068437e-10
408.120552	0.305905	-0.501806	3.57293889463477e-09	5.32622274233083e-10	-5.32622274233083e-10
408.766295	0.473222	-0.339838	3.61363488723222e-09	5.46432760491757e-10	-5.46432760491757e-10
409.768671	0.509860	-0.529154	2.94556248992806e-09	4.39098500261287e-10	-4.39098500261287e-10
410.700771	0.421063	-0.422240	3.73311270693708e-09	5.56499567191301e-10	-5.56499567191301e-10
411.458359	0.444500	-0.336525	4.05102384077517e-09	6.03891009009957e-10	-6.03891009009957e-10
412.305154	0.394741	-0.402295	3.83799037722698e-09	5.80358510085951e-10	-5.80358510085951e-10
413.074773	0.445299	-0.374877	3.70883970858316e-09	5.52881174302657e-10	-5.52881174302657e-10
413.980966	0.485596	-0.460894	3.15302654845087e-09	4.83691753539031e-10	-4.83691753539031e-10
414.927816	0.339345	-0.461254	3.75422576953845e-09	5.75919063580748e-10	-5.75919063580748e-10
415.783738	0.460167	-0.516577	3.13148342849211e-09	4.66813984569855e-10	-4.66813984569855e-10
416.764340	0.440297	-0.520435	3.16169882201468e-09	4.71318259493498e-10	-4.71318259493498e-10
417.708207	0.633276	-0.503570	2.6255287462419e-09	4.02770691429254e-10	-4.02770691429254e-10
419.680896	0.813317	-1.339413	2.69640466746679e-09	4.07734560999343e-10	-4.07734560999343e-10
420.999443	0.462600	-0.505230	3.28406686505333e-09	4.89559760028322e-10	-4.89559760028322e-10
421.886382	0.475907	-0.424338	3.45614797722941e-09	5.22618548374837e-10	-5.22618548374837e-10
422.860573	0.474882	-0.498284	3.12456466446768e-09	4.79325593903708e-10	-4.79325593903708e-10
423.929322	0.528761	-0.593867	2.7026004069269e-09	4.08671475690676e-10	-4.08671475690676e-10
424.958310	0.526333	-0.500227	2.94704703276031e-09	4.39319829516286e-10	-4.39319829516286e-10
426.122992	0.646166	-0.638349	2.29172492861578e-09	3.46541282349343e-10	-3.46541282349343e-10
427.300118	0.509834	-0.530960	2.79341967591714e-09	4.22404606681361e-10	-4.22404606681361e-10
428.478312	0.577010	-0.668360	2.30270468225574e-09	3.53247657235238e-10	-3.53247657235238e-10
429.773201	0.520380	-0.717879	2.42611840796449e-09	3.6686347582223e-10	-3.6686347582223e-10
430.913148	0.536870	-0.619567	2.64557559965251e-09	4.05845967460208e-10	-4.05845967460208e-10
432.114874	0.719296	-0.664856	2.26219520284097e-09	3.42075990045842e-10	-3.42075990045842e-10
433.472314	0.610800	-0.638144	2.57570883920119e-09	3.83964018152854e-10	-3.83964018152854e-10
434.717786	0.612502	-0.634672	2.48871654839597e-09	3.70995957423952e-10	-3.70995957423952e-10
436.098800	0.638756	-0.768511	1.97884389503951e-09	3.08001239997813e-10	-3.08001239997813e-10
437.245739	0.584184	-0.508183	2.52951193013419e-09	3.82498019350124e-10	-3.82498019350124e-10
438.547596	0.614884	-0.717673	2.22684599060522e-09	3.31958613601355e-10	-3.31958613601355e-10
439.776337	0.627979	-0.613856	2.45081101153039e-09	3.70597361749976e-10	-3.70597361749976e-10
440.881089	0.508854	-0.476773	2.91815694203785e-09	4.35013131841102e-10	-4.35013131841102e-10
441.858372	0.511865	-0.468430	2.85346671809905e-09	4.20720693235816e-10	-4.20720693235816e-10
443.192111	0.649471	-0.821873	1.88655463301816e-09	2.85273806662331e-10	-2.85273806662331e-10
444.538039	0.564908	-0.696456	2.29059411677896e-09	3.41461624868506e-10	-3.41461624868506e-10
445.529862	0.606762	-0.426915	2.75173314930802e-09	4.10204168068549e-10	-4.10204168068549e-10
446.762308	0.630377	-0.625685	2.18889863151446e-09	3.30992484202891e-10	-3.30992484202891e-10
447.966144	0.618546	-0.573458	2.27297880349574e-09	3.43706605260203e-10	-3.43706605260203e-10
449.459889	0.706454	-0.875199	1.67174936583044e-09	2.56455641504949e-10	-2.56455641504949e-10
450.901983	0.536418	-0.735640	2.1448863369607e-09	3.19740769242535e-10	-3.19740769242535e-10
452.245145	0.709067	-0.806744	1.80731973984715e-09	2.73292326659626e-10	-2.73292326659626e-10
453.658515	0.727870	-0.704302	1.92948850309102e-09	2.8763116257513e-10	-2.8763116257513e-10
454.984221	0.683140	-0.597835	2.09221381878191e-09	3.16372386400144e-10	-3.16372386400144e-10
456.147316	0.514561	-0.479956	2.80190406429393e-09	4.17683171396091e-10	-4.17683171396091e-10
457.368729	0.721791	-0.706853	2.05536485845885e-09	3.0639572902678e-10	-3.0639572902678e-10
458.776225	0.703786	-0.685704	2.14065699014808e-09	3.19110317643374e-10	-3.19110317643374e-10
460.169589	0.845806	-0.689578	1.83067556136099e-09	2.76824052356417e-10	-2.76824052356417e-10
461.655861	0.553310	-0.640466	2.3209846659901e-09	3.45991947100665e-10	-3.45991947100665e-10
463.078907	0.775945	-0.869736	1.69623382487173e-09	2.56494587252398e-10	-2.56494587252398e-10
464.456525	0.568997	-0.601673	2.42220054871113e-09	3.66271035623609e-10	-3.66271035623609e-10
465.784746	0.777927	-0.759225	1.86756253924422e-09	2.78399767438328e-10	-2.78399767438328e-10
467.025163	0.772229	-0.462490	2.31557320780409e-09	3.4518529281839e-10	-3.4518529281839e-10
468.554508	0.643047	-0.757116	1.92852185337504e-09	2.916198235954e-10	-2.916198235954e-10
470.204890	0.983478	-1.007335	1.27723672761725e-09	1.95935195814209e-10	-1.95935195814209e-10
472.171435	0.877898	-0.983067	1.40694426092692e-09	2.12749899210763e-10	-2.12749899210763e-10
473.971397	0.698708	-0.922063	1.67925227207668e-09	2.50328147746474e-10	-2.50328147746474e-10
475.729540	1.009696	-1.059435	1.27130479577826e-09	1.97874868547486e-10	-1.97874868547486e-10
477.623221	0.770569	-0.883985	1.58457755897253e-09	2.4308297923597e-10	-2.4308297923597e-10
479.204321	0.714186	-0.810531	1.72125543911584e-09	2.6405015871948e-10	-2.6405015871948e-10
480.762993	0.786959	-0.844486	1.65060408228176e-09	2.46057513305159e-10	-2.46057513305159e-10
482.358040	0.921232	-0.808088	1.50853974610453e-09	2.31418354411163e-10	-2.31418354411163e-10
484.345199	1.038769	-1.065926	1.22168668898897e-09	1.84736321553341e-10	-1.84736321553341e-10
486.360483	0.816808	-0.976515	1.43481095251618e-09	2.1388898375296e-10	-2.1388898375296e-10
488.172800	0.991775	-0.995509	1.2959304789299e-09	1.98802903757912e-10	-1.98802903757912e-10
490.396582	0.773064	-1.232007	1.32414670530447e-09	2.03131457204572e-10	-2.03131457204572e-10
492.227145	1.072104	-1.057498	1.20083312273443e-09	1.86906151860454e-10	-1.86906151860454e-10
494.024842	0.672794	-0.725593	1.82929829541574e-09	2.7661583064605e-10	-2.7661583064605e-10
495.809871	0.942636	-1.112236	1.22876538964074e-09	1.8849941825157e-10	-1.8849941825157e-10
497.585263	1.044224	-0.832756	1.38819889517019e-09	2.09915352826048e-10	-2.09915352826048e-10
499.920208	1.185806	-1.290721	1.06810145794766e-09	1.61512091137903e-10	-1.61512091137903e-10
502.058717	0.835312	-0.952703	1.44579232824189e-09	2.18624264527692e-10	-2.18624264527692e-10
503.878474	1.194959	-0.984445	1.16204514289881e-09	1.75717667954414e-10	-1.75717667954414e-10
506.324964	1.155625	-1.251531	1.04626264499183e-09	1.60502515100483e-10	-1.60502515100483e-10
508.493243	1.013770	-1.012654	1.25880713372715e-09	1.90349458337344e-10	-1.90349458337344e-10
511.056492	1.275745	-1.549479	8.82389019485464e-10	1.37341255861798e-10	-1.37341255861798e-10
513.492409	1.826973	-1.160172	8.53935913905814e-10	1.2912719875127e-10	-1.2912719875127e-10
516.712352	1.613745	-1.392970	8.50606562367748e-10	1.28623749746905e-10	-1.28623749746905e-10
519.605520	1.350096	-1.279423	9.91884677951953e-10	1.49987013059805e-10	-1.49987013059805e-10
522.526706	1.652680	-1.571089	8.47258640507528e-10	1.26301835692413e-10	-1.26301835692413e-10
525.551273	1.754031	-1.371886	8.41485154889196e-10	1.32904611943809e-10	-1.32904611943809e-10
529.011534	1.668745	-1.706230	7.66998432369563e-10	1.17661816347865e-10	-1.17661816347865e-10
532.451071	1.716278	-1.770791	7.06729932909651e-10	1.10000445458823e-10	-1.10000445458823e-10
536.179876	2.558018	-2.012527	5.6400422122791e-10	8.52854378536697e-11	-8.52854378536697e-11
541.029201	2.126262	-2.291306	6.07570151993572e-10	9.18732258974648e-11	-9.18732258974648e-11
544.757113	1.839149	-1.601650	7.71506761652027e-10	1.16662773406366e-10	-1.16662773406366e-10
548.873680	1.873264	-2.277418	6.07074350864315e-10	9.31285749959669e-11	-9.31285749959669e-11
552.672268	2.268053	-1.925324	6.1528279851597e-10	9.43878101128988e-11	-9.43878101128988e-11
557.034224	2.216898	-2.093902	6.41297072367115e-10	9.98160338148376e-11	-9.98160338148376e-11
560.954422	1.749957	-1.703300	5.32167274073384e-10	9.92668508554122e-11	-9.92668508554122e-11
564.746214	1.980765	-2.041834	6.31112447132286e-10	9.681614350655e-11	-9.681614350655e-11
568.591632	2.762814	-1.864653	4.71547985986723e-10	7.82742873403571e-11	-7.82742873403571e-11
573.207399	2.071795	-1.852954	4.20259814526295e-10	8.01132651365342e-11	-8.01132651365342e-11
577.354933	1.429133	-2.075739	4.80640577384262e-10	8.96554338893002e-11	-8.96554338893002e-11
580.779644	1.685392	-1.995578	4.44896981678567e-10	8.66952142272735e-11	-8.66952142272735e-11
584.813948	1.791115	-2.348911	4.19625053541494e-10	7.66127209241589e-11	-7.66127209241589e-11
589.419953	2.867615	-2.814891	2.95341951634549e-10	5.63004504607927e-11	-5.63004504607927e-11
593.866818	1.936292	-1.579250	4.77857323465157e-10	9.1408019585664e-11	-9.1408019585664e-11
597.668547	1.575352	-1.865438	4.81515499008656e-10	9.1790337161625e-11	-9.1790337161625e-11
601.407646	1.931798	-2.163747	4.23844835914139e-10	7.7383123789849e-11	-7.7383123789849e-11
605.684013	2.640504	-2.344568	5.18684884728248e-10	7.81947034847004e-11	-7.81947034847004e-11
610.771495	2.701774	-2.446978	3.53084483934687e-10	6.44641272744888e-11	-6.44641272744888e-11
615.665861	1.983013	-2.192592	4.39337124070042e-10	8.02116021036034e-11	-8.02116021036034e-11
620.032710	2.120890	-2.383837	5.76105477237128e-10	9.23426769184952e-11	-9.23426769184952e-11
NO	NO	NO	NO	NO	NO
!Time	Poserr	Negerr	Flux	PosErr	NegErr
!XRT pc mode data
171.266284	8.310988	-14.254740	5.92178020323391e-10	1.2551235825027e-10	-1.2551235825027e-10
185.879979	6.233853	-6.302707	1.45274659994698e-09	2.42124433324496e-10	-2.42124433324496e-10
202.438916	7.226055	-10.325085	1.13499560018495e-09	1.68671470471067e-10	-1.68671470471067e-10
3851.993234	27.866917	-24.786631	2.08851731350057e-11	4.68785566331712e-12	-4.68785566331712e-12
3911.919724	30.623288	-32.059572	1.75316562800158e-11	3.93511959700674e-12	-3.93511959700674e-12
3977.228680	30.504492	-34.685668	1.68546936021267e-11	3.76883337499104e-12	-3.76883337499104e-12
4041.305056	29.110936	-33.571884	1.82568529355995e-11	3.99842012164362e-12	-3.99842012164362e-12
4106.490404	29.115748	-36.074412	2.91650396652259e-11	6.57079627491615e-12	-6.57079627491615e-12
4184.754216	46.129816	-49.148064	2.17273917963479e-11	4.85840284973511e-12	-4.85840284973511e-12
4261.934346	26.617846	-31.050315	2.41188928534683e-11	5.43440705102208e-12	-5.43440705102208e-12
4315.111213	21.079939	-26.559021	2.32911306268574e-11	5.22788019830874e-12	-5.22788019830874e-12
4367.754921	26.104411	-31.563769	1.93760591903959e-11	4.36576396991959e-12	-4.36576396991959e-12
4432.312992	29.243740	-38.453660	1.68339603736448e-11	3.76418050449732e-12	-3.76418050449732e-12
4487.357561	29.360010	-25.800830	2.05303555831065e-11	4.59071092016719e-12	-4.59071092016719e-12
4563.879515	33.072016	-47.161944	1.44027770690384e-11	3.17739688168317e-12	-3.17739688168317e-12
4627.005522	30.121449	-30.053991	1.83421501063178e-11	4.11704840912767e-12	-4.11704840912767e-12
4688.929835	30.879877	-31.802863	1.77904930415631e-11	3.97804775716682e-12	-3.97804775716682e-12
4766.143178	31.393113	-46.333467	1.51488066733246e-11	3.31773767982973e-12	-3.31773767982973e-12
4839.850377	35.412554	-42.314086	1.45543032969774e-11	3.26683134892151e-12	-3.26683134892151e-12
4915.569296	29.898276	-40.306364	1.99864699060862e-11	4.27588848675308e-12	-4.27588848675308e-12
4997.424222	50.842990	-51.956650	2.02395320997551e-11	4.6112325652475e-12	-4.6112325652475e-12
5089.470276	29.001556	-41.203064	1.7041115557448e-11	3.85435860434829e-12	-3.85435860434829e-12
5159.650739	54.098752	-41.178908	1.22062973763558e-11	2.67328416962226e-12	-2.67328416962226e-12
5262.950473	38.554779	-49.200981	2.15738254598679e-11	4.84202682806956e-12	-4.84202682806956e-12
5345.179280	49.096312	-43.674028	1.86868130341073e-11	4.19441066710709e-12	-4.19441066710709e-12
5439.996789	26.990683	-45.721197	1.487135585431e-11	3.35075519139392e-12	-3.35075519139392e-12
5514.245597	45.512175	-47.258125	1.22633189648138e-11	2.68576147896256e-12	-2.68576147896256e-12
5592.430172	37.532140	-32.672400	1.5423331417547e-11	3.475122981778e-12	-3.475122981778e-12
5669.848990	40.347121	-39.886679	1.42211253272186e-11	3.12590588004898e-12	-3.12590588004898e-12
5758.806693	26.608579	-48.610581	1.45793583046973e-11	3.26005795608662e-12	-3.26005795608662e-12
5815.344957	32.752974	-29.929686	1.75233339612731e-11	3.91835595435036e-12	-3.91835595435036e-12
5882.492580	40.824492	-34.394648	1.53779024241494e-11	3.35574186743865e-12	-3.35574186743865e-12
5969.762669	41.310102	-46.445598	1.31694432029813e-11	2.8947315922158e-12	-2.8947315922158e-12
6063.898748	34.929743	-52.825977	1.25320742305931e-11	2.82367657068654e-12	-2.82367657068654e-12
6128.390888	25.598324	-29.562396	1.98587679312522e-11	4.47449580459796e-12	-4.47449580459796e-12
6191.694389	27.484823	-37.705177	1.67370059668871e-11	3.77112791035941e-12	-3.77112791035941e-12
6256.293834	30.582618	-37.114623	1.77734186391944e-11	3.80244026297545e-12	-3.80244026297545e-12
6332.529037	71.640546	-45.652585	1.62453173785241e-11	3.16319909698061e-12	-3.16319909698061e-12
9678.920688	42.027984	-60.771816	1.07499910345531e-11	2.40378785522399e-12	-2.40378785522399e-12
9809.366578	59.513694	-88.417906	7.33032423485292e-12	1.6642613579302e-12	-1.6642613579302e-12
9924.614037	49.573454	-55.733766	1.0247392042338e-11	2.31765989061162e-12	-2.31765989061162e-12
10010.513925	36.385647	-36.326433	1.48574483990731e-11	3.33482939156035e-12	-3.33482939156035e-12
10090.986299	61.220473	-44.086727	1.01848792407867e-11	2.29477445202931e-12	-2.29477445202931e-12
10234.976698	67.668834	-82.769926	7.01858228404515e-12	1.59963726170378e-12	-1.59963726170378e-12
10345.489766	42.404386	-42.844234	1.25704205888177e-11	2.81084770947224e-12	-2.81084770947224e-12
10469.073131	61.737781	-81.178979	7.85382801750235e-12	1.73258483282444e-12	-1.73258483282444e-12
10589.671116	63.998036	-58.860204	8.84244383801267e-12	1.99229190755649e-12	-1.99229190755649e-12
10725.703827	48.316205	-72.034675	9.10610618444543e-12	2.04392943151411e-12	-2.04392943151411e-12
10832.379009	51.962642	-58.358978	9.76085835265404e-12	2.20762596107597e-12	-2.20762596107597e-12
10955.257224	56.957168	-70.915572	8.41514071981458e-12	1.88167558224184e-12	-1.88167558224184e-12
11090.399665	49.687427	-78.185274	8.67791091982532e-12	1.92135781231517e-12	-1.92135781231517e-12
11218.352557	69.665654	-78.265466	7.1484793471374e-12	1.61676513157098e-12	-1.61676513157098e-12
11333.999827	36.759464	-45.981616	1.28586010561583e-11	2.88618466803365e-12	-2.88618466803365e-12
11442.269800	61.376752	-71.510508	7.97585971512409e-12	1.7970232985261e-12	-1.7970232985261e-12
11548.744387	50.179845	-45.097835	1.11672229039916e-11	2.50652255722244e-12	-2.50652255722244e-12
11678.826199	73.043753	-79.901967	6.89343317943587e-12	1.5651052624414e-12	-1.5651052624414e-12
11813.246966	58.973725	-61.377015	8.8594561070422e-12	1.99613520837414e-12	-1.99613520837414e-12
11918.273929	104.385182	-46.053238	7.05742282060842e-12	1.60233290196914e-12	-1.60233290196914e-12
12080.078441	98.332303	-57.419329	1.0613180952722e-11	2.15806465471636e-12	-2.15806465471636e-12
15446.605811	35.996821	-44.237259	1.53330955020039e-11	3.4285777452494e-12	-3.4285777452494e-12
15546.381489	49.050383	-63.778857	1.12063166536477e-11	2.48197489522525e-12	-2.48197489522525e-12
15652.451558	40.765593	-57.019687	1.22185304191453e-11	2.73213280518654e-12	-2.73213280518654e-12
15744.938240	48.571492	-51.721088	1.21820690686845e-11	2.67808159137325e-12	-2.67808159137325e-12
15844.285913	44.501739	-50.776181	1.29415579001165e-11	2.84502428825206e-12	-2.84502428825206e-12
15940.534509	53.560303	-51.746857	1.11755853231433e-11	2.53817764831475e-12	-2.53817764831475e-12
16046.971469	39.893902	-52.876658	1.27080759749851e-11	2.87496975207864e-12	-2.87496975207864e-12
16146.259132	43.406020	-59.393760	1.13767050435539e-11	2.56372122266894e-12	-2.56372122266894e-12
16229.774825	25.080487	-40.109673	1.75883242202434e-11	4.01034176953159e-12	-4.01034176953159e-12
16299.592745	38.003806	-44.737434	1.4073783900974e-11	3.19643845246184e-12	-3.19643845246184e-12
16396.609840	53.815692	-59.013288	1.06492135643293e-11	2.38124462667496e-12	-2.38124462667496e-12
16485.886111	42.266080	-35.460580	1.53382061708911e-11	3.44302306520032e-12	-3.44302306520032e-12
16567.004902	28.844629	-38.852711	1.72787101604954e-11	3.90897091881448e-12	-3.90897091881448e-12
16638.627940	47.484752	-42.778408	1.36143897011741e-11	3.00409663053003e-12	-3.00409663053003e-12
16725.708861	50.666971	-39.596169	1.35772965832563e-11	3.04773525371688e-12	-3.04773525371688e-12
16809.324986	52.299306	-32.949154	1.46734151170619e-11	3.31956996079852e-12	-3.31956996079852e-12
16911.689391	45.212561	-50.065099	2.19962055211939e-11	4.81773332171042e-12	-4.81773332171042e-12
17030.213770	67.097402	-73.311818	1.57678686210926e-11	3.4910336598489e-12	-3.4910336598489e-12
17151.818675	63.335877	-54.507503	9.88049613004009e-12	2.23525051884089e-12	-2.23525051884089e-12
17261.397183	56.556929	-46.242631	1.13941869514671e-11	2.54782393832686e-12	-2.54782393832686e-12
17375.452301	55.330630	-57.498190	1.04015348874157e-11	2.3531206896051e-12	-2.3531206896051e-12
17484.552553	36.493418	-53.769622	1.37399168547251e-11	3.08428504642905e-12	-3.08428504642905e-12
17558.395898	27.840074	-37.349926	1.96406217124407e-11	4.40883435871687e-12	-4.40883435871687e-12
17616.567407	34.858545	-30.331435	2.00972100709102e-11	4.49387207940338e-12	-4.49387207940338e-12
17684.510365	34.612886	-33.084414	1.97995552727721e-11	4.42730192200388e-12	-4.42730192200388e-12
17767.362751	59.574721	-48.239499	1.166641034897e-11	2.64967606003006e-12	-2.64967606003006e-12
17860.655645	21.442607	-33.718173	2.1734266461733e-11	4.8599519706476e-12	-4.8599519706476e-12
17925.161414	39.675457	-43.063163	1.53524811265074e-11	3.33337900861695e-12	-3.33337900861695e-12
21213.374419	31.706932	-28.468676	1.82732148685031e-11	4.04979980787812e-12	-4.04979980787812e-12
21301.601649	41.264982	-56.520298	1.07032862118854e-11	2.43256504815578e-12	-2.43256504815578e-12
21372.442904	45.643228	-29.576273	2.58466226559843e-11	5.77946504084422e-12	-5.77946504084422e-12
21477.358172	48.542499	-59.272040	2.08231288132742e-11	4.71209617085462e-12	-4.71209617085462e-12
21562.872676	33.232776	-36.972004	1.63446528336878e-11	3.66960231360536e-12	-3.66960231360536e-12
21645.366556	25.958356	-49.261104	1.46927221289969e-11	3.31214312617754e-12	-3.31214312617754e-12
21710.649129	53.446383	-39.324217	1.22810364138406e-11	2.67995683365022e-12	-2.67995683365022e-12
21796.054045	33.231626	-31.958534	1.7052632147792e-11	3.82852176970127e-12	-3.82852176970127e-12
21865.131617	31.851514	-35.845946	1.68433113347163e-11	3.76627569220787e-12	-3.76627569220787e-12
21927.688477	36.992095	-30.705345	1.70437647274871e-11	3.84208903794445e-12	-3.84208903794445e-12
21991.626056	33.230016	-26.945484	1.96910468339155e-11	4.40307307407401e-12	-4.40307307407401e-12
22072.061429	35.535923	-47.205357	1.40433065635421e-11	3.11234584395369e-12	-3.11234584395369e-12
22142.315504	32.979267	-34.718153	1.57880217756086e-11	3.54463136179852e-12	-3.54463136179852e-12
22215.400940	40.127752	-40.106168	1.32545133553188e-11	2.97581929496295e-12	-2.97581929496295e-12
22300.894873	44.896979	-45.366181	1.18189958868356e-11	2.64279330471802e-12	-2.64279330471802e-12
22386.387023	64.711868	-40.595172	1.00046260871353e-11	2.26451932967277e-12	-2.26451932967277e-12
22495.443727	28.367104	-44.344836	1.53733650262836e-11	3.35475246220616e-12	-3.35475246220616e-12
22565.766977	35.770414	-41.956146	1.42002007711399e-11	3.13489411915888e-12	-3.13489411915888e-12
22649.336908	47.478224	-47.799516	1.16376733516241e-11	2.5592049957027e-12	-2.5592049957027e-12
22754.594874	32.483317	-57.779743	1.1643507857794e-11	2.64625178586227e-12	-2.64625178586227e-12
22828.672299	38.639693	-41.594107	1.38979107362932e-11	3.05626599096138e-12	-3.05626599096138e-12
22913.568172	33.977660	-46.256180	1.40302958501284e-11	3.06164092186221e-12	-3.06164092186221e-12
22982.639425	35.110947	-35.093593	1.52306464630255e-11	3.41945586745996e-12	-3.41945586745996e-12
23068.379424	49.663227	-50.629053	1.07175966623038e-11	2.39653649440216e-12	-2.39653649440216e-12
23154.759831	43.516601	-36.717179	1.32920368721445e-11	2.98422048393428e-12	-2.98422048393428e-12
23240.131018	40.886574	-41.854586	2.37810118693216e-11	5.35996580581304e-12	-5.35996580581304e-12
23346.404872	49.948840	-65.387280	1.98050115627447e-11	4.23766068681371e-12	-4.23766068681371e-12
23444.232247	42.384485	-47.878535	2.29851829432947e-11	5.18058837175431e-12	-5.18058837175431e-12
23554.788466	54.686346	-68.171734	1.70913695462668e-11	3.82171767990695e-12	-3.82171767990695e-12
23685.979984	63.904048	-76.505172	1.47194732286563e-11	2.45196054776268e-12	-2.45196054776268e-12
27103.333103	38.500248	-41.733892	1.36219991843602e-11	3.04596612593843e-12	-3.04596612593843e-12
27175.922668	38.622863	-34.089317	1.50925668582401e-11	3.37481395904835e-12	-3.37481395904835e-12
27243.370704	51.408908	-28.825172	1.37449398885809e-11	3.07345772183711e-12	-3.07345772183711e-12
27332.557933	34.933818	-37.778322	1.59604895671579e-11	3.48287979794018e-12	-3.48287979794018e-12
27402.209820	40.501431	-34.718069	1.43281276981533e-11	3.23042842164575e-12	-3.23042842164575e-12
27482.442413	35.488238	-39.731162	1.40363071809468e-11	3.16461178930751e-12	-3.16461178930751e-12
27554.778501	38.371611	-36.847849	1.41575411203136e-11	3.165747836352e-12	-3.165747836352e-12
27627.742260	43.134572	-34.592148	1.36215021330733e-11	3.0711124917276e-12	-3.0711124917276e-12
27693.063691	17.930161	-22.186859	2.66528097367899e-11	5.9597698719758e-12	-5.9597698719758e-12
27747.846458	25.830234	-36.852606	1.70666402667997e-11	3.8162030192964e-12	-3.8162030192964e-12
27803.759569	30.092643	-30.082877	1.75438365252031e-11	3.98843078908509e-12	-3.98843078908509e-12
27857.791453	36.236279	-23.939241	1.77709284702125e-11	4.00663869090009e-12	-4.00663869090009e-12
27930.000422	34.232029	-35.972690	1.54267204432651e-11	3.46372615958718e-12	-3.46372615958718e-12
28014.663923	47.353689	-50.431471	1.15590268028641e-11	2.55234716520794e-12	-2.55234716520794e-12
28101.471193	33.258398	-39.453582	1.54615455273746e-11	3.38723791550958e-12	-3.38723791550958e-12
28162.876853	19.491679	-28.147261	2.45228235026467e-11	5.24786464504414e-12	-5.24786464504414e-12
28222.855405	37.239707	-40.486873	1.3668109131463e-11	3.09440576345546e-12	-3.09440576345546e-12
28300.625429	22.152443	-40.530317	1.81766325906897e-11	3.98204475236755e-12	-3.98204475236755e-12
28356.743616	38.746216	-33.965744	1.50068227180199e-11	3.35563973947031e-12	-3.35563973947031e-12
28428.827473	41.881619	-33.337641	1.43583048512263e-11	3.23719416569053e-12	-3.23719416569053e-12
28505.806714	27.585077	-35.097623	1.7262578269508e-11	3.87596559524855e-12	-3.87596559524855e-12
28575.500042	53.169450	-42.108250	2.07623121512047e-11	4.6617587788581e-12	-4.6617587788581e-12
28690.572933	65.969219	-61.903441	2.10100218885175e-11	4.75468590060805e-12	-4.75468590060805e-12
28807.808707	41.503784	-51.266555	1.21446884338505e-11	2.65016929689366e-12	-2.65016929689366e-12
28899.694679	39.880832	-50.382188	1.80542701938976e-11	4.0701712214839e-12	-4.0701712214839e-12
28980.062584	29.717508	-40.487073	3.00080062116356e-11	6.70999030935344e-12	-6.70999030935344e-12
29053.151012	19.311800	-43.370920	3.34524358201533e-11	7.54087070618526e-12	-7.54087070618526e-12
29115.075202	52.665270	-42.612390	1.35152174291821e-11	3.02211761823337e-12	-3.02211761823337e-12
29212.111612	33.355400	-44.371140	1.38083469375224e-11	3.10035409802176e-12	-3.10035409802176e-12
29282.170156	38.516056	-36.703144	1.48302789452694e-11	3.26177575983794e-12	-3.26177575983794e-12
29358.788501	34.609651	-38.102289	1.46516167073726e-11	3.27622070083168e-12	-3.27622070083168e-12
29458.498008	72.800743	-65.099857	1.38525331193198e-11	2.31976642071799e-12	-2.31976642071799e-12
33165.121063	64.876941	-60.488059	1.60769903739961e-11	2.61327542515187e-12	-2.61327542515187e-12
45741.307130	53.204542	-57.117038	1.09617374550803e-11	2.40870623251042e-12	-2.40870623251042e-12
45853.069476	34.212655	-58.557804	1.29939716267482e-11	2.86522966507593e-12	-2.86522966507593e-12
45946.190077	51.413615	-58.907945	1.10145960385157e-11	2.40357187196947e-12	-2.40357187196947e-12
46044.857516	50.531196	-47.253824	1.17453649503491e-11	2.63591449060427e-12	-2.63591449060427e-12
46132.993066	32.600246	-37.604354	1.63592915045549e-11	3.65807270607225e-12	-3.65807270607225e-12
46224.250712	69.215279	-58.657400	8.90320744338743e-12	2.00539078399533e-12	-2.00539078399533e-12
46342.348066	51.410285	-48.882075	1.13227443478823e-11	2.5503741210822e-12	-2.5503741210822e-12
46438.823291	42.690840	-45.064940	1.35887813387058e-11	2.9859996334636e-12	-2.9859996334636e-12
46520.870161	50.907030	-39.356030	1.26372919610407e-11	2.83605813724255e-12	-2.83605813724255e-12
46623.167788	41.379824	-51.390596	1.23099358627493e-11	2.7626312377846e-12	-2.7626312377846e-12
46751.125284	119.144800	-86.577672	8.30525436514958e-12	1.64299532912553e-12	-1.64299532912553e-12
51395.161915	45.642276	-62.171984	1.1282817959683e-11	2.54099906998689e-12	-2.54099906998689e-12
51514.380144	94.413728	-73.575952	7.21237447957332e-12	1.63017530066261e-12	-1.63017530066261e-12
51699.211823	85.093648	-90.417952	7.26059281194603e-12	1.59519777494358e-12	-1.59519777494358e-12
51862.392213	69.844379	-78.086741	8.10143392841624e-12	1.84436795472094e-12	-1.84436795472094e-12
51983.000803	59.557289	-50.764211	1.13122577739071e-11	2.52947947859239e-12	-2.52947947859239e-12
52123.401566	67.087686	-80.843474	8.23638804923467e-12	1.84829109413555e-12	-1.84829109413555e-12
52253.536287	57.303705	-63.047035	1.01101614194262e-11	2.27692632485984e-12	-2.27692632485984e-12
52383.283152	65.458820	-72.443160	8.83190192099585e-12	1.98905797023844e-12	-1.98905797023844e-12
52828.293633	3072.682399	-379.551661	6.64773004433237e-12	1.46043447014532e-12	-1.46043447014532e-12
61875.471666	265.650738	-208.228962	5.8847144056802e-12	1.2151220310929e-12	-1.2151220310929e-12
63269.272061	63.592810	-74.309030	8.9254510879206e-12	1.96814765940099e-12	-1.96814765940099e-12
63420.957962	117.506110	-88.093090	5.7186772497551e-12	1.28808955077675e-12	-1.28808955077675e-12
63619.556780	71.852992	-81.092708	7.74044099808009e-12	1.73081632876892e-12	-1.73081632876892e-12
63766.619350	50.155741	-75.209579	9.37779040293215e-12	2.11231726462893e-12	-2.11231726462893e-12
63883.831836	60.815916	-67.056744	9.25814198692307e-12	2.07016888350314e-12	-2.07016888350314e-12
64070.024999	140.019753	-125.377247	5.06211416069102e-12	1.14130148785693e-12	-1.14130148785693e-12
67586.828554	237.894458	-140.709982	5.63875846374985e-12	1.2896620970051e-12	-1.2896620970051e-12
68097.760471	178.278681	-273.037459	3.54895867310001e-12	9.38696363778406e-13	-9.38696363778406e-13
68438.074443	186.480729	-162.035291	6.17083685968645e-12	1.41132831639212e-12	-1.41132831639212e-12
68797.260745	175.810187	-172.705573	6.27346140978953e-12	1.41862743884555e-12	-1.41862743884555e-12
69188.037585	158.621827	-214.966653	4.3876786300741e-12	1.15348000845956e-12	-1.15348000845956e-12
69597.025462	400.856141	-250.366051	4.6679795082517e-12	9.26305395828458e-13	-9.26305395828458e-13
73385.061208	113.787084	-149.480576	3.08011231713179e-12	8.07994408001291e-13	-8.07994408001291e-13
73624.611683	69.806868	-125.763392	4.16945258030258e-12	1.08679544870118e-12	-1.08679544870118e-12
73785.248451	94.711040	-90.829900	4.43733158756977e-12	1.15296530379285e-12	-1.15296530379285e-12
73973.639267	71.802585	-93.679775	5.05845830549565e-12	1.31024157004253e-12	-1.31024157004253e-12
74147.130765	108.925006	-101.688913	4.01279712831188e-12	1.04265408127175e-12	-1.04265408127175e-12
74337.028490	79.494922	-80.972718	5.21686222271759e-12	1.36418953480071e-12	-1.36418953480071e-12
74482.696686	104.323586	-66.173274	6.49010574565685e-12	1.46157944311397e-12	-1.46157944311397e-12
74675.256739	87.274873	-88.236467	6.22067649623491e-12	1.3975787184117e-12	-1.3975787184117e-12
74837.107447	73.355125	-74.575835	7.34208459798633e-12	1.66133538362058e-12	-1.66133538362058e-12
74986.922634	104.065777	-76.460063	4.84813345716316e-12	1.21923551615023e-12	-1.21923551615023e-12
75189.759000	76.740692	-98.770588	6.23544295515059e-12	1.40422989768739e-12	-1.40422989768739e-12
75364.772631	57.179920	-98.272940	7.03581524901121e-12	1.58826305144198e-12	-1.58826305144198e-12
75613.596769	171.907963	-191.644217	3.61957214994915e-12	7.46339851301283e-13	-7.46339851301283e-13
79092.875829	130.679663	-77.427177	4.99539149888755e-12	1.19123554122617e-12	-1.19123554122617e-12
79312.543101	96.553311	-88.987609	5.32595898236617e-12	1.29972351227577e-12	-1.29972351227577e-12
79535.688925	89.036007	-126.592513	3.98624221718766e-12	1.04746217837404e-12	-1.04746217837404e-12
79720.736202	64.456429	-96.011271	5.35370091429306e-12	1.40180923697147e-12	-1.40180923697147e-12
79882.465011	55.673400	-97.272380	7.53598153176513e-12	1.69394199144755e-12	-1.69394199144755e-12
80030.424466	98.269205	-92.286055	4.7836557617019e-12	1.21173257310554e-12	-1.21173257310554e-12
80289.595078	89.829134	-160.901406	3.63344670916527e-12	9.14357007646065e-13	-9.14357007646065e-13
80456.209847	106.247565	-76.785635	4.6443247724307e-12	1.20754546425658e-12	-1.20754546425658e-12
80651.448868	78.997844	-88.991456	5.05104685636272e-12	1.30875230596901e-12	-1.30875230596901e-12
80832.631629	98.399303	-102.184917	5.33819639751461e-12	1.22802159631593e-12	-1.22802159631593e-12
81031.378527	100.236625	-100.347595	4.18068836264923e-12	1.09085989910697e-12	-1.09085989910697e-12
81219.268543	97.887049	-87.653391	4.50525343108139e-12	1.17968415235207e-12	-1.17968415235207e-12
81423.410400	141.962352	-106.254808	4.03189894920669e-12	9.67467283377514e-13	-9.67467283377514e-13
84882.547104	105.859107	-89.710293	5.43013902060684e-12	1.28988277273087e-12	-1.28988277273087e-12
90729.534634	137.868578	-205.633762	2.3443145257848e-12	6.17448685553902e-13	-6.17448685553902e-13
90967.549924	92.916568	-100.146712	5.58492824482453e-12	1.26755957229412e-12	-1.26755957229412e-12
91225.486821	135.857351	-165.020329	2.68307935849316e-12	7.04325808671668e-13	-7.04325808671668e-13
91455.477863	73.856249	-94.133691	6.48167721154181e-12	1.45294273555031e-12	-1.45294273555031e-12
91673.968245	113.618907	-144.634133	3.13076526136013e-12	8.16381925978417e-13	-8.16381925978417e-13
91873.396159	117.283112	-85.809008	4.01021387771231e-12	1.0354315976052e-12	-1.0354315976052e-12
92062.004418	71.591454	-71.325146	7.58210820353355e-12	1.69540067431951e-12	-1.69540067431951e-12
92216.239484	80.331448	-82.643612	4.94499561259374e-12	1.28522160699777e-12	-1.28522160699777e-12
92471.103511	161.446620	-174.532580	2.39388657840625e-12	6.26321671385355e-13	-6.26321671385355e-13
92738.089886	107.581465	-105.539755	3.84759163158917e-12	1.00332707041794e-12	-1.00332707041794e-12
92965.045853	158.925119	-119.374501	3.2828211359248e-12	8.30572971484837e-13	-8.30572971484837e-13
96390.934814	85.762958	-72.198031	8.58413762702341e-12	1.93888109318875e-12	-1.93888109318875e-12
96555.244682	104.487130	-78.546910	6.65859706662086e-12	1.58263429842314e-12	-1.58263429842314e-12
96750.739906	69.460146	-91.008094	5.93761948807957e-12	1.55379215582766e-12	-1.55379215582766e-12
96895.490023	87.685449	-75.289971	5.61630151256757e-12	1.46476906033105e-12	-1.46476906033105e-12
97106.247662	135.181090	-123.072190	3.36573501017661e-12	8.71925881320259e-13	-8.71925881320259e-13
97389.247124	107.927427	-147.818373	3.27725220161582e-12	8.60502914078581e-13	-8.60502914078581e-13
97579.203207	103.512304	-82.028656	5.39600674882215e-12	1.27896472699916e-12	-1.27896472699916e-12
97792.083741	143.869931	-109.368229	3.22342166129415e-12	8.40665149868099e-13	-8.40665149868099e-13
98052.837754	131.339438	-116.884083	3.24962135096781e-12	8.41845233366271e-13	-8.41845233366271e-13
98290.882510	91.371962	-106.705318	4.07039575839224e-12	1.05447240105233e-12	-1.05447240105233e-12
98605.445539	275.751845	-223.191067	3.07547069006372e-12	5.82368595516029e-13	-5.82368595516029e-13
102192.291704	114.597707	-101.031053	3.70779348186857e-12	9.66897850832349e-13	-9.66897850832349e-13
102464.391527	130.838825	-157.502115	2.7716502235333e-12	7.22740080273167e-13	-7.22740080273167e-13
102698.755045	112.104046	-103.524694	3.69799087740857e-12	9.67505047360943e-13	-9.67505047360943e-13
102964.193797	112.440134	-153.334706	2.9663808909085e-12	7.86551584842288e-13	-7.86551584842288e-13
103193.693043	156.237489	-117.059111	2.91776201999633e-12	7.65954471967853e-13	-7.65954471967853e-13
103487.206256	136.020675	-137.275725	2.96181398258725e-12	7.67242194998478e-13	-7.67242194998478e-13
103765.703944	85.687728	-142.477012	3.51203191205172e-12	9.21919534564873e-13	-9.21919534564873e-13
103930.202095	121.773917	-78.810423	4.2867729549027e-12	1.08505525407757e-12	-1.08505525407757e-12
104130.006544	87.451588	-78.030533	5.23694053509898e-12	1.31732343796386e-12	-1.31732343796386e-12
104298.599886	89.354966	-81.141754	4.73448788064374e-12	1.23872481118922e-12	-1.23872481118922e-12
104504.205582	187.125170	-116.250730	2.98547161573406e-12	7.41600330971883e-13	-7.41600330971883e-13
107968.178347	131.652525	-88.991115	3.74628015584396e-12	9.88807366562239e-13	-9.88807366562239e-13
126422.534551	166.948321	-251.772379	2.05283315639968e-12	5.36575276967877e-13	-5.36575276967877e-13
126852.142981	509.586690	-262.660110	1.94526941294102e-12	3.83303576286021e-13	-3.83303576286021e-13
132151.348634	168.626398	-240.065502	2.09477034144526e-12	5.45126766797579e-13	-5.45126766797579e-13
132484.674835	166.265277	-164.699803	2.59697804404945e-12	6.73143544493019e-13	-6.73143544493019e-13
132910.375825	211.933207	-259.435713	1.92100487133201e-12	4.88344209885663e-13	-4.88344209885663e-13
138072.106487	183.655044	-154.831876	2.56444682661801e-12	6.72045956879402e-13	-6.72045956879402e-13
138601.237401	341.522910	-345.475870	2.04019779293715e-12	4.18894566833746e-13	-4.18894566833746e-13
147602.847695	2464.442117	-3680.789643	8.93663910775227e-13	2.36601141566288e-13	-2.36601141566288e-13
150286.127692	174.806819	-218.837881	2.20859938464011e-12	5.75474779558202e-13	-5.75474779558202e-13
154780.570856	169.777755	-171.216485	2.54768388585217e-12	6.60448495823499e-13	-6.60448495823499e-13
155309.891633	257.254899	-359.543021	1.3823155655097e-12	3.64923983342574e-13	-3.64923983342574e-13
155958.867648	383.031024	-391.721117	1.41066219037365e-12	3.27272406241087e-13	-3.27272406241087e-13
160587.419206	180.982905	-197.621223	2.28975861575061e-12	5.99760841006636e-13	-5.99760841006636e-13
161052.672333	355.093639	-284.270221	1.34442886471677e-12	3.5506934284718e-13	-3.5506934284718e-13
161885.005093	217.278791	-477.239121	1.25086159396753e-12	3.25608643786745e-13	-3.25608643786745e-13
166440.758377	285.156315	-268.959605	1.50700699374188e-12	3.98686224505306e-13	-3.98686224505306e-13
166911.678028	180.303883	-185.763337	2.31802989718738e-12	6.02113478736557e-13	-6.02113478736557e-13
167458.766813	402.952159	-366.784901	1.29217162274384e-12	3.1304165416937e-13	-3.1304165416937e-13
173113.737057	446.788026	-453.332674	1.64127574912728e-12	3.27366056781406e-13	-3.27366056781406e-13
178816.958564	325.373708	-336.553492	1.39129885231444e-12	3.5319421979852e-13	-3.5319421979852e-13
184679.273745	522.066207	-400.620193	1.27341069654032e-12	2.89746996732353e-13	-2.89746996732353e-13
190949.003341	432.893291	-549.968309	1.1120155430049e-12	2.59318525440117e-13	-2.59318525440117e-13
199095.962012	3679.516780	-2935.910500	9.89227380553148e-13	1.8609027627218e-13	-1.8609027627218e-13
238558.527576	3006.099336	-3338.670944	6.14197002108495e-13	1.65069743007882e-13	-1.65069743007882e-13
242026.948661	595.756571	-462.321749	1.06128903899623e-12	2.42932662030105e-13	-2.42932662030105e-13
247970.130128	10443.981083	-1230.306076	9.67620967306622e-13	1.8132146978366e-13	-1.8132146978366e-13
264897.483997	862.185935	-699.861965	8.29756074469068e-13	1.75828678380238e-13	-1.75828678380238e-13
366597.989158	9025.804434	-21610.911746	5.09771636666897e-13	1.2502529300367e-13	-1.2502529300367e-13
415514.945962	5900.159849	-35424.090319	2.67238746969713e-13	7.1158246234539e-14	-7.1158246234539e-14
606784.201894	17376.446358	-117232.768982	2.83528253147077e-13	6.06811392590626e-14	-6.06811392590626e-14
634778.064964	6704.588428	-6434.240052	3.61263550929158e-13	7.20726535911555e-14	-7.20726535911555e-14
868644.777533	9857.523299	-129874.179710	1.77562744532248e-13	4.63809118271368e-14	-4.63809118271368e-14
888370.594644	7581.763888	-5691.496412	2.00446905451221e-13	5.42722712714689e-14	-5.42722712714689e-14
957076.056538	13269.105894	-20626.001866	1.39408215166077e-13	3.32416061560029e-14	-3.32416061560029e-14
1062675.910382	46519.034762	-73935.309398	8.93329738811158e-14	1.94309056624674e-14	-1.94309056624674e-14
1317416.346473	58224.653339	-156470.627021	5.80467561562316e-14	1.51511872001011e-14	-1.51511872001011e-14
1557747.835675	65647.196736	-137362.099832	3.65497795119323e-14	1.68729130182944e-14	-1.68729130182944e-14
