!TIME		Err (pos)	Err(neg)	Flux		Error
      56.771	     0.979	     -0.973	1.24350e-08	1.75196e-09
      58.829	     1.151	     -1.080	1.42651e-08	1.74988e-09
      61.387	     1.133	     -1.406	1.11648e-08	1.38703e-09
      63.415	     0.973	     -0.895	9.73245e-09	1.41414e-09
      64.741	     0.363	     -0.353	9.16596e-09	2.26895e-09
      73.053	     1.300	     -1.170	5.60633e-09	6.08161e-10
      76.245	     1.815	     -1.892	4.76736e-09	5.02860e-10
      79.175	     0.724	     -1.114	5.36999e-09	8.35823e-10
      82.079	     2.434	     -2.181	3.37364e-09	3.57633e-10
      85.730	     0.915	     -1.216	2.93002e-09	4.76688e-10
      88.441	     1.253	     -1.797	4.05839e-09	4.41374e-10
      91.582	     1.661	     -1.888	5.36760e-09	4.68062e-10
      95.305	     2.088	     -2.061	4.69284e-09	4.05894e-10
      99.262	     1.944	     -1.869	3.50488e-09	3.80866e-10
     102.265	     0.854	     -1.060	3.75992e-09	5.76793e-10
     105.450	     2.182	     -2.330	3.60223e-09	3.79929e-10
     110.400	     2.718	     -2.768	2.91969e-09	3.14376e-10
     114.382	     1.434	     -1.264	2.77402e-09	4.19470e-10
     118.625	     2.885	     -2.808	2.62325e-09	2.78680e-10
     123.594	     1.940	     -2.084	1.95469e-09	2.91388e-10
     127.529	     1.783	     -1.995	2.26181e-09	3.42018e-10
     132.927	     3.045	     -3.616	2.51181e-09	3.03004e-10
     138.122	     1.688	     -2.149	2.88733e-09	4.30417e-10
     141.512	     1.918	     -1.702	1.71722e-09	3.13519e-10
     147.075	     4.437	     -3.644	1.76921e-09	1.98424e-10
     153.812	     1.715	     -2.301	2.02670e-09	3.10907e-10
     158.371	     2.062	     -2.844	1.18288e-09	2.20646e-10
     164.271	     4.409	     -3.837	1.85319e-09	2.24024e-10
     170.357	     2.189	     -1.677	1.50592e-09	2.80905e-10
     176.128	     4.588	     -3.582	1.32340e-09	1.56950e-10
     184.510	     3.963	     -3.794	1.06396e-09	1.37374e-10
     192.564	     4.150	     -4.091	1.28443e-09	1.50430e-10
     200.287	     3.277	     -3.573	1.50465e-09	1.98159e-10
     207.718	     3.522	     -4.155	1.88859e-09	2.26068e-10
     215.053	     3.896	     -3.813	2.40829e-09	2.59396e-10
     222.801	     3.014	     -3.852	2.13989e-09	2.49141e-10
     229.593	     3.603	     -3.778	1.78385e-09	2.38172e-10
     238.368	     6.581	     -5.172	1.83927e-09	1.80904e-10
     248.592	     3.281	     -3.643	1.45333e-09	1.97598e-10
     258.072	     6.026	     -6.199	1.74032e-09	1.65652e-10
     267.922	     3.899	     -3.824	1.50864e-09	1.84768e-10
     277.159	     5.559	     -5.338	1.51196e-09	1.49005e-10
     287.792	     5.509	     -5.074	1.40171e-09	1.48715e-10
     299.078	     6.301	     -5.778	1.31454e-09	1.43408e-10
     310.469	     3.654	     -5.090	1.30969e-09	1.80607e-10
     320.647	     5.715	     -6.523	1.37602e-09	1.54043e-10
     333.284	     6.453	     -6.922	1.23949e-09	1.34333e-10
     346.083	     6.911	     -6.345	1.02006e-09	1.13181e-10
     358.028	     5.046	     -5.035	8.48167e-10	1.10899e-10
     369.476	     7.246	     -6.402	9.21430e-10	9.94244e-11
     384.971	     7.678	     -8.249	9.36226e-10	1.02574e-10
     398.969	     7.690	     -6.321	1.03669e-09	1.14568e-10
     415.587	     8.066	     -8.928	8.59296e-10	9.64072e-11
     431.395	     7.331	     -7.742	1.01285e-09	1.10399e-10
     446.915	     8.440	     -8.190	8.06816e-10	8.95250e-11
     464.381	     8.778	     -9.026	7.04079e-10	7.54379e-11
     481.475	     7.577	     -8.316	8.10915e-10	8.87099e-11
     499.193	    11.166	    -10.141	8.72897e-10	8.26725e-11
     520.143	     9.854	     -9.784	6.31016e-10	7.15664e-11
     537.985	     8.526	     -7.988	9.72533e-10	1.05879e-10
     557.292	    11.882	    -10.782	8.01967e-10	7.70775e-11
     577.357	     8.335	     -8.182	7.58353e-10	8.44419e-11
     601.765	     9.251	    -16.073	1.22730e-09	1.16240e-10
     619.138	    12.503	     -8.122	6.44266e-10	7.84377e-11
     648.542	     8.550	    -11.509	5.89496e-10	1.31815e-10
     666.462	    10.689	     -9.370	5.58431e-10	1.26698e-10
     692.258	     9.965	    -15.108	5.25139e-10	1.08060e-10
     713.925	    10.864	    -11.702	5.42095e-10	1.16083e-10
     737.301	    12.561	    -12.512	4.45700e-10	1.00630e-10
     773.476	    29.040	    -23.614	4.30308e-10	6.89754e-11
     813.647	     8.928	    -11.131	5.84693e-10	1.32656e-10
     834.696	    17.967	    -12.121	4.01820e-10	9.02842e-11
     868.423	    11.819	    -15.761	4.48729e-10	1.01808e-10
     891.626	    11.183	    -11.383	5.72718e-10	1.28064e-10
     926.393	    19.040	    -23.584	6.43291e-10	1.01422e-10
     967.059	    15.984	    -21.626	3.70454e-10	8.36410e-11
     995.252	    12.864	    -12.209	5.46904e-10	1.21008e-10
    1034.971	    25.799	    -26.855	4.53181e-10	7.28844e-11
    1080.013	    20.874	    -19.243	2.87167e-10	6.61199e-11
    1120.970	    22.541	    -20.084	6.00001e-10	9.41120e-11
    1166.956	    16.672	    -23.445	3.73435e-10	7.88564e-11
    1203.152	    13.071	    -19.524	4.38618e-10	9.95142e-11
    1253.095	    30.826	    -36.872	4.94748e-10	7.68843e-11
    1303.915	    30.152	    -19.994	4.56483e-10	7.92578e-11
    1347.947	    21.223	    -13.880	3.31142e-10	7.51299e-11
    1404.414	    34.960	    -35.245	3.06231e-10	4.90134e-11
    1453.264	    11.183	    -13.890	4.65718e-10	1.02568e-10
    1495.456	    26.659	    -31.009	3.87291e-10	6.25746e-11
    1545.834	    33.950	    -23.718	4.16995e-10	6.57527e-11
    1604.076	    20.839	    -24.292	3.13019e-10	6.58199e-11
    1659.993	    25.098	    -35.077	3.83611e-10	8.28735e-11
    1732.816	    30.002	    -47.725	2.69078e-10	4.53116e-11
    1793.212	    34.796	    -30.394	3.67013e-10	5.77047e-11
    1867.414	    40.828	    -39.406	3.45315e-10	5.48738e-11
    1940.570	    40.384	    -32.328	3.01632e-10	5.65981e-11
    5237.337	    84.595	    -80.888	1.32673e-10	1.50749e-11
    5402.649	    64.707	    -80.717	1.22214e-10	1.60434e-11
    5560.246	    77.607	    -92.890	1.32553e-10	1.74610e-11
    5758.793	    97.197	   -120.939	1.26024e-10	1.43690e-11
    5947.177	    89.339	    -91.187	1.14159e-10	1.31649e-11
    6142.618	   117.050	   -106.101	1.03226e-10	1.16612e-11
    6335.327	    82.302	    -75.659	1.09178e-10	1.41336e-11
    6530.675	   115.119	   -113.047	9.94086e-11	1.15055e-11
    6739.340	   104.532	    -93.546	7.41588e-11	1.00396e-11
    6965.142	    94.361	   -121.269	7.70240e-11	1.00756e-11
    7180.500	   124.719	   -120.998	8.79925e-11	9.76273e-12
    7417.190	   121.209	   -111.972	6.09517e-11	8.04826e-12
    7646.949	   117.109	   -108.549	6.28413e-11	8.74204e-12
   11245.355	   235.969	   -252.958	5.14394e-11	4.75065e-12
   11684.562	   238.051	   -203.237	3.70964e-11	4.23578e-12
   12164.903	   286.753	   -242.292	3.60324e-11	3.69499e-12
   12740.752	   280.065	   -289.096	3.86379e-11	3.88450e-12
   13249.935	   292.397	   -229.117	3.96427e-11	4.35886e-12
   17091.771	   360.311	   -344.246	4.26366e-11	5.86032e-12
   17964.951	   464.986	   -512.869	1.90923e-11	2.53266e-12
   18855.432	   452.064	   -425.494	3.36598e-11	4.44054e-12
   92365.094	  6766.172	  -5226.922	6.64182e-12	1.23778e-12
  139998.016	  6424.625	 -13412.844	4.56029e-12	1.02541e-12
  203257.641	 35203.938	 -29115.797	2.78026e-12	7.00954e-13
  261114.297	 18147.391	 -18780.000	2.10286e-12	1.06145e-12
