!TIME		Err (pos)	Err(neg)	Flux		Error
     136.267	     2.869	     -1.175	4.68509e-08	6.82739e-09
     141.713	     2.738	     -2.577	2.63018e-08	4.27296e-09
     149.320	     0.411	     -0.443	2.12443e-08	2.60067e-09
     152.685	     2.832	     -2.953	2.67010e-08	1.11160e-09
     157.774	     2.541	     -2.257	2.56256e-08	1.21310e-09
     163.457	     3.046	     -3.142	2.25008e-08	1.05970e-09
     169.458	     3.300	     -2.956	1.94101e-08	9.94334e-10
     175.426	     2.813	     -2.668	1.57219e-08	9.85840e-10
     181.293	     2.889	     -3.053	1.58373e-08	9.72384e-10
     187.555	     3.728	     -3.373	1.09076e-08	3.96436e-10
     194.603	     3.241	     -3.321	9.94208e-09	3.50284e-10
     201.162	     3.768	     -3.318	8.47579e-09	3.33111e-10
     208.532	     3.723	     -3.602	7.22025e-09	2.93792e-10
     216.100	     3.718	     -3.845	5.83901e-09	2.66511e-10
     223.458	     3.597	     -3.640	5.64228e-09	2.81438e-10
     230.904	     4.058	     -3.849	3.93751e-09	2.24923e-10
     239.097	     4.200	     -4.135	3.65796e-09	2.06768e-10
     247.893	     4.360	     -4.596	2.73049e-09	1.73184e-10
     256.910	     5.048	     -4.657	2.00324e-09	1.37365e-10
     266.290	     4.935	     -4.332	1.62784e-09	1.25490e-10
     275.933	     4.850	     -4.707	1.68322e-09	1.27277e-10
     284.833	     4.064	     -4.050	1.51562e-09	1.31247e-10
     293.318	     5.539	     -4.420	9.02156e-10	8.68818e-11
     305.438	     6.387	     -6.581	8.82955e-10	7.07045e-11
     317.256	     5.117	     -5.431	7.41158e-10	7.59520e-11
     326.070	     5.165	     -3.697	5.01302e-10	7.12829e-11
     338.544	     7.617	     -7.308	4.37324e-10	4.75115e-11
     351.977	     5.929	     -5.817	3.44978e-10	4.57175e-11
     377.313	     9.539	    -15.534	1.88751e-10	4.14102e-11
     398.303	    16.129	    -11.451	1.51585e-10	3.42800e-11
     427.997	    16.523	    -13.565	1.40133e-10	3.18709e-11
     457.622	    14.478	    -13.102	1.56576e-10	3.52090e-11
     490.787	    16.416	    -18.687	1.28289e-10	2.82973e-11
     534.606	    25.250	    -27.403	8.57579e-11	1.88144e-11
     587.039	    17.949	    -27.183	9.63256e-11	2.16606e-11
     625.916	    21.696	    -20.928	1.07083e-10	2.37479e-11
     659.484	    13.201	    -11.872	1.72349e-10	3.89758e-11
     699.781	    33.080	    -27.096	6.90090e-11	1.59677e-11
     762.941	    22.573	    -30.080	8.01417e-11	1.81235e-11
     807.924	    27.737	    -22.409	8.48702e-11	1.91929e-11
     874.153	    31.713	    -38.492	6.46138e-11	1.41756e-11
     934.407	    24.112	    -28.542	8.00099e-11	1.83012e-11
     988.183	    35.526	    -29.664	6.45392e-11	1.46783e-11
    1040.073	    21.246	    -16.363	1.12495e-10	2.52966e-11
    1093.067	    28.427	    -31.748	7.23216e-11	1.61263e-11
    1148.369	    18.257	    -26.875	9.24980e-11	2.09178e-11
    1206.488	    37.865	    -39.862	9.44329e-11	1.61799e-11
    4423.463	    22.132	    -25.507	3.83496e-11	7.37187e-12
    5429.960	   110.881	    -92.211	5.14721e-11	5.21229e-12
    5651.938	   107.041	   -111.096	5.90156e-11	5.40533e-12
    5880.156	   119.524	   -121.178	4.53759e-11	4.67566e-12
    6114.501	   120.866	   -114.821	5.51816e-11	5.08293e-12
    6363.711	   117.373	   -128.344	5.16085e-11	4.80963e-12
    6632.257	   122.124	   -151.173	4.48980e-11	4.24038e-12
    6879.575	   148.095	   -125.194	4.54255e-11	4.21563e-12
   10874.881	   255.680	   -698.253	1.80804e-11	4.08172e-12
   11420.815	   293.948	   -290.255	2.36139e-11	2.00936e-12
   11998.019	   275.875	   -283.255	2.67547e-11	2.31851e-12
   12523.221	   277.204	   -249.327	2.58897e-11	2.39198e-12
   18182.041	   409.273	   -430.674	1.64182e-11	1.08212e-12
   23311.572	  1048.611	   -815.725	8.05245e-12	1.42644e-12
   29100.002	   621.768	   -784.574	5.12713e-12	9.11799e-13
   41337.426	   359.668	   -405.059	4.13142e-12	8.03788e-13
   45349.949	   434.266	   -377.250	7.35788e-12	1.09115e-12
   47051.988	   419.191	   -250.258	3.79790e-12	6.34418e-13
   51206.207	   521.504	   -556.637	4.50799e-12	4.94728e-13
   56608.461	    92.715	   -125.422	5.01760e-12	1.29937e-12
   57207.988	   458.496	   -506.812	3.74273e-12	5.36756e-13
   62849.973	   818.055	   -646.215	4.06824e-12	4.09124e-13
   68781.047	   633.086	   -798.594	3.91317e-12	4.29142e-13
   69552.641	   174.898	   -138.500	5.92198e-12	1.17933e-12
   74516.391	   721.164	   -675.414	3.68866e-12	4.86428e-13
   75595.570	   311.422	   -358.016	3.78010e-12	7.22667e-13
   80654.328	  1035.648	  -1067.977	2.19300e-12	2.72368e-13
   98145.438	  1309.484	  -1202.828	1.95014e-12	2.20424e-13
  103929.406	  1299.594	  -1200.188	2.16602e-12	2.34642e-13
  109489.258	   972.477	   -983.219	1.52018e-12	2.23024e-13
  159511.734	  3077.188	  -4837.906	9.56063e-13	1.25654e-13
  209735.328	  3331.516	  -1693.516	6.99862e-13	1.72166e-13
  261861.969	  4305.312	  -3084.297	7.90522e-13	1.27878e-13
  277040.188	  6445.750	  -6849.219	6.09670e-13	8.94093e-14
  336305.125	  4981.156	  -8184.281	5.27793e-13	9.34474e-14
  366759.906	 14906.969	  -9822.469	5.34848e-13	9.80123e-14
  439890.844	 16890.938	 -19428.219	2.82222e-13	5.06442e-14
  507159.062	  7407.750	  -5682.969	3.57637e-13	7.28750e-14
  543001.375	 18545.562	 -18451.188	3.31722e-13	7.22138e-14
  590909.188	 21756.438	 -20197.750	1.89432e-13	4.67829e-14
  658844.688	 58642.062	 -24599.062	1.59491e-13	3.86546e-14
  870289.250	 32057.875	 -79284.062	1.03062e-13	2.92338e-14
 1000609.688	 33796.688	 -83253.062	1.34294e-13	3.48994e-14
 1272118.125	132908.000	-233440.438	7.33468e-14	2.27756e-14
 1618665.750	306254.250	-209434.000	2.22703e-14	1.22671e-14
 2571895.750	374079.750	-203775.250	3.94842e-14	1.78180e-14
