READ TERR 1 2
NO	NO	NO	NO	NO	NO
!Time	Poserr	Negerr	Flux	PosErr	NegErr
!XRT wt mode data
92.456603	2.074494	-2.051279	4.32293503619217e-10	8.42392380716136e-11	-8.42392380716136e-11
97.264187	2.198617	-2.733090	3.6504098352355e-10	6.95870410362951e-11	-6.95870410362951e-11
101.732794	2.336001	-2.269989	3.94783523824865e-10	7.36402434223873e-11	-7.36402434223873e-11
NO	NO	NO	NO	NO	NO
!Time	Poserr	Negerr	Flux	PosErr	NegErr
!XRT pc mode data
120.373706	7.359506	-10.191642	2.74951575178559e-10	5.51589444769103e-11	-5.51589444769103e-11
136.169047	9.115285	-8.435835	2.22595925957395e-10	4.94902938326176e-11	-4.94902938326176e-11
159.985440	12.879251	-14.701109	1.6008858525458e-10	3.36653292598294e-11	-3.36653292598294e-11
177.485066	5.408806	-4.620374	3.91335403810022e-10	8.75052455183229e-11	-8.75052455183229e-11
193.405717	7.039315	-10.511845	2.36496029916302e-10	5.16076838307357e-11	-5.16076838307357e-11
214.104566	11.413526	-13.659534	1.55913335429499e-10	3.55541516682208e-11	-3.55541516682208e-11
232.236041	5.818570	-6.717949	3.34191341666198e-10	7.32656796182841e-11	-7.32656796182841e-11
252.480851	13.154101	-14.426240	1.56735050606949e-10	3.38647797433333e-11	-3.38647797433333e-11
284.780508	18.464024	-19.145556	1.02176778048265e-10	2.31853633375625e-11	-2.31853633375625e-11
315.589590	12.727981	-12.345059	1.52648954995682e-10	3.41333361144123e-11	-3.41333361144123e-11
345.696720	17.723132	-17.379148	1.06317029224695e-10	2.40065312023048e-11	-2.40065312023048e-11
387.557656	26.007708	-24.137804	1.19461931883704e-10	2.12529275218589e-11	-2.12529275218589e-11
3731.784887	48.725825	-49.059395	2.3727354396934e-11	5.32683062690477e-12	-5.32683062690477e-12
3821.826203	31.396609	-41.315491	3.294682096195e-11	7.24450440513782e-12	-7.24450440513782e-12
3880.750404	35.155227	-27.527593	3.6123792127658e-11	8.07752448420885e-12	-8.07752448420885e-12
3961.935477	49.248075	-46.029845	2.32625603309264e-11	5.24341035797954e-12	-5.24341035797954e-12
4051.309484	30.078828	-40.125932	3.33364669810161e-11	7.30228550113712e-12	-7.30228550113712e-12
4129.215605	39.928627	-47.827293	2.56119588275116e-11	5.72703028522656e-12	-5.72703028522656e-12
4212.079564	34.791288	-42.935332	2.93561801280707e-11	6.6435853390203e-12	-6.6435853390203e-12
4277.431112	29.615240	-30.560260	3.90736382233894e-11	8.73715008338246e-12	-8.73715008338246e-12
4334.335099	27.872093	-27.288747	4.17073529640781e-11	9.40089368846687e-12	-9.40089368846687e-12
4418.892919	68.679733	-56.685727	1.88245782732272e-11	4.13926622034084e-12	-4.13926622034084e-12
4522.749031	32.521001	-35.176379	3.30688809010187e-11	7.48377954886052e-12	-7.48377954886052e-12
4599.082437	36.421495	-43.812405	3.11321018639614e-11	6.68579235252382e-12	-6.68579235252382e-12
4675.296426	47.963286	-39.792494	2.49012407175593e-11	5.5903209976963e-12	-5.5903209976963e-12
4748.553788	29.866664	-25.294076	2.23865647711073e-11	5.02619604024933e-12	-5.02619604024933e-12
4810.364630	25.723921	-31.944179	2.16945470988795e-11	4.85103683530077e-12	-4.85103683530077e-12
4860.134664	23.592728	-24.046112	5.79569959271224e-11	1.30622818648622e-11	-1.30622818648622e-11
4920.566089	23.336662	-36.838698	2.51611991202227e-11	5.7168195433793e-12	-5.7168195433793e-12
4983.072653	41.063878	-39.169902	1.54814611594341e-11	3.4758884081685e-12	-3.4758884081685e-12
5064.718410	27.115382	-40.581878	1.77818078371736e-11	4.02523963193465e-12	-4.02523963193465e-12
5172.051118	55.177154	-80.217326	1.68154243833752e-11	2.74606275399132e-12	-2.74606275399132e-12
5550.535704	37.846328	-39.880100	1.6840893579231e-11	3.67499439106897e-12	-3.67499439106897e-12
5635.984184	32.631548	-47.602152	1.54850709374883e-11	3.47456459478895e-12	-3.47456459478895e-12
5708.415003	57.985629	-39.799271	1.26393467274004e-11	2.85590394594214e-12	-2.85590394594214e-12
5814.968807	44.202105	-48.568175	1.33950781841669e-11	3.01607232217134e-12	-3.01607232217134e-12
5894.365019	35.010433	-35.194107	1.78266722826566e-11	3.98617384430966e-12	-3.98617384430966e-12
5962.698565	24.344907	-33.323113	2.17089955453095e-11	4.85428043905447e-12	-4.85428043905447e-12
6017.727446	31.998645	-30.683975	1.97100058024462e-11	4.46910728983441e-12	-4.46910728983441e-12
6107.591558	75.020445	-57.865466	1.59256244632891e-11	2.74848832766824e-12	-2.74848832766824e-12
11264.092375	118.106237	-117.580503	4.30407172099446e-12	1.12874934068547e-12	-1.12874934068547e-12
11451.958892	65.634220	-69.760280	8.9004623800096e-12	2.02138086361384e-12	-2.02138086361384e-12
11568.472309	26.847343	-50.879197	1.60527949773127e-11	3.61743792079331e-12	-3.61743792079331e-12
11673.240917	42.429455	-77.921265	1.06333773424523e-11	2.39620283350276e-12	-2.39620283350276e-12
11861.646091	94.725261	-145.975719	1.01419824928396e-11	1.75586498129665e-12	-1.75586498129665e-12
17035.866711	82.059181	-73.393839	7.88694035528668e-12	1.77736690864332e-12	-1.77736690864332e-12
17184.964347	45.790325	-67.038455	1.08480669368537e-11	2.44470328245438e-12	-2.44470328245438e-12
17328.601858	70.142454	-97.847186	5.81267324236528e-12	1.4674248622494e-12	-1.4674248622494e-12
17542.069456	185.129915	-143.325145	4.63084703789077e-12	9.41283571938578e-13	-9.41283571938578e-13
21066.764175	133.315177	-142.489643	4.94940054159229e-12	1.28565849851912e-12	-1.28565849851912e-12
21408.377380	140.218731	-208.298029	3.93203234447877e-12	1.03074979300247e-12	-1.03074979300247e-12
21701.679490	107.677162	-153.083378	5.56784966804141e-12	1.44196338448118e-12	-1.44196338448118e-12
21923.799417	128.766414	-114.442766	6.61478171454801e-12	1.65367905881856e-12	-1.65367905881856e-12
22268.116293	135.472799	-215.550461	4.48779978297512e-12	1.16927854387317e-12	-1.16927854387317e-12
22547.680118	94.103154	-144.091026	6.50894108268264e-12	1.65998629951888e-12	-1.65998629951888e-12
22758.048061	96.856290	-116.264790	8.75805810745669e-12	1.97173086417142e-12	-1.97173086417142e-12
22968.212427	134.915265	-113.308075	5.34558460124458e-12	1.39281040393918e-12	-1.39281040393918e-12
23304.724300	197.054632	-201.596608	5.975579471249e-12	1.14809981362515e-12	-1.14809981362515e-12
27909.710470	673.895721	-1168.669207	2.73198779494863e-12	7.47770210965305e-13	-7.47770210965305e-13
28678.743967	117.983125	-95.137775	4.43138423900095e-12	1.15923059885359e-12	-1.15923059885359e-12
29018.872986	256.747645	-222.145895	2.501361330876e-12	5.79827601280529e-13	-5.79827601280529e-13
33943.126782	75.176570	-1429.067539	4.84680832730075e-12	1.27319346386105e-12	-1.27319346386105e-12
34114.105353	149.914158	-95.802002	3.71743093748069e-12	9.73658549373852e-13	-9.73658549373852e-13
34405.791910	81.377961	-141.772398	4.07510491994093e-12	1.07119976394993e-12	-1.07119976394993e-12
34743.671645	305.131467	-256.501773	2.06395748026819e-12	4.78965814523136e-13	-4.78965814523136e-13
40455.462804	364.437768	-305.011332	2.38170149075974e-12	4.81375988932497e-13	-4.81375988932497e-13
50284.404600	6262.563412	-4096.926668	2.22214944401199e-12	3.60560003671614e-13	-3.60560003671614e-13
63198.393544	4474.640708	-929.001592	1.84115107259447e-12	4.85044281574937e-13	-4.85044281574937e-13
68321.774966	584.850865	-648.740715	9.88813529927577e-13	2.32523710499671e-13	-2.32523710499671e-13
74448.781025	576.717246	-724.571454	1.09330367554236e-12	2.37435216195774e-13	-2.37435216195774e-13
79739.614087	342.242184	-680.738976	9.54889447905217e-13	2.53752975111813e-13	-2.53752975111813e-13
80605.578514	624.618398	-523.722242	1.36804954789454e-12	2.87352068591886e-13	-2.87352068591886e-13
84915.001926	326.528166	-435.694094	1.350028686348e-12	3.53141838815984e-13	-3.53141838815984e-13
86033.437933	968.213699	-791.907841	7.71836994670576e-13	1.77818064685563e-13	-1.77818064685563e-13
92026.045621	747.117811	-1839.526517	1.32442918185869e-12	2.82953290633321e-13	-2.82953290633321e-13
97519.875824	1028.612047	-1559.477913	9.56346428540828e-13	2.38388034141386e-13	-2.38388034141386e-13
106426.976830	3654.118782	-4690.514658	7.54190369539397e-13	1.44283312752868e-13	-1.44283312752868e-13
118931.602984	8478.431487	-4470.690601	4.84844273699193e-13	1.15333651895416e-13	-1.15333651895416e-13
142121.343383	6104.006469	-5635.399431	5.53380944473362e-13	1.40573343874273e-13	-1.40573343874273e-13
156752.911956	4440.217955	-2688.929445	6.24438635183366e-13	1.44150169418893e-13	-1.44150169418893e-13
233476.542084	24910.179708	-32681.930392	2.79827131283681e-13	5.56562250066991e-14	-5.56562250066991e-14
365195.398899	49711.684913	-59221.812647	1.58403667343319e-13	3.34052434736271e-14	-3.34052434736271e-14
533697.596055	94751.250889	-72810.905003	4.1628072636366e-14	2.89512110104768e-14	-2.89512110104768e-14
