READ TERR 1 2
NO	NO	NO	NO	NO	NO
!Time	Poserr	Negerr	Flux	PosErr	NegErr
!XRT wtslew mode data
59.7485914443092	0.427871580409999	-0.529263415256509	4.40876055590587e-09	1.09973810003486e-09	-1.09973810003486e-09
60.5909608652429	0.606709134459557	-0.414497840523744	3.5800793586284e-09	8.93028691829927e-10	-8.93028691829927e-10
61.8272133687664	0.519776637306649	-0.629543369063846	3.16702822565999e-09	7.89995636977487e-10	-7.89995636977487e-10
62.8397968851888	0.594236108230767	-0.492806879115832	3.34645932498943e-09	8.34753616859015e-10	-8.34753616859015e-10
64.0444477161867	0.576245268974063	-0.610414722767139	3.06307203033693e-09	7.64064405902054e-10	-7.64064405902054e-10
65.0310452612312	0.504111780421511	-0.410352276070384	3.97926548906772e-09	9.92603207406991e-10	-9.92603207406991e-10
66.3328748022669	0.781269224966167	-0.797717760614233	2.66517402354824e-09	6.48633325560703e-10	-6.48633325560703e-10
NO	NO	NO	NO	NO	NO
!Time	Poserr	Negerr	Flux	PosErr	NegErr
!XRT wt mode data
75.198162	0.689951	-0.744010	2.56004064914849e-09	3.81628319800677e-10	-3.81628319800677e-10
76.835255	0.787513	-0.947142	2.04710845995882e-09	3.15318611637309e-10	-3.15318611637309e-10
78.467494	0.799182	-0.844726	2.18928723963381e-09	3.26359708270014e-10	-3.26359708270014e-10
79.979536	0.778025	-0.712859	2.39001097201788e-09	3.56281808193065e-10	-3.56281808193065e-10
81.463889	0.772132	-0.706327	2.34027647697701e-09	3.60475678530212e-10	-3.60475678530212e-10
83.177151	0.809517	-0.941131	1.99539653509477e-09	3.02343352192491e-10	-3.02343352192491e-10
84.799035	0.696338	-0.812366	2.37908405869419e-09	3.54652898206517e-10	-3.54652898206517e-10
86.357477	0.851182	-0.862105	1.9917803259413e-09	3.22584740363498e-10	-3.22584740363498e-10
88.469496	0.689072	-1.260836	1.81465348875693e-09	2.84185640825695e-10	-2.84185640825695e-10
90.391399	0.955487	-1.232831	1.68368306755849e-09	2.50988626444974e-10	-2.50988626444974e-10
92.203181	0.881906	-0.856295	2.11158388196561e-09	3.14776312933217e-10	-3.14776312933217e-10
94.065481	0.793389	-0.980394	2.03353372036748e-09	3.03141313825159e-10	-3.03141313825159e-10
95.575876	0.821926	-0.717007	2.31330078866149e-09	3.44846546477228e-10	-3.44846546477228e-10
97.603963	1.359335	-1.206161	1.41096969155558e-09	2.10334954709625e-10	-2.10334954709625e-10
100.378984	1.393524	-1.415686	1.321925974008e-09	2.0029879340044e-10	-2.0029879340044e-10
102.773755	1.192427	-1.001247	1.66968904919142e-09	2.61483348685368e-10	-2.61483348685368e-10
104.841042	1.085738	-0.874859	1.86050710686943e-09	2.8190483682213e-10	-2.8190483682213e-10
107.407756	1.605780	-1.480976	1.15266319203366e-09	1.71828874130185e-10	-1.71828874130185e-10
110.599921	1.530651	-1.586385	1.17363314013509e-09	1.74954920460915e-10	-1.74954920460915e-10
113.395637	1.140289	-1.265065	1.576778636965e-09	2.3891419148002e-10	-2.3891419148002e-10
115.896717	1.097955	-1.360790	1.55650599480408e-09	2.43758144203436e-10	-2.43758144203436e-10
118.287308	1.014897	-1.292637	1.71313497323052e-09	2.59574983900964e-10	-2.59574983900964e-10
120.725599	1.615326	-1.423394	1.29413485424938e-09	1.99337200369921e-10	-1.99337200369921e-10
124.336688	1.457514	-1.995764	1.09379756729731e-09	1.71295261664265e-10	-1.71295261664265e-10
126.830544	1.235587	-1.036342	1.5475466682181e-09	2.46442681776051e-10	-2.46442681776051e-10
129.935362	1.744173	-1.869231	9.27850674467792e-10	1.45306996164377e-10	-1.45306996164377e-10
133.205459	1.206785	-1.525924	1.24224055480248e-09	1.91343825318444e-10	-1.91343825318444e-10
135.646849	1.466105	-1.234605	1.29280987306652e-09	1.9588712278312e-10	-1.9588712278312e-10
138.832457	2.128731	-1.719503	8.00933278145063e-10	1.32462248611161e-10	-1.32462248611161e-10
142.639405	1.727035	-1.678217	1.1306241405072e-09	1.68543476384373e-10	-1.68543476384373e-10
146.200530	1.571160	-1.834090	1.14128041146615e-09	1.70132014125094e-10	-1.70132014125094e-10
149.673501	2.199052	-1.901811	9.24848524489441e-10	1.40133439842692e-10	-1.40133439842692e-10
154.089408	1.812842	-2.216855	6.06010245496122e-10	1.10641850706859e-10	-1.10641850706859e-10
157.876295	2.313647	-1.974044	8.34139368535202e-10	1.26389156296282e-10	-1.26389156296282e-10
161.875911	1.680111	-1.685969	7.71483187579654e-10	1.40852908929833e-10	-1.40852908929833e-10
165.566268	1.733031	-2.010246	6.98355812035422e-10	1.37357195937814e-10	-1.37357195937814e-10
169.086230	1.602278	-1.786931	1.12675468820008e-09	1.79432735682529e-10	-1.79432735682529e-10
172.338853	1.610786	-1.650345	7.8469077476122e-10	1.43264236656545e-10	-1.43264236656545e-10
175.627524	2.108076	-1.677885	9.58347756191565e-10	1.4520928280047e-10	-1.4520928280047e-10
179.326746	1.851473	-1.591146	7.42236083183691e-10	1.35123232367284e-10	-1.35123232367284e-10
183.381809	2.085860	-2.203590	8.24984908323412e-10	1.22981491246572e-10	-1.22981491246572e-10
187.403926	1.901313	-1.936257	5.24926352875773e-10	1.14591541750699e-10	-1.14591541750699e-10
190.961947	1.554587	-1.656708	7.12276450270398e-10	1.30043259125718e-10	-1.30043259125718e-10
194.318881	1.711422	-1.802347	9.42520755290577e-10	1.47604411768156e-10	-1.47604411768156e-10
197.654721	2.364359	-1.624417	7.03843966350031e-10	1.18029626601522e-10	-1.18029626601522e-10
201.599609	1.564959	-1.580529	7.49240994060137e-10	1.36792079564098e-10	-1.36792079564098e-10
204.996042	1.406516	-1.831475	7.29313728793443e-10	1.36455891559257e-10	-1.36455891559257e-10
208.452344	2.035087	-2.049787	7.46651499798788e-10	1.24167849577591e-10	-1.24167849577591e-10
212.556349	1.964346	-2.068918	5.69794734616674e-10	1.06609653465311e-10	-1.06609653465311e-10
216.034342	2.103311	-1.513646	6.22706892963523e-10	1.16509586080685e-10	-1.16509586080685e-10
220.010013	2.027461	-1.872360	5.78496436257007e-10	1.08237765126919e-10	-1.08237765126919e-10
224.592460	1.780742	-2.554986	5.13880902299215e-10	9.85635732564745e-11	-9.85635732564745e-11
228.280637	2.278826	-1.907435	5.56295188771286e-10	1.04083851184293e-10	-1.04083851184293e-10
232.794983	1.763932	-2.235520	5.99655646803148e-10	1.12196647610153e-10	-1.12196647610153e-10
237.226467	2.463432	-2.667552	4.54752644966421e-10	8.72226641295932e-11	-8.72226641295932e-11
NO	NO	NO	NO	NO	NO
!Time	Poserr	Negerr	Flux	PosErr	NegErr
!XRT pc mode data
255.501529	8.843123	-8.708086	3.84117232576271e-10	8.12874403085639e-11	-8.12874403085639e-11
271.483061	7.905451	-7.138409	4.33471794611602e-10	9.38571556286199e-11	-9.38571556286199e-11
284.329084	5.088688	-4.940572	6.51002427629432e-10	1.42826318557843e-10	-1.42826318557843e-10
298.568552	8.400360	-9.150780	4.42334784760585e-10	9.0716951658743e-11	-9.0716951658743e-11
319.530200	12.511851	-12.561289	2.87940606927473e-10	6.17050545736057e-11	-6.17050545736057e-11
341.235235	8.357957	-9.193183	4.19607098869428e-10	8.94605164037665e-11	-8.94605164037665e-11
356.528306	5.601445	-6.935115	5.66666903021642e-10	1.21435431484888e-10	-1.21435431484888e-10
370.750926	8.930006	-8.621174	3.73559302394028e-10	8.19568156970902e-11	-8.19568156970902e-11
387.608592	12.130860	-7.927660	3.32868053815618e-10	7.13329029803543e-11	-7.13329029803543e-11
416.154924	13.672267	-16.415473	1.9668799320084e-10	4.47360229921724e-11	-4.47360229921724e-11
442.446215	14.961377	-12.619023	2.12580765734689e-10	4.83508268190963e-11	-4.83508268190963e-11
467.012974	12.960438	-9.605382	2.60765496236893e-10	5.89728752064039e-11	-5.89728752064039e-11
492.776564	9.762667	-12.803153	2.76970348736308e-10	6.04399050714334e-11	-6.04399050714334e-11
513.221162	9.376530	-10.681930	3.23207273857533e-10	6.96206138378877e-11	-6.96206138378877e-11
534.773012	12.897840	-12.175320	2.47802417032208e-10	5.43664673623394e-11	-5.43664673623394e-11
565.387311	14.878561	-17.716460	1.80545452011458e-10	4.0830895370686e-11	-4.0830895370686e-11
605.399632	30.027140	-25.133760	1.61102965117123e-10	2.95241150553657e-11	-2.95241150553657e-11
3945.205537	46.377355	-38.871445	2.0440530043539e-11	4.40858666890796e-12	-4.40858666890796e-12
4032.295740	34.506612	-40.712848	2.28772322253274e-11	4.99224179960209e-12	-4.99224179960209e-12
4109.327143	57.767829	-42.524791	1.66304530227228e-11	3.76624994684804e-12	-3.76624994684804e-12
4197.794988	34.490183	-30.700017	4.08444909051442e-11	9.02081473385201e-12	-9.02081473385201e-12
4300.463639	54.679932	-68.178468	2.01181644336228e-11	4.53674173492486e-12	-4.53674173492486e-12
4394.339119	38.531213	-39.195547	2.17511813511207e-11	4.86371974927729e-12	-4.86371974927729e-12
4463.283223	42.299189	-30.412891	2.26140933742074e-11	5.12137919730538e-12	-5.12137919730538e-12
4537.257279	31.007933	-31.674867	2.58766613263348e-11	5.8354013936686e-12	-5.8354013936686e-12
4600.757374	35.205298	-32.492162	2.48969083352592e-11	5.49910591319542e-12	-5.49910591319542e-12
4672.380517	38.801514	-36.417846	2.12358690255017e-11	4.85056819761096e-12	-4.85056819761096e-12
4731.843992	29.484280	-20.661960	3.23592506772093e-11	7.26636823367091e-12	-7.26636823367091e-12
4814.905007	36.686425	-53.576735	1.76434189503551e-11	3.9956856535127e-12	-3.9956856535127e-12
4879.093247	27.659024	-27.501816	3.0106221850057e-11	6.64976964998777e-12	-6.64976964998777e-12
4947.604227	26.845445	-40.851955	2.4753494982342e-11	5.44536033066426e-12	-5.44536033066426e-12
5010.139492	29.500240	-35.689821	2.47113105498779e-11	5.54895526218269e-12	-5.54895526218269e-12
5067.192588	37.637184	-27.552856	2.52176287424893e-11	5.6867288588636e-12	-5.6867288588636e-12
5137.024299	35.502833	-32.194527	2.48850688188184e-11	5.6356826466428e-12	-5.6356826466428e-12
5219.238084	43.552188	-46.710952	1.94886731009935e-11	4.3578147235827e-12	-4.3578147235827e-12
5295.725451	32.254821	-32.935179	2.77050088613673e-11	6.22126428939138e-12	-6.22126428939138e-12
5358.023777	37.653855	-30.043505	2.72943756538304e-11	6.10318666091002e-12	-6.10318666091002e-12
5444.880523	46.074888	-49.202892	1.82573028269001e-11	4.11712078826496e-12	-4.11712078826496e-12
5552.969913	68.365618	-62.014502	1.32658655862793e-11	2.89482416918494e-12	-2.89482416918494e-12
5679.380516	62.305876	-58.044984	1.29965882891132e-11	2.98144471288896e-12	-2.98144471288896e-12
5781.258136	43.169555	-39.571744	1.94711341646735e-11	4.35391003874177e-12	-4.35391003874177e-12
5894.514759	67.815073	-70.087067	1.16028464973658e-11	2.62764997032585e-12	-2.62764997032585e-12
6015.130603	67.550189	-52.800771	1.42066760819465e-11	3.11263849827629e-12	-3.11263849827629e-12
6112.329799	28.019213	-29.649007	2.99093623249128e-11	6.5267752031562e-12	-6.5267752031562e-12
6212.242963	48.457049	-71.893951	1.56161823816452e-11	3.2923438164798e-12	-3.2923438164798e-12
6324.864523	88.781628	-64.164512	1.55970750836519e-11	2.90475392286369e-12	-2.90475392286369e-12
9827.357792	187.867239	-210.796021	5.38806408699295e-12	1.40751976066869e-12	-1.40751976066869e-12
10327.424572	244.424020	-312.199540	3.80956310453355e-12	1.0053312079372e-12	-1.0053312079372e-12
10798.064525	124.807547	-226.215933	6.02548249199527e-12	1.59010918267951e-12	-1.59010918267951e-12
11118.749539	192.755493	-195.877467	5.47518400515123e-12	1.43516500000189e-12	-1.43516500000189e-12
11757.257193	429.287079	-445.752161	4.53438097310832e-12	8.71820128430167e-13	-8.71820128430167e-13
15762.452647	373.240344	-373.939716	1.81571443080461e-12	4.78343353462819e-13	-4.78343353462819e-13
16467.522456	327.593395	-331.829465	2.06217768804358e-12	5.42392790836561e-13	-5.42392790836561e-13
17421.270215	536.391088	-626.154363	1.39477615892122e-12	3.45699760547598e-13	-3.45699760547598e-13
22307.848006	1419.817245	-1130.106855	6.24481355230717e-13	1.56696428618778e-13	-1.56696428618778e-13
42110.252145	16231.662987	-15179.511433	1.05703188565418e-13	2.91389943162053e-14	-2.91389943162053e-14
