READ TERR 1 2
NO	NO	NO	NO	NO	NO
!Time	Poserr	Negerr	Flux	PosErr	NegErr
!XRT wtslew mode data
105.982593502977	0.358138492232399	-0.440678520283598	5.71942241771169e-08	1.33773221836253e-08	-1.33773221836253e-08
106.631861612398	0.26572433283377	-0.291129617189227	7.89415453121199e-08	1.84638658974238e-08	-1.84638658974238e-08
107.205637533086	0.261270461763573	-0.308051587854436	7.54889500457472e-08	1.76563284246732e-08	-1.76563284246732e-08
107.7776232297	0.285219752218126	-0.310715234849866	6.85556167329112e-08	1.60346710831023e-08	-1.60346710831023e-08
108.469570116512	0.331638873211404	-0.406727134593609	5.35475990617921e-08	1.2524402509437e-08	-1.2524402509437e-08
109.079779593149	0.367254365389357	-0.278570603425635	5.76097505693017e-08	1.34745108509082e-08	-1.34745108509082e-08
109.874855476415	0.374552487441477	-0.427821517876524	4.58267112671427e-08	1.07185417768428e-08	-1.07185417768428e-08
110.654290495877	0.402829486469443	-0.404882532020551	4.55365888242991e-08	1.06506842012491e-08	-1.06506842012491e-08
111.459447614571	0.3947233802906	-0.402327632225408	4.48799119524017e-08	1.04970921521866e-08	-1.04970921521866e-08
112.233589979283	0.365998014442155	-0.379418984420838	4.69404335050104e-08	1.09790334858113e-08	-1.09790334858113e-08
113.078903244829	0.417463749654956	-0.479315251104055	3.92011162661615e-08	9.16886223731681e-09	-9.16886223731681e-09
114.280335437336	0.793223548851373	-0.783968442851616	4.32654096482509e-08	9.43134298126963e-09	-9.43134298126963e-09
NO	NO	NO	NO	NO	NO
!Time	Poserr	Negerr	Flux	PosErr	NegErr
!XRT wt mode data
120.591127	0.276742	-0.354850	4.47494052410578e-08	5.56160908762998e-09	-5.56160908762998e-09
121.187449	0.360048	-0.319581	4.13689833396311e-08	5.18417334890146e-09	-5.18417334890146e-09
121.773937	0.346442	-0.226439	5.11414854622827e-08	6.25255105811578e-09	-6.25255105811578e-09
122.448634	0.301551	-0.328256	4.74357567291314e-08	5.89836596138604e-09	-5.89836596138604e-09
123.049764	0.314209	-0.299579	4.92780667695186e-08	6.12444668394087e-09	-6.12444668394087e-09
123.677214	0.272094	-0.313240	5.39429203623017e-08	6.49396444041012e-09	-6.49396444041012e-09
124.223352	0.277502	-0.274044	5.51128012138258e-08	6.90648624735622e-09	-6.90648624735622e-09
124.757494	0.275321	-0.256640	5.77446119306332e-08	7.17669786447887e-09	-7.17669786447887e-09
125.280767	0.294684	-0.247952	5.83105047557029e-08	7.08089702191452e-09	-7.08089702191452e-09
125.827591	0.256682	-0.252140	6.88038441967368e-08	7.90627497200088e-09	-7.90627497200088e-09
126.380353	0.273233	-0.296080	5.05671937799441e-08	6.4976850947388e-09	-6.4976850947388e-09
126.947715	0.225377	-0.294130	5.95407541072319e-08	7.3543817650066e-09	-7.3543817650066e-09
127.464463	0.322431	-0.291371	4.73116110958422e-08	6.07935556129198e-09	-6.07935556129198e-09
128.071414	0.249219	-0.284520	6.00345254479929e-08	7.24111860955078e-09	-7.24111860955078e-09
128.580584	0.245339	-0.259951	7.4591429556438e-08	8.24228261289356e-09	-8.24228261289356e-09
129.120208	0.269699	-0.294286	5.40344993172992e-08	6.66056132620118e-09	-6.66056132620118e-09
129.636674	0.269183	-0.246767	6.26750448177715e-08	7.44337227068265e-09	-7.44337227068265e-09
130.172116	0.281713	-0.266260	5.35258310672197e-08	6.82034120010807e-09	-6.82034120010807e-09
130.673953	0.306499	-0.220124	6.78138011079243e-08	7.58655994170116e-09	-7.58655994170116e-09
131.261204	0.302804	-0.280752	4.85438031272208e-08	6.23768739622762e-09	-6.23768739622762e-09
131.881483	0.267858	-0.317475	4.83714174743975e-08	6.11227963884715e-09	-6.11227963884715e-09
132.462713	0.264834	-0.313373	5.00882250020267e-08	6.12377958774361e-09	-6.12377958774361e-09
132.964906	0.273243	-0.237359	5.58033256149575e-08	6.99587752126895e-09	-6.99587752126895e-09
133.521955	0.289064	-0.283806	4.85089346450459e-08	6.12965645233477e-09	-6.12965645233477e-09
134.092300	0.254248	-0.281281	4.94719269810845e-08	6.19959751315936e-09	-6.19959751315936e-09
134.643055	0.304840	-0.296507	4.20892147073986e-08	5.23099157172227e-09	-5.23099157172227e-09
135.266907	0.285894	-0.319012	4.005151774461e-08	4.9777396290092e-09	-4.9777396290092e-09
135.845657	0.310270	-0.292857	4.08504650703064e-08	4.99437229352266e-09	-4.99437229352266e-09
136.468551	0.306514	-0.312624	4.01785537366472e-08	4.87236532914797e-09	-4.87236532914797e-09
137.211766	0.435074	-0.436701	2.93670643042904e-08	3.56127968487899e-09	-3.56127968487899e-09
137.951536	0.309105	-0.304696	4.2149525504792e-08	5.28198737748798e-09	-5.28198737748798e-09
138.580951	0.325515	-0.320310	4.1895317166153e-08	5.12211574815492e-09	-5.12211574815492e-09
139.225958	0.317437	-0.319492	4.10360820514417e-08	5.05831174570823e-09	-5.05831174570823e-09
139.930544	0.354735	-0.387149	3.44168482059509e-08	4.20779921655178e-09	-4.20779921655178e-09
140.598178	0.316925	-0.312899	3.88463319134315e-08	4.94985749970056e-09	-4.94985749970056e-09
141.193540	0.292665	-0.278437	4.47002339308403e-08	5.50997336516455e-09	-5.50997336516455e-09
141.755928	0.240888	-0.269723	5.10477604899514e-08	6.24109223586258e-09	-6.24109223586258e-09
142.309762	0.302635	-0.312945	4.00200530132027e-08	5.18601458353558e-09	-5.18601458353558e-09
142.910812	0.251336	-0.298416	4.60652664094789e-08	5.67823403485895e-09	-5.67823403485895e-09
143.441213	0.245780	-0.279065	4.72249219435106e-08	5.91801299562911e-09	-5.91801299562911e-09
143.963312	0.319690	-0.276319	4.28899694122981e-08	5.28683116086215e-09	-5.28683116086215e-09
144.571988	0.337248	-0.288985	4.10664598584031e-08	5.14626249655957e-09	-5.14626249655957e-09
145.213135	0.293878	-0.303899	4.35357914926768e-08	5.41077709373815e-09	-5.41077709373815e-09
145.858431	0.333542	-0.351418	3.68742335326733e-08	4.69856979098962e-09	-4.69856979098962e-09
146.612223	0.396387	-0.420250	3.12024357989694e-08	3.87794546840636e-09	-3.87794546840636e-09
147.409968	0.352994	-0.401358	3.13428080536225e-08	3.92773856467101e-09	-3.92773856467101e-09
148.062403	0.305450	-0.299441	3.74229071289198e-08	4.57531955854503e-09	-4.57531955854503e-09
148.806335	0.451085	-0.438482	2.44115758361492e-08	3.13729774736217e-09	-3.13729774736217e-09
149.603253	0.358703	-0.345833	3.42235130964212e-08	4.2185605847852e-09	-4.2185605847852e-09
150.250091	0.258059	-0.288135	4.70624836598372e-08	5.8011559799853e-09	-5.8011559799853e-09
150.906843	0.328988	-0.398693	3.44394972934414e-08	4.21056828452487e-09	-4.21056828452487e-09
151.664407	0.356021	-0.428576	3.01612544784476e-08	3.74854382826429e-09	-3.74854382826429e-09
152.375466	0.345933	-0.355037	3.34368822917656e-08	4.05481759132063e-09	-4.05481759132063e-09
153.086665	0.269872	-0.365267	3.53756529660877e-08	4.3966071119716e-09	-4.3966071119716e-09
153.834672	0.397198	-0.478134	2.55263462319204e-08	3.12084761392715e-09	-3.12084761392715e-09
154.674935	0.416258	-0.443064	2.5329159035813e-08	3.17413528595005e-09	-3.17413528595005e-09
155.397095	0.341682	-0.305903	3.36925599143476e-08	4.18742655581691e-09	-4.18742655581691e-09
156.181665	0.421771	-0.442888	2.56265384284601e-08	3.15885471210447e-09	-3.15885471210447e-09
157.082818	0.495583	-0.479382	2.26474294837545e-08	2.83807315919852e-09	-2.83807315919852e-09
158.098918	0.653710	-0.520517	1.86879062792719e-08	2.34188363686435e-09	-2.34188363686435e-09
159.107650	0.289011	-0.355023	3.42354034504184e-08	4.22002627134186e-09	-4.22002627134186e-09
159.820641	0.406869	-0.423980	2.60690468265544e-08	3.26685471952725e-09	-3.26685471952725e-09
160.694363	0.504555	-0.466852	2.22099857540582e-08	2.78325464475635e-09	-2.78325464475635e-09
161.651130	0.410667	-0.452212	2.40697351273531e-08	3.11908625235026e-09	-3.11908625235026e-09
162.486892	0.489380	-0.425095	2.29888798805758e-08	2.88086215822493e-09	-2.88086215822493e-09
163.425285	0.525952	-0.449013	2.18471485567466e-08	2.67102939082747e-09	-2.67102939082747e-09
164.375927	0.573406	-0.424690	2.11180152335927e-08	2.62461914213508e-09	-2.62461914213508e-09
165.510114	0.595635	-0.560780	1.78022409509526e-08	2.24951594868084e-09	-2.24951594868084e-09
166.612882	0.750693	-0.507133	1.62049760776042e-08	2.0140098643231e-09	-2.0140098643231e-09
168.105928	0.584880	-0.742353	1.49212882526128e-08	1.88547471963361e-09	-1.88547471963361e-09
169.261662	0.510859	-0.570854	1.90401420076504e-08	2.34698267459144e-09	-2.34698267459144e-09
170.394477	0.607424	-0.621957	1.69692833942894e-08	2.07466227539501e-09	-2.07466227539501e-09
171.599956	0.629547	-0.598055	1.61780728255196e-08	2.0442837691169e-09	-2.0442837691169e-09
172.929026	0.602784	-0.699522	1.51315527577347e-08	1.88060109863897e-09	-1.88060109863897e-09
174.150126	0.635973	-0.618316	1.56190664806094e-08	1.95731058921034e-09	-1.95731058921034e-09
175.507353	0.636224	-0.721255	1.47184875416876e-08	1.81427403850795e-09	-1.81427403850795e-09
176.801420	0.582202	-0.657843	1.63374029290689e-08	2.01382962452012e-09	-2.01382962452012e-09
178.170960	0.739151	-0.787337	1.33143057358536e-08	1.64118759568881e-09	-1.64118759568881e-09
179.733001	0.605733	-0.822890	1.41161497570071e-08	1.72583855356769e-09	-1.72583855356769e-09
181.076313	0.662598	-0.737580	1.44708308839546e-08	1.7548460172114e-09	-1.7548460172114e-09
182.687552	0.867854	-0.948641	1.15104463468748e-08	1.39584664159104e-09	-1.39584664159104e-09
184.173398	0.639856	-0.617991	1.67069721380671e-08	2.04259215186365e-09	-2.04259215186365e-09
185.769764	0.804830	-0.956510	1.15617838095359e-08	1.41354211223795e-09	-1.41354211223795e-09
187.374453	0.938321	-0.799859	1.12282729141323e-08	1.39548818151727e-09	-1.39548818151727e-09
189.142027	1.067283	-0.829253	1.0204360708362e-08	1.27876418617801e-09	-1.27876418617801e-09
190.980350	0.573985	-0.771039	1.44704026142579e-08	1.79843112174453e-09	-1.79843112174453e-09
192.365597	0.878895	-0.811262	1.16141795264272e-08	1.4316215968886e-09	-1.4316215968886e-09
194.315406	1.183248	-1.070914	8.57065421575847e-09	1.08299980950316e-09	-1.08299980950316e-09
196.352167	0.973657	-0.853514	1.0768685076909e-08	1.31657796360568e-09	-1.31657796360568e-09
198.121173	0.782742	-0.795349	1.22345344815813e-08	1.49579254572467e-09	-1.49579254572467e-09
199.732633	0.950375	-0.828719	1.0779680728716e-08	1.33973558561725e-09	-1.33973558561725e-09
201.858176	1.080773	-1.175168	8.99520725232054e-09	1.09975279213818e-09	-1.09975279213818e-09
204.256504	0.863662	-1.317555	9.22150290208894e-09	1.16524190295491e-09	-1.16524190295491e-09
206.269781	1.086736	-1.149615	9.11774883430141e-09	1.12389909145874e-09	-1.12389909145874e-09
208.607900	1.146893	-1.251382	8.18800880078923e-09	1.03464817244971e-09	-1.03464817244971e-09
210.905498	1.105212	-1.150706	8.64975410000074e-09	1.06621177318322e-09	-1.06621177318322e-09
213.096064	1.030017	-1.085353	9.143930074033e-09	1.10886439222971e-09	-1.10886439222971e-09
215.185725	0.938321	-1.059645	9.68458799060482e-09	1.17442881714781e-09	-1.17442881714781e-09
217.299115	0.958111	-1.175069	8.28410957176407e-09	1.0734996657475e-09	-1.0734996657475e-09
218.505278	0.296364	-0.248051	7.52089786893627e-09	9.12042829248341e-10	-9.12042829248341e-10
219.108814	0.322628	-0.307172	6.56655412099817e-09	8.04390804872211e-10	-8.04390804872211e-10
219.712803	0.261265	-0.281360	8.94039877970846e-09	1.01690149368491e-09	-1.01690149368491e-09
220.230601	0.252288	-0.256533	8.16862932558766e-09	9.90591824323721e-10	-9.90591824323721e-10
220.753656	0.341254	-0.270767	6.7241221086216e-09	8.23692604855902e-10	-8.23692604855902e-10
221.393452	0.292110	-0.298543	7.02407269726022e-09	8.51793910972265e-10	-8.51793910972265e-10
221.994407	0.260478	-0.308845	7.38464333348897e-09	8.95519567362184e-10	-8.95519567362184e-10
222.552860	0.294477	-0.297975	7.23451025774216e-09	8.86214170579532e-10	-8.86214170579532e-10
223.124544	0.240520	-0.277207	6.11665335938272e-09	8.76994646206818e-10	-8.76994646206818e-10
223.718703	0.274396	-0.353639	6.93111531937632e-09	8.40521209746107e-10	-8.40521209746107e-10
224.260927	0.253457	-0.267829	8.09157387551718e-09	9.81247453540108e-10	-9.81247453540108e-10
224.781645	0.282492	-0.267261	7.44713443092197e-09	9.03097701117016e-10	-9.03097701117016e-10
225.331918	0.306878	-0.267781	7.01860382391051e-09	8.59766034191389e-10	-8.59766034191389e-10
225.931576	0.248073	-0.292779	7.51043763843386e-09	9.10774319669002e-10	-9.10774319669002e-10
226.489479	0.312854	-0.309830	6.76991596411043e-09	8.23150118286273e-10	-8.23150118286273e-10
227.100232	0.285653	-0.297900	7.62616139866138e-09	9.24807915200763e-10	-9.24807915200763e-10
227.632675	0.297626	-0.246789	6.38508491062601e-09	8.77058842750954e-10	-8.77058842750954e-10
228.229420	0.311123	-0.299119	6.67469242995807e-09	8.09425345862608e-10	-8.09425345862608e-10
228.790930	0.260225	-0.250387	5.82442425303895e-09	8.23697987522433e-10	-8.23697987522433e-10
229.365033	0.312376	-0.313879	6.68381373184787e-09	8.10531446937575e-10	-8.10531446937575e-10
229.957050	0.344835	-0.279641	6.74903009318016e-09	8.26743772687922e-10	-8.26743772687922e-10
230.578096	0.305565	-0.276211	7.15749739335289e-09	8.76780255374823e-10	-8.76780255374823e-10
231.135403	0.269544	-0.251742	5.68372143837063e-09	8.2037451054102e-10	-8.2037451054102e-10
231.633248	0.287649	-0.228300	5.64723074150222e-09	8.23733256048666e-10	-8.23733256048666e-10
232.228705	0.266848	-0.307809	7.22490975345218e-09	8.94066508936359e-10	-8.94066508936359e-10
232.801533	0.338055	-0.305979	6.44705761537547e-09	7.8182055332899e-10	-7.8182055332899e-10
233.411052	0.256929	-0.271465	5.88227544221651e-09	8.23683323896354e-10	-8.23683323896354e-10
233.902517	0.268948	-0.234537	8.51211738085486e-09	1.01739260073691e-09	-1.01739260073691e-09
234.456522	0.223770	-0.285057	8.12457957722874e-09	9.85249991533867e-10	-9.85249991533867e-10
234.916901	0.265106	-0.236609	9.53185870561657e-09	1.08177321082018e-09	-1.08177321082018e-09
235.484327	0.267004	-0.302319	7.48315094683334e-09	9.07465328502823e-10	-9.07465328502823e-10
236.057720	0.286061	-0.306389	7.19069132646353e-09	8.71999396441345e-10	-8.71999396441345e-10
236.602084	0.262984	-0.258302	5.12692380545925e-09	7.76040742610472e-10	-7.76040742610472e-10
237.163008	0.306965	-0.297940	6.63815107125571e-09	8.04994076334309e-10	-8.04994076334309e-10
237.697239	0.274450	-0.227267	5.87547907087841e-09	8.39354136307243e-10	-8.39354136307243e-10
238.281296	0.330881	-0.309607	6.51773934135079e-09	7.90391962067612e-10	-7.90391962067612e-10
238.861833	0.262735	-0.249655	8.05990298067834e-09	9.77406799360376e-10	-9.77406799360376e-10
239.446074	0.281621	-0.321507	6.7239346877276e-09	8.23669660671031e-10	-8.23669660671031e-10
239.968015	0.288072	-0.240320	5.36847130609548e-09	7.86045540531991e-10	-7.86045540531991e-10
240.594415	0.280800	-0.338328	6.57085960118668e-09	7.96833751824479e-10	-7.96833751824479e-10
241.208968	0.276489	-0.333753	6.37973028677953e-09	8.31291438002955e-10	-8.31291438002955e-10
241.803925	0.313124	-0.318468	6.55754276893922e-09	8.11481306516554e-10	-8.11481306516554e-10
242.374058	0.273173	-0.257009	5.00001719690704e-09	8.48944625281487e-10	-8.48944625281487e-10
242.922962	0.258009	-0.275732	8.1941862458856e-09	9.93691059302131e-10	-9.93691059302131e-10
243.406353	0.294125	-0.225382	5.32240097096191e-09	8.05629291720025e-10	-8.05629291720025e-10
243.992542	0.293251	-0.292064	7.02282578354688e-09	8.51642747753317e-10	-8.51642747753317e-10
244.535830	0.289040	-0.250037	5.28111121093593e-09	7.73254383332987e-10	-7.73254383332987e-10
245.090555	0.312533	-0.265685	6.99612091568908e-09	8.48404288272421e-10	-8.48404288272421e-10
245.685181	0.329930	-0.282092	6.5458462127738e-09	8.10033883281205e-10	-8.10033883281205e-10
246.268061	0.337722	-0.252951	5.92218623844202e-09	7.7762114606837e-10	-7.7762114606837e-10
246.907804	0.293990	-0.302021	4.5064207221956e-09	6.82117841290936e-10	-6.82117841290936e-10
247.445715	0.268460	-0.243921	5.59940168300763e-09	8.19858122426859e-10	-8.19858122426859e-10
248.064992	0.325242	-0.350817	4.01859812018982e-09	6.08278172818586e-10	-6.08278172818586e-10
248.671920	0.243158	-0.281686	5.47739097169327e-09	8.10728275583166e-10	-8.10728275583166e-10
249.156738	0.270730	-0.241661	5.95110472946747e-09	8.41613305840045e-10	-8.41613305840045e-10
249.753632	0.296533	-0.326163	4.23736743569887e-09	6.41392336938089e-10	-6.41392336938089e-10
250.335547	0.280382	-0.285383	4.64654206755295e-09	6.9266560214447e-10	-6.9266560214447e-10
250.846675	0.327902	-0.230745	4.82644309033536e-09	7.1948363136808e-10	-7.1948363136808e-10
251.514115	0.238681	-0.339538	4.76089232122186e-09	7.20636120043636e-10	-7.20636120043636e-10
252.006190	0.298136	-0.253395	5.00500193017717e-09	7.46101619906155e-10	-7.46101619906155e-10
252.662668	0.321288	-0.358341	3.9616466165291e-09	5.90567402827319e-10	-5.90567402827319e-10
253.267638	0.266073	-0.283682	4.78762934514784e-09	7.13697623060349e-10	-7.13697623060349e-10
253.856780	0.333418	-0.323069	5.96674621508359e-09	7.45945516903314e-10	-7.45945516903314e-10
254.496169	0.256225	-0.305971	4.7857996964129e-09	7.13424892589935e-10	-7.13424892589935e-10
255.037363	0.328820	-0.284969	4.37901030871121e-09	6.6283224959697e-10	-6.6283224959697e-10
255.721444	0.425771	-0.355261	3.52117546957558e-09	5.24905878162929e-10	-5.24905878162929e-10
256.472376	0.253058	-0.325161	4.73983403634009e-09	7.17448608143459e-10	-7.17448608143459e-10
257.055282	0.280394	-0.329848	4.44352826041871e-09	6.72598074012617e-10	-6.72598074012617e-10
257.687308	0.340451	-0.351632	4.00634959344604e-09	5.90703999807258e-10	-5.90703999807258e-10
258.272504	0.262307	-0.244745	5.32712111462448e-09	7.94120324557058e-10	-7.94120324557058e-10
258.975187	0.331769	-0.440375	3.43832160741181e-09	5.20444144701707e-10	-5.20444144701707e-10
259.590676	0.294498	-0.283720	4.57027571869224e-09	6.91783262907078e-10	-6.91783262907078e-10
260.162588	0.350620	-0.277414	4.1350756982414e-09	6.35623525053671e-10	-6.35623525053671e-10
260.793573	0.372577	-0.280365	4.07449465998909e-09	6.07389794389576e-10	-6.07389794389576e-10
261.488339	0.264914	-0.322188	4.61505566355449e-09	6.87971862026262e-10	-6.87971862026262e-10
262.020795	0.299993	-0.267542	4.83839449232115e-09	7.21265292498364e-10	-7.21265292498364e-10
262.654133	0.251990	-0.333345	4.62124114137418e-09	6.88893982223913e-10	-6.88893982223913e-10
263.241315	0.339099	-0.335193	3.87840190768866e-09	5.87057282132737e-10	-5.87057282132737e-10
263.951584	0.258644	-0.371170	4.18244273928855e-09	6.23481776786279e-10	-6.23481776786279e-10
264.458814	0.283374	-0.248586	4.98192687653234e-09	7.42661803077551e-10	-7.42661803077551e-10
265.014297	0.265193	-0.272108	5.56733039197654e-09	7.90155446536508e-10	-7.90155446536508e-10
265.597005	0.285599	-0.317516	4.34714418143278e-09	6.58008792945747e-10	-6.58008792945747e-10
266.187346	0.383771	-0.304742	3.74072529757999e-09	5.75005893205241e-10	-5.75005893205241e-10
266.878360	0.297662	-0.307243	4.38050166438369e-09	6.5300665899605e-10	-6.5300665899605e-10
267.528487	0.421458	-0.352465	3.3768562086889e-09	5.19073761728206e-10	-5.19073761728206e-10
268.345304	0.330527	-0.395359	3.675859735837e-09	5.56399343031128e-10	-5.56399343031128e-10
269.009531	0.207146	-0.333700	4.94550312136708e-09	7.37232067677612e-10	-7.37232067677612e-10
269.618838	0.348625	-0.402161	3.53294884988598e-09	5.26660935386053e-10	-5.26660935386053e-10
270.270983	0.374330	-0.303520	4.06441141508535e-09	6.05886703533833e-10	-6.05886703533833e-10
271.022807	0.311030	-0.377494	4.21923111894719e-09	6.28965849286599e-10	-6.28965849286599e-10
271.609413	0.268840	-0.275576	5.29065238771658e-09	7.88683876747239e-10	-7.88683876747239e-10
272.244200	0.310122	-0.365948	4.10627336056332e-09	6.12127075233833e-10	-6.12127075233833e-10
272.930812	0.320931	-0.376490	3.86903367086097e-09	5.76761487298383e-10	-5.76761487298383e-10
273.759224	0.442576	-0.507481	2.76606623214557e-09	4.18687697648721e-10	-4.18687697648721e-10
274.599955	0.438037	-0.398155	3.13493171375909e-09	4.67328010495561e-10	-4.67328010495561e-10
275.608285	0.411770	-0.570292	2.66832530627011e-09	3.97770453758752e-10	-3.97770453758752e-10
276.392748	0.370984	-0.372694	3.48337413512826e-09	5.27263560126441e-10	-5.27263560126441e-10
277.301728	0.435169	-0.537996	2.67283235888161e-09	4.04575293540682e-10	-4.04575293540682e-10
278.109355	0.456619	-0.372457	3.1130766511321e-09	4.86017339958274e-10	-4.86017339958274e-10
278.881933	0.358333	-0.315959	4.03308047907508e-09	6.01216153257705e-10	-6.01216153257705e-10
279.555550	0.335878	-0.315284	4.08759998441282e-09	6.18722712080014e-10	-6.18722712080014e-10
280.488324	0.497272	-0.596895	2.3896849032172e-09	3.61716482602146e-10	-3.61716482602146e-10
281.384763	0.435246	-0.399168	3.13448151509522e-09	4.67260918746477e-10	-4.67260918746477e-10
282.186080	0.432758	-0.366071	3.27469026584443e-09	4.8816202780386e-10	-4.8816202780386e-10
283.045563	0.400554	-0.426725	3.12477159290007e-09	4.72983424554981e-10	-4.72983424554981e-10
283.812556	0.418159	-0.366438	3.35180778236365e-09	4.99658000308041e-10	-4.99658000308041e-10
284.637904	0.336488	-0.407190	3.66248015952877e-09	5.40003219163671e-10	-5.40003219163671e-10
285.517900	0.499065	-0.543507	2.59002485470093e-09	3.86098103158895e-10	-3.86098103158895e-10
286.426402	0.412522	-0.409438	3.26270431846923e-09	4.86375246173021e-10	-4.86375246173021e-10
287.254920	0.436212	-0.415996	3.04907862114473e-09	4.68689359535935e-10	-4.68689359535935e-10
288.099023	0.317982	-0.407890	3.64698723070083e-09	5.43660774703251e-10	-5.43660774703251e-10
288.818621	0.489712	-0.401617	2.86192180347182e-09	4.46806729484711e-10	-4.46806729484711e-10
289.797351	0.605137	-0.489017	2.38739615114806e-09	3.61370043379123e-10	-3.61370043379123e-10
290.801410	0.455062	-0.398922	3.05637925636484e-09	4.62631199693012e-10	-4.62631199693012e-10
291.615085	0.344145	-0.358613	3.76685024372915e-09	5.61528865391476e-10	-5.61528865391476e-10
292.441780	0.504868	-0.482550	2.68760482960389e-09	4.0064446049999e-10	-4.0064446049999e-10
293.444744	0.391471	-0.498096	2.98983527252181e-09	4.4569832329602e-10	-4.4569832329602e-10
294.130881	0.303123	-0.294666	4.44121920900531e-09	6.62057889790329e-10	-6.62057889790329e-10
294.898563	0.549545	-0.464558	2.61476883698277e-09	3.89786734620226e-10	-3.89786734620226e-10
295.925632	0.415584	-0.477524	2.96047082577037e-09	4.41320964142087e-10	-4.41320964142087e-10
296.702076	0.429074	-0.360861	3.3351819208614e-09	4.97179561737714e-10	-4.97179561737714e-10
297.560352	0.606254	-0.429202	2.47427710681216e-09	3.80333719958516e-10	-3.80333719958516e-10
298.795972	0.642695	-0.629366	2.00757982109001e-09	3.08595298908123e-10	-3.08595298908123e-10
299.957589	0.518312	-0.518922	2.5305144851351e-09	3.77226836228653e-10	-3.77226836228653e-10
301.036996	0.520622	-0.561095	2.42941570780074e-09	3.69108183762912e-10	-3.69108183762912e-10
302.154973	0.544825	-0.597356	2.25586872592694e-09	3.46761055631279e-10	-3.46761055631279e-10
303.130419	0.569252	-0.430621	2.63610006175678e-09	3.92966577045682e-10	-3.92966577045682e-10
304.207986	0.587632	-0.508315	2.34247117007803e-09	3.6007315936518e-10	-3.6007315936518e-10
305.303394	0.520562	-0.507777	2.55367035439636e-09	3.80678699693474e-10	-3.80678699693474e-10
306.193875	0.473390	-0.369918	3.11273100772368e-09	4.64018570497913e-10	-4.64018570497913e-10
307.105300	0.481777	-0.438035	2.81707139678315e-09	4.26408173861537e-10	-4.26408173861537e-10
307.990314	0.384919	-0.403237	3.32600511518552e-09	4.95811578676558e-10	-4.95811578676558e-10
308.891667	0.415832	-0.516434	2.81262171606652e-09	4.19280878460229e-10	-4.19280878460229e-10
309.558887	0.309039	-0.251388	4.68103518378468e-09	6.97807541679954e-10	-6.97807541679954e-10
310.321471	0.359503	-0.453545	3.22752007839098e-09	4.81130307568026e-10	-4.81130307568026e-10
311.032627	0.351081	-0.351653	3.73998509662204e-09	5.57524040584726e-10	-5.57524040584726e-10
311.650056	0.327882	-0.266348	4.52701904292296e-09	6.67472529234673e-10	-6.67472529234673e-10
312.329655	0.292329	-0.351717	4.08611974192552e-09	6.09122791550482e-10	-6.09122791550482e-10
312.908719	0.234551	-0.286734	4.98318313006913e-09	7.54283287104e-10	-7.54283287104e-10
313.416171	0.308876	-0.272901	4.51694868086716e-09	6.73346947407229e-10	-6.73346947407229e-10
314.036847	0.271755	-0.311800	4.68319723974915e-09	7.08875695998051e-10	-7.08875695998051e-10
314.706325	0.344176	-0.397723	3.92987904344476e-09	5.94849140633789e-10	-5.94849140633789e-10
315.330971	0.335110	-0.280470	4.75656841798971e-09	7.1187536720633e-10	-7.1187536720633e-10
315.920477	0.297135	-0.254396	4.98659451927206e-09	7.43357603055918e-10	-7.43357603055918e-10
316.544224	0.264058	-0.326611	4.38975027567279e-09	6.64457871658799e-10	-6.64457871658799e-10
317.061843	0.319309	-0.253561	4.53046630206052e-09	6.85757466923229e-10	-6.85757466923229e-10
317.705702	0.315932	-0.324550	4.10695740287959e-09	6.1222903937945e-10	-6.1222903937945e-10
318.262596	0.267869	-0.240962	5.34223892075028e-09	7.90723929849602e-10	-7.90723929849602e-10
318.930024	0.306758	-0.399558	3.80512646359857e-09	5.61035292882205e-10	-5.61035292882205e-10
319.519977	0.225638	-0.283195	5.2786345059584e-09	7.78292178673715e-10	-7.78292178673715e-10
320.044545	0.254380	-0.298930	4.85230165153596e-09	7.15432860508732e-10	-7.15432860508732e-10
320.651565	0.259382	-0.352640	4.23660784900153e-09	6.41277387629468e-10	-6.41277387629468e-10
321.286055	0.300962	-0.375108	3.90450501124627e-09	5.82049236337915e-10	-5.82049236337915e-10
321.894919	0.275634	-0.307902	4.51485918070554e-09	6.83395095764506e-10	-6.83395095764506e-10
322.443875	0.233731	-0.273322	5.41104343992955e-09	8.12799470385735e-10	-8.12799470385735e-10
323.019601	0.321622	-0.341995	4.04826592944614e-09	6.03479886166491e-10	-6.03479886166491e-10
323.574431	0.279181	-0.233209	5.04888391630702e-09	7.88238002758226e-10	-7.88238002758226e-10
324.122206	0.259805	-0.268593	5.23866001640851e-09	7.75392856402285e-10	-7.75392856402285e-10
324.658584	0.242923	-0.276573	5.15700203326325e-09	7.68760496296598e-10	-7.68760496296598e-10
325.134033	0.270965	-0.232525	5.42739863812071e-09	8.00226296417582e-10	-8.00226296417582e-10
325.718587	0.262849	-0.313590	4.70711833834941e-09	6.94026743291328e-10	-6.94026743291328e-10
326.391812	0.315511	-0.410375	3.62773878712934e-09	5.40791379093507e-10	-5.40791379093507e-10
327.049525	0.269820	-0.342202	4.31541324825898e-09	6.43303826191852e-10	-6.43303826191852e-10
327.655930	0.293228	-0.336585	4.20643035464198e-09	6.27057620496103e-10	-6.27057620496103e-10
328.185202	0.347512	-0.236044	4.75063650916042e-09	6.92951532426822e-10	-6.92951532426822e-10
328.955197	0.317635	-0.422483	3.54697658929234e-09	5.36890831778879e-10	-5.36890831778879e-10
329.591738	0.303792	-0.318905	4.21434159884348e-09	6.37907046550678e-10	-6.37907046550678e-10
330.239513	0.367670	-0.343983	3.71477998764038e-09	5.53766710340432e-10	-5.53766710340432e-10
330.898709	0.256447	-0.291526	4.80087000720122e-09	7.1567145596805e-10	-7.1567145596805e-10
331.434615	0.350351	-0.279459	4.16821388827214e-09	6.21360632010305e-10	-6.21360632010305e-10
332.117938	0.298608	-0.332972	4.09894422822877e-09	6.20439814071978e-10	-6.20439814071978e-10
332.715642	0.307578	-0.299096	4.31277013872516e-09	6.4290980926974e-10	-6.4290980926974e-10
333.390353	0.305366	-0.367133	3.79686890097204e-09	5.83636046857807e-10	-5.83636046857807e-10
334.119862	0.294626	-0.424143	3.64026857895107e-09	5.42659206701928e-10	-5.42659206701928e-10
334.653119	0.279098	-0.238630	5.06145941663159e-09	7.54517809505658e-10	-7.54517809505658e-10
335.286578	0.369745	-0.354362	3.57318306463192e-09	5.49252124756141e-10	-5.49252124756141e-10
335.983881	0.327163	-0.327558	4.09955866705883e-09	6.1112611615627e-10	-6.1112611615627e-10
336.674435	0.415870	-0.363391	3.48679294802337e-09	5.19780396735269e-10	-5.19780396735269e-10
337.463685	0.363181	-0.373380	3.658298105246e-09	5.45346911408373e-10	-5.45346911408373e-10
338.223751	0.263165	-0.396885	4.00082948549324e-09	6.05588584418661e-10	-6.05588584418661e-10
338.881429	0.336700	-0.394513	3.63002934318376e-09	5.41132797926884e-10	-5.41132797926884e-10
339.550042	0.344157	-0.331914	3.92340050240055e-09	5.84865996268911e-10	-5.84865996268911e-10
340.428084	0.426847	-0.533885	2.78693049300135e-09	4.15451086084718e-10	-4.15451086084718e-10
341.253451	0.311354	-0.398520	3.75781366719139e-09	5.68804308664153e-10	-5.68804308664153e-10
342.070545	0.465668	-0.505739	2.72773793260271e-09	4.19294469032936e-10	-4.19294469032936e-10
342.920503	0.400307	-0.384291	3.43064540375571e-09	5.11410427375883e-10	-5.11410427375883e-10
343.808493	0.471251	-0.487682	2.74898935940287e-09	4.1610288851842e-10	-4.1610288851842e-10
344.856803	0.540238	-0.577060	2.36327242418122e-09	3.52295877874754e-10	-3.52295877874754e-10
345.799751	0.422791	-0.402711	3.18439253500645e-09	4.74701226879864e-10	-4.74701226879864e-10
346.622374	0.455925	-0.399832	3.06574785006483e-09	4.57014711531555e-10	-4.57014711531555e-10
347.506030	0.563247	-0.427730	2.64314268810063e-09	3.94016458535472e-10	-3.94016458535472e-10
348.743375	0.460989	-0.674098	2.30609870270045e-09	3.43772876401185e-10	-3.43772876401185e-10
349.923021	0.640601	-0.718657	1.90438016897087e-09	2.8825797630741e-10	-2.8825797630741e-10
351.073418	0.447377	-0.509797	2.73927959180206e-09	4.08347687560868e-10	-4.08347687560868e-10
352.091366	0.639224	-0.570570	2.14332511812902e-09	3.24426036217236e-10	-3.24426036217236e-10
353.190444	0.500874	-0.459854	2.70175814812571e-09	4.08953668712037e-10	-4.08953668712037e-10
354.172625	0.321083	-0.481307	3.27821834764486e-09	4.88687914370913e-10	-4.88687914370913e-10
355.161711	0.653879	-0.668003	1.97785834088898e-09	2.9938003984873e-10	-2.9938003984873e-10
356.526705	0.514701	-0.711116	2.19058777423154e-09	3.265535574785e-10	-3.265535574785e-10
357.747828	0.585230	-0.706422	2.05630523380167e-09	3.16085150907805e-10	-3.16085150907805e-10
358.859900	0.446345	-0.526842	2.82564546744806e-09	4.21222353278792e-10	-4.21222353278792e-10
359.932103	0.610617	-0.625859	2.22051388718088e-09	3.3101466855588e-10	-3.3101466855588e-10
361.280054	0.726894	-0.737333	1.87114414990432e-09	2.78933707076019e-10	-2.78933707076019e-10
362.666136	0.534610	-0.659188	2.2627905181031e-09	3.4250898295563e-10	-3.4250898295563e-10
363.755137	0.642965	-0.554391	2.24958902025489e-09	3.40510776782266e-10	-3.40510776782266e-10
364.985162	0.516003	-0.587059	2.4040419826144e-09	3.63889623207256e-10	-3.63889623207256e-10
365.995928	0.425037	-0.494763	2.88115636534557e-09	4.29497455382799e-10	-4.29497455382799e-10
366.923372	0.566824	-0.502408	2.4499654804644e-09	3.65219312702642e-10	-3.65219312702642e-10
367.962148	0.554608	-0.471952	2.56552116969206e-09	3.82445304115759e-10	-3.82445304115759e-10
368.976734	0.386890	-0.459978	3.12890972524271e-09	4.66430299147896e-10	-4.66430299147896e-10
369.956066	0.434118	-0.592442	2.58419441115957e-09	3.85228942342286e-10	-3.85228942342286e-10
370.834089	0.363822	-0.443905	3.26629521680996e-09	4.86910566053324e-10	-4.86910566053324e-10
371.693005	0.485208	-0.495094	2.67626293985265e-09	3.98953746303844e-10	-3.98953746303844e-10
372.733457	0.569167	-0.555244	2.38081839226102e-09	3.51032540441923e-10	-3.51032540441923e-10
373.721614	0.383383	-0.418990	3.22338139229129e-09	4.87909572139335e-10	-4.87909572139335e-10
374.502276	0.424677	-0.397279	3.18392910504317e-09	4.74632136245612e-10	-4.74632136245612e-10
375.435231	0.427547	-0.508277	2.79514863202221e-09	4.16676149116507e-10	-4.16676149116507e-10
376.383779	0.443289	-0.521001	2.71252177903368e-09	4.04358875016483e-10	-4.04358875016483e-10
377.292886	0.617666	-0.465818	2.38405799970694e-09	3.60864731413712e-10	-3.60864731413712e-10
378.313934	0.315377	-0.403381	3.63992656948484e-09	5.42608215546228e-10	-5.42608215546228e-10
379.002507	0.471891	-0.373197	3.06030578995889e-09	4.63225512894398e-10	-4.63225512894398e-10
379.842690	0.368270	-0.368291	3.56149002230579e-09	5.30915603263106e-10	-5.30915603263106e-10
380.783665	0.526788	-0.572705	2.32715550607742e-09	3.63318385938323e-10	-3.63318385938323e-10
381.814856	0.442087	-0.504404	2.83929142303021e-09	4.2325658680218e-10	-4.2325658680218e-10
382.687874	0.403483	-0.430931	3.19751072363663e-09	4.83993659089023e-10	-4.83993659089023e-10
383.563583	0.532984	-0.472226	2.66539234230946e-09	3.9733323201235e-10	-3.9733323201235e-10
384.721330	0.522778	-0.624763	2.31054793627677e-09	3.44436144536405e-10	-3.44436144536405e-10
385.882555	0.596271	-0.638447	2.12161798364008e-09	3.22343592020641e-10	-3.22343592020641e-10
387.043560	0.577470	-0.564734	2.2375523872491e-09	3.43945547261884e-10	-3.43945547261884e-10
388.074180	0.573401	-0.453150	2.55010081867018e-09	3.80146569815865e-10	-3.80146569815865e-10
389.203731	0.541544	-0.556150	2.38375703154037e-09	3.5534953634463e-10	-3.5534953634463e-10
390.343011	0.631645	-0.597736	2.14302092680553e-09	3.19462667579039e-10	-3.19462667579039e-10
391.604057	0.521698	-0.629401	2.30767491422542e-09	3.44007846612626e-10	-3.44007846612626e-10
392.625711	0.551512	-0.499956	2.54360342116015e-09	3.79178002776227e-10	-3.79178002776227e-10
393.818726	0.491805	-0.641503	2.2997377614152e-09	3.53504381995726e-10	-3.53504381995726e-10
394.839517	0.501132	-0.528986	2.57218299087462e-09	3.83438426533684e-10	-3.83438426533684e-10
395.908123	0.430607	-0.567474	2.6327705676489e-09	3.92470279012796e-10	-3.92470279012796e-10
396.866296	0.470521	-0.527565	2.63098745694829e-09	3.92204450073877e-10	-3.92204450073877e-10
397.750461	0.474143	-0.413644	2.92953121181621e-09	4.43430738669741e-10	-4.43430738669741e-10
398.686626	0.445337	-0.462021	2.91001002334187e-09	4.33798660856911e-10	-4.33798660856911e-10
399.724294	0.590785	-0.592331	2.24813285000682e-09	3.35131845888074e-10	-3.35131845888074e-10
400.798600	0.512781	-0.483521	2.65826660990584e-09	4.08615689179753e-10	-4.08615689179753e-10
401.949963	0.455579	-0.638582	2.47260243330979e-09	3.80076298990199e-10	-3.80076298990199e-10
402.944555	0.569373	-0.539013	2.51685644909443e-09	3.8096591471088e-10	-3.8096591471088e-10
404.082545	0.658985	-0.568616	2.25296398448037e-09	3.46314529646743e-10	-3.46314529646743e-10
405.144979	0.429186	-0.403449	3.18739079114502e-09	4.97619404964579e-10	-4.97619404964579e-10
406.009759	0.468206	-0.435594	2.97650640298188e-09	4.43711385656703e-10	-4.43711385656703e-10
406.919083	0.535625	-0.441119	2.65714209258212e-09	4.02200355129882e-10	-4.02200355129882e-10
408.025250	0.580558	-0.570541	2.24898656523184e-09	3.40419559159637e-10	-3.40419559159637e-10
409.071630	0.486014	-0.465822	2.76050505242496e-09	4.11511820212609e-10	-4.11511820212609e-10
410.028809	0.391697	-0.471165	3.0530057745091e-09	4.55115256948406e-10	-4.55115256948406e-10
410.924515	0.328623	-0.504008	3.16013859756608e-09	4.71085643466592e-10	-4.71085643466592e-10
411.672723	0.325852	-0.419585	3.48201553074577e-09	5.27057941269055e-10	-5.27057941269055e-10
412.300728	0.368580	-0.302153	3.91213266157644e-09	5.83186283552163e-10	-5.83186283552163e-10
413.213960	0.537061	-0.544652	2.39588804725793e-09	3.62655421560986e-10	-3.62655421560986e-10
414.163038	0.486445	-0.412016	2.88235887494437e-09	4.36290455245136e-10	-4.36290455245136e-10
415.217955	0.591524	-0.568471	2.25862448173758e-09	3.36695859727332e-10	-3.36695859727332e-10
416.277617	0.353821	-0.468138	3.19666662420951e-09	4.76530945322747e-10	-4.76530945322747e-10
417.117791	0.620254	-0.486354	2.35124034012193e-09	3.55897298380719e-10	-3.55897298380719e-10
418.170004	0.500301	-0.431959	2.83306932139572e-09	4.22329062570126e-10	-4.22329062570126e-10
419.213010	0.508762	-0.542706	2.54664067951016e-09	3.79630794354767e-10	-3.79630794354767e-10
420.455069	0.666882	-0.733296	1.94603649593214e-09	2.9009797849252e-10	-2.9009797849252e-10
421.629825	0.474207	-0.507874	2.82096143271345e-09	4.20524077104264e-10	-4.20524077104264e-10
422.592156	0.531299	-0.488124	2.72801682511508e-09	4.06668740272987e-10	-4.06668740272987e-10
423.743356	0.579239	-0.619900	2.2961377116428e-09	3.42288016514637e-10	-3.42288016514637e-10
425.086116	0.531665	-0.763521	2.07669399449462e-09	3.14340388464498e-10	-3.14340388464498e-10
426.192875	0.558214	-0.575094	2.38006858871289e-09	3.54799665626722e-10	-3.54799665626722e-10
427.287691	0.525540	-0.536603	2.53170105386385e-09	3.77403727406962e-10	-3.77403727406962e-10
428.755574	0.996913	-0.942343	1.3925113468064e-09	2.10778569169469e-10	-2.10778569169469e-10
430.665623	0.705866	-0.913136	1.68297361616601e-09	2.58698429169126e-10	-2.58698429169126e-10
431.837602	0.519516	-0.466113	2.86948979108776e-09	4.27758303146396e-10	-4.27758303146396e-10
433.212130	0.888519	-0.855012	1.60593575426345e-09	2.43083712295024e-10	-2.43083712295024e-10
434.896432	1.148809	-0.795783	1.44585663080426e-09	2.15535560297857e-10	-2.15535560297857e-10
436.759378	0.517023	-0.714138	2.26401510880992e-09	3.37499467036488e-10	-3.37499467036488e-10
438.004654	0.725293	-0.728252	1.90639405117505e-09	2.84188459606009e-10	-2.84188459606009e-10
439.602231	0.791192	-0.872285	1.66146077589405e-09	2.47675924469588e-10	-2.47675924469588e-10
441.481581	1.084164	-1.088158	1.25391087642405e-09	1.89799150006095e-10	-1.89799150006095e-10
443.401288	0.872424	-0.835543	1.61122057048083e-09	2.40186573163794e-10	-2.40186573163794e-10
445.196604	1.160443	-0.922892	1.32401510592772e-09	1.97372508145613e-10	-1.97372508145613e-10
447.634325	1.167242	-1.277277	1.1401436368229e-09	1.69962609569365e-10	-1.69962609569365e-10
449.832493	0.851397	-1.030926	1.47658422902022e-09	2.23504300396209e-10	-2.23504300396209e-10
451.888158	1.163758	-1.204268	1.19812177145638e-09	1.78605461761725e-10	-1.78605461761725e-10
454.099259	1.224593	-1.047343	1.22874118228752e-09	1.85989338639623e-10	-1.85989338639623e-10
456.197168	1.160211	-0.873316	1.37504487413149e-09	2.04979591481564e-10	-2.04979591481564e-10
458.629861	1.081311	-1.272482	1.13176729348734e-09	1.76692919624556e-10	-1.76692919624556e-10
461.365484	1.697556	-1.654311	7.93806868594859e-10	1.2202007116612e-10	-1.2202007116612e-10
464.179752	1.452356	-1.116712	1.05130171294195e-09	1.5913108564472e-10	-1.5913108564472e-10
467.553049	1.653298	-1.920941	7.60479814835216e-10	1.15110578832252e-10	-1.15110578832252e-10
470.913110	1.360463	-1.706762	9.02731220330658e-10	1.3457121055328e-10	-1.3457121055328e-10
474.019696	1.394032	-1.746124	8.67058323177504e-10	1.2925341975331e-10	-1.2925341975331e-10
477.214372	1.389323	-1.800643	5.57883386953117e-10	1.01855132886551e-10	-1.01855132886551e-10
480.269332	2.323175	-1.665636	6.33045680890486e-10	9.88318754443465e-11	-9.88318754443465e-11
484.292058	1.590046	-1.699552	5.38123572484302e-10	1.00529303935534e-10	-1.00529303935534e-10
487.494205	1.636596	-1.612101	6.07713617404474e-10	1.07429611596337e-10	-1.07429611596337e-10
490.647710	1.735307	-1.516908	5.73577590790819e-10	1.07152680649262e-10	-1.07152680649262e-10
494.011868	1.828005	-1.628851	5.34217835333283e-10	9.97996573121708e-11	-9.97996573121708e-11
497.517231	1.711872	-1.677357	5.32819672094671e-10	9.95384586451588e-11	-9.95384586451588e-11
501.010570	1.687822	-1.781468	5.00086295897019e-10	9.56208232343196e-11	-9.56208232343196e-11
504.775447	1.724934	-2.077054	4.29120337826739e-10	8.60361176693239e-11	-8.60361176693239e-11
509.080879	2.064814	-2.580499	3.6312822650347e-10	6.94332827499037e-11	-6.94332827499037e-11
512.840315	1.392139	-1.694621	5.56110494800605e-10	1.0388955743563e-10	-1.0388955743563e-10
516.180925	1.979855	-1.948471	4.36190636922122e-10	8.14867669798663e-11	-8.14867669798663e-11
521.313885	2.618364	-3.153105	2.9675935509229e-10	5.54389847895135e-11	-5.54389847895135e-11
527.943142	2.792493	-4.010893	2.51699106253077e-10	4.70210442914255e-11	-4.70210442914255e-11
534.180950	3.674737	-3.445315	2.18449299372432e-10	4.5985694416705e-11	-4.5985694416705e-11
540.203015	2.289082	-2.347328	3.69376247092405e-10	6.90048612444292e-11	-6.90048612444292e-11
546.620456	3.632191	-4.128359	2.16541512241075e-10	4.14046412977767e-11	-4.14046412977767e-11
553.037626	2.193016	-2.784979	3.37669137521451e-10	6.45652803530809e-11	-6.45652803530809e-11
558.460161	3.459982	-3.229519	2.5597637372458e-10	4.78201066243474e-11	-4.78201066243474e-11
565.036436	2.893580	-3.116293	2.79841098413829e-10	5.35080647737673e-11	-5.35080647737673e-11
NO	NO	NO	NO	NO	NO
!Time	Poserr	Negerr	Flux	PosErr	NegErr
!XRT pc mode data
583.723801	6.055991	-11.495218	2.33499130995732e-10	5.00336749153412e-11	-5.00336749153412e-11
602.328655	12.524316	-12.548864	1.55266125729853e-10	3.42423646066101e-11	-3.42423646066101e-11
634.286410	15.669022	-19.433438	1.10786068235195e-10	2.45633010622305e-11	-2.45633010622305e-11
662.454368	12.574244	-12.498936	1.4809528235072e-10	3.36733249020124e-11	-3.36733249020124e-11
690.903751	16.720001	-15.875139	1.15231045942273e-10	2.59096664972645e-11	-2.59096664972645e-11
738.631874	29.167557	-31.008123	6.42803892441683e-11	1.43286946785703e-11	-1.43286946785703e-11
795.495752	24.957339	-27.696321	7.38892572018937e-11	1.62955281446635e-11	-1.62955281446635e-11
846.331501	31.789910	-25.878410	6.39179276014999e-11	1.45334212620993e-11	-1.45334212620993e-11
906.247756	22.020036	-28.126344	7.39138079558065e-11	1.6712364409148e-11	-1.6712364409148e-11
958.569475	29.873977	-30.301683	6.13531086349486e-11	1.39502432938533e-11	-1.39502432938533e-11
1028.256293	35.406738	-39.812842	4.87636828146193e-11	1.12135185160152e-11	-1.12135185160152e-11
1110.406631	38.505220	-46.743600	4.29972657444368e-11	9.94390114388246e-12	-9.94390114388246e-12
1176.994096	27.078796	-28.082244	6.71371159066926e-11	1.53515276404614e-11	-1.53515276404614e-11
1254.345065	52.527946	-50.272174	3.54823735751207e-11	8.20593789923491e-12	-8.20593789923491e-12
1344.156137	42.951094	-37.283126	4.59991232016425e-11	1.04590867533704e-11	-1.04590867533704e-11
1427.375016	39.966515	-40.267785	4.57617351718034e-11	1.04638401645791e-11	-1.04638401645791e-11
1509.027660	31.026131	-41.686128	5.10676259284511e-11	1.15466793770514e-11	-1.15466793770514e-11
1577.943543	29.807909	-37.889751	5.43068148321865e-11	1.2417755609363e-11	-1.2417755609363e-11
1665.613988	42.430304	-57.862536	3.89879199484105e-11	8.690740643047e-12	-8.690740643047e-12
1747.995243	35.268668	-39.950952	5.35011966919711e-11	1.17991084403598e-11	-1.17991084403598e-11
1829.450101	41.570111	-46.186189	4.45894405051152e-11	1.01385424804329e-11	-1.01385424804329e-11
1908.092823	40.654348	-37.072612	5.31560064013917e-11	1.20863748035414e-11	-1.20863748035414e-11
2000.346995	46.185777	-51.599823	6.8302069579233e-11	1.2500926098873e-11	-1.2500926098873e-11
5241.638101	35.024571	-27.658297	1.95695171166615e-11	4.47800629912102e-12	-4.47800629912102e-12
5321.615136	52.831868	-44.952464	1.25218825093143e-11	2.86535482720889e-12	-2.86535482720889e-12
5601.985279	122.173532	-39.570276	1.3890847443822e-11	3.17859767584799e-12	-3.17859767584799e-12
5766.599165	40.301107	-42.440354	1.49752587663943e-11	3.36132729015293e-12	-3.36132729015293e-12
5829.197426	22.834586	-22.297154	2.72781806063093e-11	6.1937737132599e-12	-6.1937737132599e-12
5894.358729	37.907383	-42.326717	1.55387054361464e-11	3.51465073133855e-12	-3.51465073133855e-12
5963.588116	18.824335	-31.322005	2.50701715375731e-11	5.67056870096942e-12	-5.67056870096942e-12
6014.473517	35.636515	-32.061065	1.84409785920292e-11	4.171112324533e-12	-4.171112324533e-12
6080.299327	35.000945	-30.189295	1.8985584297106e-11	4.29428918153895e-12	-4.29428918153895e-12
6161.360852	59.246699	-46.060581	1.16261289461071e-11	2.65007265813968e-12	-2.65007265813968e-12
6277.100371	51.321840	-56.492820	1.13104440187752e-11	2.58810266689527e-12	-2.58810266689527e-12
6372.859852	43.318440	-44.437640	1.37631207168265e-11	3.16161985372122e-12	-3.16161985372122e-12
6470.612246	45.858746	-54.433954	1.25789534905452e-11	2.80589800629536e-12	-2.80589800629536e-12
6576.588033	37.668319	-60.117041	1.2145113884838e-11	2.77913349379337e-12	-2.77913349379337e-12
6668.850254	45.698818	-54.593902	1.18167017716283e-11	2.73585353409131e-12	-2.73585353409131e-12
6766.128330	51.220822	-51.579258	1.18629202331818e-11	2.69359991419475e-12	-2.69359991419475e-12
6893.207058	67.059214	-75.857906	8.96598704322279e-12	2.01486654044829e-12	-2.01486654044829e-12
7018.956118	56.646814	-58.689846	1.09806164167114e-11	2.47413815683369e-12	-2.47413815683369e-12
7148.029989	62.968183	-72.427057	9.58661136166754e-12	2.16237883634001e-12	-2.16237883634001e-12
7244.196921	39.513551	-33.198749	1.69248328164482e-11	3.84297541074545e-12	-3.84297541074545e-12
7338.479459	22.957913	-54.768987	1.56213683222345e-11	3.51979951898671e-12	-3.51979951898671e-12
7410.395013	48.827859	-48.957641	1.20182223125735e-11	2.78253351972589e-12	-2.78253351972589e-12
7508.663849	43.329883	-49.440977	1.29154632597451e-11	2.93261459910485e-12	-2.93261459910485e-12
7589.319386	27.864706	-37.325654	1.83183180402087e-11	4.1754466246223e-12	-4.1754466246223e-12
7667.455056	45.007256	-50.270964	1.31341069323023e-11	2.92974398149064e-12	-2.92974398149064e-12
7765.987894	54.273737	-53.525583	1.20901390598775e-11	2.65340354681117e-12	-2.65340354681117e-12
11163.211830	69.176701	-78.754719	9.84904274331636e-12	2.24975175761087e-12	-2.24975175761087e-12
11362.074958	103.493754	-129.686426	6.14502059552399e-12	1.4292732772921e-12	-1.4292732772921e-12
11518.300538	52.575354	-52.731826	1.39864319526949e-11	3.17205751324644e-12	-3.17205751324644e-12
11665.961210	67.890122	-95.085318	9.12520126120324e-12	2.05490477720013e-12	-2.05490477720013e-12
11804.590645	67.163007	-70.739313	1.08185323685727e-11	2.43623787717785e-12	-2.43623787717785e-12
11975.687573	89.129259	-103.933921	7.5180552183545e-12	1.74861001700261e-12	-1.74861001700261e-12
12178.484682	111.990510	-113.667850	6.49540795312583e-12	1.49979288363763e-12	-1.49979288363763e-12
12370.412613	90.560019	-79.937421	8.69673520755124e-12	1.98648789784627e-12	-1.98648789784627e-12
12585.544098	91.057714	-124.571466	5.10169673992545e-12	1.35532088717271e-12	-1.35532088717271e-12
12749.106470	90.470941	-72.504659	9.04699163648996e-12	2.06649978179561e-12	-2.06649978179561e-12
12953.416982	106.804330	-113.839570	6.64087501857966e-12	1.51694392696581e-12	-1.51694392696581e-12
13125.713524	72.410308	-65.492212	1.06720278302697e-11	2.4377351811469e-12	-2.4377351811469e-12
13405.920817	185.836295	-207.796985	6.43398869739008e-12	1.1250375219966e-12	-1.1250375219966e-12
16955.407989	103.823723	-86.732025	7.93355353782564e-12	1.7473021484501e-12	-1.7473021484501e-12
17214.491842	95.471190	-155.260130	4.14839959052236e-12	1.10301455236091e-12	-1.10301455236091e-12
17436.460939	91.638352	-126.497908	4.63683889113022e-12	1.20887420807882e-12	-1.20887420807882e-12
17631.251977	94.925075	-103.152685	4.78418191787257e-12	1.28054111487939e-12	-1.28054111487939e-12
17811.240631	82.926461	-85.063579	7.64860845804463e-12	1.73116916004784e-12	-1.73116916004784e-12
18005.534408	51.608083	-111.367317	6.04041045048984e-12	1.56970432372117e-12	-1.56970432372117e-12
18214.904567	123.057165	-157.762075	3.50519856477283e-12	9.28920778957603e-13	-9.28920778957603e-13
18433.246720	85.241732	-95.284988	5.54103597298455e-12	1.44931564290878e-12	-1.44931564290878e-12
18603.454637	93.053255	-84.966185	6.19633744398063e-12	1.54668843746102e-12	-1.54668843746102e-12
18786.099962	85.920090	-89.592070	5.63259802048631e-12	1.4637279031324e-12	-1.4637279031324e-12
18940.890711	111.656221	-68.870659	5.40852027253476e-12	1.41464168945691e-12	-1.41464168945691e-12
19176.776149	176.634114	-124.229218	4.75353421007035e-12	1.02959487892086e-12	-1.02959487892086e-12
52834.518823	181.208628	-350.341812	2.08987574770889e-12	5.4086594895726e-13	-5.4086594895726e-13
53507.091554	471.436258	-491.364102	1.20417027857594e-12	3.08057997643524e-13	-3.08057997643524e-13
164993.574748	4166.717843	-3959.122357	4.42170419392922e-13	9.45962896440233e-14	-9.45962896440233e-14
173619.323397	1236.267955	-1035.345845	4.0825492085589e-13	1.17400937463121e-13	-1.17400937463121e-13
197047.222174	52976.757718	-16957.244322	2.29705041010947e-13	6.37716235175119e-14	-6.37716235175119e-14
405724.873325	131944.895967	-71322.848213	1.77018173120548e-13	2.8679242982842e-14	-2.8679242982842e-14
750784.253868	46923.917783	-69345.204676	9.20425523181227e-14	2.5838520613322e-14	-2.5838520613322e-14
