READ TERR 1 2
NO	NO	NO	NO	NO	NO
!Time	Poserr	Negerr	Flux	PosErr	NegErr
!XRT wtslew mode data
80.28545863277	5.0667453920217	-4.0449496163592	1.30994833712915e-09	3.04091151043107e-10	-3.04091151043107e-10
NO	NO	NO	NO	NO	NO
!Time	Poserr	Negerr	Flux	PosErr	NegErr
!XRT pc mode data
133.719365	37.618747	-30.078761	1.3118786066346e-10	2.96361839219684e-11	-2.96361839219684e-11
193.891120	30.100612	-22.553008	1.58461485489145e-10	3.50892261470479e-11	-3.50892261470479e-11
243.140982	18.460530	-19.149250	2.32496963774468e-10	5.19943093439176e-11	-5.19943093439176e-11
288.852471	22.895321	-27.250959	1.72276562025533e-10	3.97344361421205e-11	-3.97344361421205e-11
326.895549	17.447343	-15.147757	2.77244737194561e-10	6.23109731251435e-11	-6.23109731251435e-11
361.016710	13.413981	-16.673819	3.14840168587618e-10	6.93763690817935e-11	-6.93763690817935e-11
391.999462	12.519050	-17.568771	3.3076132121053e-10	7.11772488361826e-11	-7.11772488361826e-11
435.855926	33.852786	-31.337414	2.87810575562294e-10	4.53271409729248e-11	-4.53271409729248e-11
5270.020743	33.630669	-29.052199	5.39704523590588e-11	1.21606407337706e-11	-1.21606407337706e-11
5386.586855	54.966956	-82.935444	3.19990884237219e-11	7.2355553477749e-12	-7.2355553477749e-12
5486.865358	49.966434	-45.311546	2.01697229794149e-11	4.56359969140624e-12	-4.56359969140624e-12
5560.256705	21.706766	-23.424914	4.30082736711704e-11	9.65467324090544e-12	-9.65467324090544e-12
5609.897981	29.733771	-27.934509	3.3307753902219e-11	7.5660279220746e-12	-7.5660279220746e-12
5667.942279	24.343113	-28.310527	3.73303264087542e-11	8.34732690600034e-12	-8.34732690600034e-12
5714.332686	25.591726	-22.047294	4.16490824319054e-11	9.31302829785521e-12	-9.31302829785521e-12
5763.231142	21.824989	-23.306731	4.4329695787368e-11	9.91246818224713e-12	-9.91246818224713e-12
5818.128224	34.625467	-33.072093	2.94300324452952e-11	6.63255486951598e-12	-6.63255486951598e-12
5879.173856	26.233456	-26.420164	3.94375042451268e-11	8.63814916659012e-12	-8.63814916659012e-12
5939.707096	28.383136	-34.299784	3.26275623709738e-11	7.17325817539762e-12	-7.17325817539762e-12
6002.282460	36.012672	-34.192228	2.75465250661706e-11	6.2326364424521e-12	-6.2326364424521e-12
6089.021549	32.015063	-50.726417	4.45649910451729e-11	1.01198121251294e-11	-1.01198121251294e-11
6169.350319	49.471712	-48.313708	2.01389833073391e-11	4.52090518250193e-12	-4.52090518250193e-12
6246.197992	25.277680	-27.375960	3.93506799146566e-11	8.61911158786372e-12	-8.61911158786372e-12
6310.191321	28.981951	-38.715649	2.8921386660447e-11	6.5179691498714e-12	-6.5179691498714e-12
6373.588439	30.775113	-34.415167	3.15440070186662e-11	6.90918432283437e-12	-6.90918432283437e-12
6433.791778	38.269394	-29.428226	2.88372754975865e-11	6.47348441025039e-12	-6.47348441025039e-12
6510.090249	34.683183	-38.029077	2.93142796625851e-11	6.29457645114468e-12	-6.29457645114468e-12
6592.356009	52.706343	-47.582577	3.09523585403669e-11	5.51337424174213e-12	-5.51337424174213e-12
11052.994956	42.405255	-50.365513	2.22717821729492e-11	5.02103176718596e-12	-5.02103176718596e-12
11158.427874	49.801678	-63.027662	1.82111248431712e-11	4.12242553996039e-12	-4.12242553996039e-12
11235.795005	37.624847	-27.565453	3.15695554321892e-11	7.05917366266546e-12	-7.05917366266546e-12
11324.393163	66.870689	-50.973311	1.69208030151253e-11	3.86209605384864e-12	-3.86209605384864e-12
11463.643091	68.030601	-72.379239	1.60138456272118e-11	3.61020048035484e-12	-3.61020048035484e-12
11594.943999	59.588352	-63.270308	2.28620193042783e-11	4.98887560990754e-12	-4.98887560990754e-12
11689.105519	50.675712	-34.573168	3.20838731324985e-11	7.23302972576471e-12	-7.23302972576471e-12
11808.889226	66.287305	-69.107995	1.76939436381621e-11	3.92187181384753e-12	-3.92187181384753e-12
11929.815629	43.146403	-54.639097	1.98219536588445e-11	4.45042306202413e-12	-4.45042306202413e-12
12024.966682	38.258889	-52.004651	2.29848467046608e-11	5.22452718421499e-12	-5.22452718421499e-12
12143.274949	57.853302	-80.049378	1.73133414014927e-11	4.01836143355069e-12	-4.01836143355069e-12
12263.613297	67.895695	-62.485045	2.03764073124768e-11	4.57490335012915e-12	-4.57490335012915e-12
12398.382779	96.102173	-66.873787	1.45629061202051e-11	3.29655854260832e-12	-3.29655854260832e-12
12549.125607	35.622965	-54.640655	2.35681060992529e-11	5.29155258354672e-12	-5.29155258354672e-12
12691.842379	111.028464	-107.093807	1.80033932843693e-11	2.94659699451057e-12	-2.94659699451057e-12
16727.267826	110.048146	-113.103114	9.60479897071761e-12	2.49595344502383e-12	-2.49595344502383e-12
16946.640295	96.275717	-109.324323	1.37710000353251e-11	3.12428076154905e-12	-3.12428076154905e-12
17197.035328	179.354064	-154.119316	8.50146705851347e-12	1.92408389327606e-12	-1.92408389327606e-12
17516.650196	183.183416	-140.260804	6.58236699215638e-12	1.71609500526644e-12	-1.71609500526644e-12
17831.363141	114.187871	-131.529529	1.15108728802355e-11	2.6051874550533e-12	-2.6051874550533e-12
18077.040323	116.735529	-131.489311	1.12731945776938e-11	2.5764431437868e-12	-2.5764431437868e-12
18331.305239	90.636913	-137.529387	9.47371303114406e-12	2.45400040595382e-12	-2.45400040595382e-12
18566.642858	93.495033	-144.700707	9.08184893514679e-12	2.38303347368254e-12	-2.38303347368254e-12
18783.308690	182.703422	-123.170798	8.0613706665256e-12	2.00140285652253e-12	-2.00140285652253e-12
22519.852173	136.357259	-134.432949	7.03870281925472e-12	1.84676772337495e-12	-1.84676772337495e-12
22770.809218	186.278254	-114.599786	6.47078909356805e-12	1.68147010290461e-12	-1.68147010290461e-12
23106.340879	116.522273	-149.253407	7.274211905526e-12	1.90858500327615e-12	-1.90858500327615e-12
23346.578645	71.855347	-123.715493	9.98376691858101e-12	2.59429687634512e-12	-2.59429687634512e-12
23522.734438	106.314373	-104.300447	9.39664431279293e-12	2.44174340218214e-12	-2.44174340218214e-12
23775.289941	76.910351	-146.241129	9.55562988195159e-12	2.49911307443441e-12	-2.49911307443441e-12
23961.096179	104.226373	-108.895887	1.42619415313638e-11	3.20442573982436e-12	-3.20442573982436e-12
24165.929394	120.037498	-100.606842	1.09112852369125e-11	2.86296832069106e-12	-2.86296832069106e-12
24433.676024	98.008548	-147.709132	1.00640338501414e-11	2.64059383089385e-12	-2.64059383089385e-12
24752.267710	170.559362	-220.583138	8.48089054109679e-12	1.93896706930444e-12	-1.93896706930444e-12
28266.136618	104.781534	-138.427966	1.22914914826334e-11	3.13037230715896e-12	-3.13037230715896e-12
28523.759554	165.587838	-152.841402	8.94691868906818e-12	2.32522297586814e-12	-2.32522297586814e-12
28856.725468	156.065884	-167.378076	7.56234879211263e-12	2.00495092751559e-12	-2.00495092751559e-12
29216.206989	97.462523	-203.415637	7.127124043268e-12	1.87075213203665e-12	-1.87075213203665e-12
29492.121944	129.947888	-178.452432	6.14144936837862e-12	1.6391475647899e-12	-1.6391475647899e-12
29805.945817	91.929274	-183.875986	6.22596278233545e-12	1.62344353782144e-12	-1.62344353782144e-12
30134.265166	212.420665	-236.390075	3.76172982986302e-12	9.87376699719942e-13	-9.87376699719942e-13
30531.647396	163.536456	-184.961564	5.81973682164804e-12	1.38677669877235e-12	-1.38677669877235e-12
34270.714023	287.940508	-331.365712	3.20331584872636e-12	8.40241538770797e-13	-8.40241538770797e-13
34833.104418	151.793873	-274.449827	4.63793332616301e-12	1.2143621182749e-12	-1.2143621182749e-12
35158.638854	179.791218	-173.740562	5.54368845949221e-12	1.4591284378691e-12	-1.4591284378691e-12
35685.363757	189.632734	-346.933686	3.76552385338694e-12	9.80775981887213e-13	-9.80775981887213e-13
36209.569642	254.632950	-334.573150	5.40191371216012e-12	1.13550535836418e-12	-1.13550535836418e-12
39869.641610	206.792282	-234.495018	4.70202159946644e-12	1.23340921289528e-12	-1.23340921289528e-12
40265.934595	116.391897	-189.500703	6.91106340238301e-12	1.81290502099055e-12	-1.81290502099055e-12
40653.293910	192.886341	-270.967419	4.62591430655156e-12	1.21584839695734e-12	-1.21584839695734e-12
41144.010826	163.516166	-297.830574	4.65873160011428e-12	1.22205986979262e-12	-1.22205986979262e-12
41586.906993	224.591618	-279.380002	4.18198818007488e-12	1.10367196180857e-12	-1.10367196180857e-12
42023.568478	211.663913	-212.069787	4.94645567650723e-12	1.29253192331667e-12	-1.29253192331667e-12
45956.719403	263.071809	-479.093271	2.4733482991326e-12	6.58027904847442e-13	-6.58027904847442e-13
46399.995850	100.614942	-180.204638	6.58109352996122e-12	1.71613756772454e-12	-1.71613756772454e-12
46838.966043	193.196349	-338.355251	3.42183630090748e-12	9.03073345756867e-13	-9.03073345756867e-13
47410.869302	596.632810	-378.706890	1.93780010198001e-12	5.09891193417896e-13	-5.09891193417896e-13
51746.230490	407.742521	-452.267287	2.1716090519171e-12	5.75160609385463e-13	-5.75160609385463e-13
52481.905959	303.911533	-327.932947	2.94764950886721e-12	7.85044164263363e-13	-7.85044164263363e-13
53296.704298	479.505654	-510.886806	2.4049735494482e-12	5.65509445873159e-13	-5.65509445873159e-13
58170.902596	308.578095	-1073.942813	2.44114023198311e-12	6.48721855783535e-13	-6.48721855783535e-13
59667.855877	3277.605895	-1188.375186	3.06609939925903e-12	5.91427550334015e-13	-5.91427550334015e-13
