READ TERR 1 2
NO	NO	NO	NO	NO	NO
!Time	Poserr	Negerr	Flux	PosErr	NegErr
!XRT wtslew mode data
57.6847518266105	0.507042168396083	-0.483938847969014	4.05724968400002e-09	1.01205588334166e-09	-1.01205588334166e-09
58.6866828872509	0.421347091127409	-0.494888892244298	4.34887109081511e-09	1.0847990427384e-09	-1.0847990427384e-09
59.7113849642376	0.592218999717275	-0.603354985859319	3.30014918253514e-09	8.23201837752571e-10	-8.23201837752571e-10
60.8776074759294	0.671389525821482	-0.574003511974524	3.13614077722576e-09	7.82290953671316e-10	-7.82290953671316e-10
62.4155242953194	1.02914471293558	-0.86652729356851	3.38152801356202e-09	7.82248470563824e-10	-7.82248470563824e-10
NO	NO	NO	NO	NO	NO
!Time	Poserr	Negerr	Flux	PosErr	NegErr
!XRT wt mode data
70.952051	0.592048	-0.644429	3.19781357369003e-09	4.925631229134e-10	-4.925631229134e-10
72.091205	0.443855	-0.547105	3.8970269918318e-09	6.2059126237923e-10	-6.2059126237923e-10
73.301355	0.637437	-0.766295	2.86909242759639e-09	4.34726159877885e-10	-4.34726159877885e-10
74.746772	0.857289	-0.807980	2.42745852810245e-09	3.67809543844709e-10	-3.67809543844709e-10
76.294169	0.724303	-0.690107	2.84982472831691e-09	4.24826806687245e-10	-4.24826806687245e-10
77.819174	0.720457	-0.800702	2.5765435633292e-09	3.90399044929473e-10	-3.90399044929473e-10
79.407547	0.964571	-0.867916	2.21180200423523e-09	3.29716011618741e-10	-3.29716011618741e-10
81.122340	0.785151	-0.750222	2.78599239654886e-09	4.15311180701242e-10	-4.15311180701242e-10
82.779966	0.970706	-0.872475	2.38411202967587e-09	3.61241688069067e-10	-3.61241688069067e-10
84.731882	1.054119	-0.981210	2.09462690915133e-09	3.122485824517e-10	-3.122485824517e-10
87.009945	0.978603	-1.223944	1.85195876173889e-09	2.76073728656775e-10	-2.76073728656775e-10
89.026267	1.129245	-1.037719	1.91660634948909e-09	2.95217249642955e-10	-2.95217249642955e-10
91.642511	1.621147	-1.486999	1.30231450439363e-09	2.26020747258917e-10	-2.26020747258917e-10
94.788525	1.704241	-1.524866	1.40898838008594e-09	2.13490516929471e-10	-2.13490516929471e-10
98.466420	2.105878	-1.973655	8.02957554582445e-10	1.53418573242966e-10	-1.53418573242966e-10
102.751459	2.234849	-2.179161	9.41053269997344e-10	1.42588798894611e-10	-1.42588798894611e-10
106.724534	2.392880	-1.738226	7.88572549071282e-10	1.43466711890011e-10	-1.43466711890011e-10
111.150483	2.500150	-2.033069	1.06055867582412e-09	1.60696320481104e-10	-1.60696320481104e-10
115.697838	2.067890	-2.047205	1.32711668934655e-09	2.17714830879955e-10	-2.17714830879955e-10
119.956582	2.479354	-2.190854	9.273749035035e-10	1.69314700916501e-10	-1.69314700916501e-10
124.400941	2.329800	-1.965005	7.96764987913561e-10	1.56712894080541e-10	-1.56712894080541e-10
129.209847	2.356551	-2.479106	6.41658627935529e-10	1.17150304702436e-10	-1.17150304702436e-10
134.278939	2.413129	-2.712542	5.88893851601669e-10	1.10183136125399e-10	-1.10183136125399e-10
139.719345	2.644561	-3.027276	5.27561165699918e-10	9.87076382196976e-11	-9.87076382196976e-11
518.027007	1.096760	-1.079120	1.89132942235104e-09	2.78861293085257e-10	-2.78861293085257e-10
519.948558	0.739046	-0.824792	2.57107025614891e-09	3.83272492173337e-10	-3.83272492173337e-10
521.547067	0.873414	-0.859462	2.28572058723503e-09	3.46333381250146e-10	-3.46333381250146e-10
523.384244	0.854494	-0.963763	2.20145990091038e-09	3.28174253501716e-10	-3.28174253501716e-10
525.130957	0.812179	-0.892219	2.31324852791945e-09	3.50504428122158e-10	-3.50504428122158e-10
526.718950	0.949935	-0.775814	2.24934613522813e-09	3.46469525211448e-10	-3.46469525211448e-10
528.633124	0.999923	-0.964240	1.96398494878158e-09	3.02515023699258e-10	-3.02515023699258e-10
530.472383	0.875748	-0.839336	2.30903899705432e-09	3.44211185190041e-10	-3.44211185190041e-10
532.513640	0.988982	-1.165508	1.79273683846265e-09	2.76137457452529e-10	-2.76137457452529e-10
534.503873	0.802790	-1.001251	2.19426629107396e-09	3.27101907699233e-10	-3.27101907699233e-10
536.199080	0.835121	-0.892417	2.27335286643559e-09	3.44459407039615e-10	-3.44459407039615e-10
538.171018	1.261455	-1.136816	1.64268938391874e-09	2.48901051931061e-10	-2.48901051931061e-10
540.737884	1.370366	-1.305411	1.49937373147368e-09	2.23513419781144e-10	-2.23513419781144e-10
543.140562	1.252095	-1.032312	1.7136356136098e-09	2.63953423139e-10	-2.63953423139e-10
545.599789	1.148421	-1.207132	1.68474295966915e-09	2.51146651196729e-10	-2.51146651196729e-10
547.829191	1.109133	-1.080980	1.77250032402737e-09	2.6856999744032e-10	-2.6856999744032e-10
549.917746	1.063002	-0.979423	1.88700073976166e-09	2.85919142683423e-10	-2.85919142683423e-10
552.047373	0.936679	-1.066625	1.95089129970327e-09	2.9082171025581e-10	-2.9082171025581e-10
554.093879	1.078487	-1.109827	1.78785756805675e-09	2.66518081731546e-10	-2.66518081731546e-10
556.449998	1.086836	-1.277633	1.66282521344041e-09	2.47879353956668e-10	-2.47879353956668e-10
558.369801	0.730882	-0.832966	2.53956367781782e-09	3.78575804515278e-10	-3.78575804515278e-10
560.213985	1.295614	-1.113302	1.66255594924118e-09	2.47839199807289e-10	-2.47839199807289e-10
562.600024	0.980486	-1.090425	1.94189173069136e-09	2.89480101350183e-10	-2.89480101350183e-10
564.300849	0.775913	-0.720339	2.67539238106016e-09	3.98823924957133e-10	-3.98823924957133e-10
565.765769	0.825025	-0.689007	2.60401044765423e-09	3.94560767372117e-10	-3.94560767372117e-10
567.326187	0.543779	-0.735394	3.06880202221438e-09	4.64986197995159e-10	-4.64986197995159e-10
568.523519	0.591835	-0.653553	3.23047583003968e-09	4.81570921379894e-10	-4.81570921379894e-10
569.925102	0.714969	-0.809748	2.67993193451524e-09	3.99500650292167e-10	-3.99500650292167e-10
571.343647	0.757092	-0.703576	2.7669605801887e-09	4.26198311928506e-10	-4.26198311928506e-10
572.807591	0.657745	-0.706852	2.9867066511695e-09	4.60046068349677e-10	-4.60046068349677e-10
574.303079	0.745665	-0.837742	2.56232299447859e-09	3.88244291189398e-10	-3.88244291189398e-10
575.752027	0.794730	-0.703284	2.69834188347672e-09	4.02245023918145e-10	-4.02245023918145e-10
577.376395	0.728879	-0.829638	2.32876206465043e-09	3.90297606128147e-10	-3.90297606128147e-10
578.799058	0.937681	-0.693784	2.40929742771454e-09	3.65057839405328e-10	-3.65057839405328e-10
580.439868	0.741525	-0.703128	2.7260584682006e-09	4.1305358051837e-10	-4.1305358051837e-10
582.013199	0.651974	-0.831806	2.63336187661992e-09	4.05619912861865e-10	-4.05619912861865e-10
583.421622	0.880353	-0.756448	2.43890269757032e-09	3.69543576832945e-10	-3.69543576832945e-10
584.930017	0.611995	-0.628043	3.27167719852146e-09	4.95725917938582e-10	-4.95725917938582e-10
586.318616	0.796149	-0.776604	2.58291854627639e-09	3.97850147282325e-10	-3.97850147282325e-10
587.696957	0.547542	-0.582192	3.69203082142417e-09	5.59418135521759e-10	-5.59418135521759e-10
589.128215	0.847378	-0.883715	2.27859396680691e-09	3.62860064626938e-10	-3.62860064626938e-10
590.656921	0.704616	-0.681329	2.79626810127534e-09	4.45298308837896e-10	-4.45298308837896e-10
592.111991	0.626596	-0.750454	2.83842228671023e-09	4.37205647016378e-10	-4.37205647016378e-10
593.545529	0.607462	-0.806942	2.78364400747264e-09	4.21778984220297e-10	-4.21778984220297e-10
594.771641	0.614266	-0.618650	3.26133685968984e-09	4.86171409504161e-10	-4.86171409504161e-10
596.175067	0.817388	-0.789159	2.51283818434872e-09	3.74591765970145e-10	-3.74591765970145e-10
597.617279	0.609894	-0.624825	3.3036597002335e-09	4.92480471908253e-10	-4.92480471908253e-10
598.886870	0.587475	-0.659697	3.33430692982937e-09	5.0521563917543e-10	-5.0521563917543e-10
600.122970	0.577198	-0.648625	3.55598128363644e-09	5.30094437687946e-10	-5.30094437687946e-10
601.155397	0.432553	-0.455229	5.03014559967687e-09	7.49849866502561e-10	-7.49849866502561e-10
602.093666	0.490580	-0.505716	4.5117048152986e-09	6.83615474337943e-10	-6.83615474337943e-10
602.996579	0.377587	-0.412333	5.63021977631228e-09	8.53093336828155e-10	-8.53093336828155e-10
603.851915	0.555927	-0.477750	4.30327291258577e-09	6.41494085625202e-10	-6.41494085625202e-10
604.892600	0.387017	-0.484758	5.03191766708691e-09	7.50113981504712e-10	-7.50113981504712e-10
605.818658	0.389667	-0.539041	4.60797316786222e-09	6.98202060387014e-10	-6.98202060387014e-10
606.715496	0.442886	-0.507171	4.54281017636296e-09	6.88328586320645e-10	-6.88328586320645e-10
607.674446	0.385957	-0.516064	4.96987433980593e-09	7.40865109422282e-10	-7.40865109422282e-10
608.553985	0.351504	-0.493582	5.4105780193816e-09	8.0656138650809e-10	-8.0656138650809e-10
609.318925	0.397831	-0.413437	5.7447768143498e-09	8.56380713253628e-10	-8.56380713253628e-10
610.144689	0.504332	-0.427933	5.10348872006719e-09	7.60783216168803e-10	-7.60783216168803e-10
611.086384	0.398830	-0.437362	5.57953652974913e-09	8.31748205769663e-10	-8.31748205769663e-10
611.910832	0.387440	-0.425618	5.5464325723746e-09	8.40397911734351e-10	-8.40397911734351e-10
612.774865	0.514371	-0.476593	4.5104064600413e-09	6.72371705974977e-10	-6.72371705974977e-10
613.706438	0.365617	-0.417202	5.60049694818091e-09	8.34872760043028e-10	-8.34872760043028e-10
614.430782	0.345808	-0.358728	6.18601049960035e-09	9.2215601712329e-10	-9.2215601712329e-10
615.208120	0.472271	-0.431529	4.9749817494041e-09	7.45307638676898e-10	-7.45307638676898e-10
616.022814	0.525774	-0.342423	5.24762082040444e-09	7.82269081606017e-10	-7.82269081606017e-10
617.066217	0.405742	-0.517629	5.19283932921134e-09	7.65642402187352e-10	-7.65642402187352e-10
618.158433	0.564256	-0.686474	3.86408549331996e-09	5.76023814837595e-10	-5.76023814837595e-10
619.247090	0.482589	-0.524401	4.72403069931774e-09	7.04216886968248e-10	-7.04216886968248e-10
620.307745	0.484070	-0.578067	4.22683603626061e-09	6.51064692946031e-10	-6.51064692946031e-10
621.370202	0.766623	-0.578387	3.30766316451104e-09	4.93077284983001e-10	-4.93077284983001e-10
622.780753	0.466240	-0.643927	3.84685447059282e-09	5.73455236401764e-10	-5.73455236401764e-10
623.702545	0.368179	-0.455552	4.99847740018925e-09	7.57371443070126e-10	-7.57371443070126e-10
624.461597	0.418632	-0.390874	5.15450534055381e-09	7.68388321355534e-10	-7.68388321355534e-10
625.568074	0.589573	-0.687844	3.2285054862564e-09	4.89184517467902e-10	-4.89184517467902e-10
626.901774	0.771694	-0.744127	2.76241370137326e-09	4.11796301704728e-10	-4.11796301704728e-10
628.399228	0.613929	-0.725759	3.13559193844502e-09	4.67426478599254e-10	-4.67426478599254e-10
629.631750	0.600108	-0.618594	3.40894161658533e-09	5.16524328273278e-10	-5.16524328273278e-10
630.907638	0.823993	-0.675780	2.75336813648155e-09	4.24104684722373e-10	-4.24104684722373e-10
632.203980	0.474150	-0.472349	4.48704966853776e-09	6.68889847734733e-10	-6.68889847734733e-10
633.369943	0.590942	-0.691813	3.29912289109775e-09	4.91804179513187e-10	-4.91804179513187e-10
634.581190	0.687358	-0.620305	3.15315982241397e-09	4.77768180087418e-10	-4.77768180087418e-10
635.782792	0.457163	-0.514243	4.18117740182465e-09	6.33533860340996e-10	-6.33533860340996e-10
636.842448	0.717605	-0.602493	3.03150078866318e-09	4.59334347403688e-10	-4.59334347403688e-10
638.045533	0.386294	-0.485480	4.61249432880476e-09	6.87590043516495e-10	-6.87590043516495e-10
639.245304	0.761052	-0.813476	2.53679146505481e-09	3.78162532731429e-10	-3.78162532731429e-10
640.849425	0.733227	-0.843070	2.51998582685066e-09	3.75657347677863e-10	-3.75657347677863e-10
642.279645	0.818830	-0.696993	2.63323333015014e-09	3.9253925579679e-10	-3.9253925579679e-10
643.640713	0.640879	-0.542239	3.48266438889777e-09	5.19164974293185e-10	-5.19164974293185e-10
644.897752	0.394374	-0.616159	4.16012455246399e-09	6.30343911327572e-10	-6.30343911327572e-10
645.908088	0.729062	-0.615962	3.20350213816099e-09	4.85396077853884e-10	-4.85396077853884e-10
647.312309	0.475941	-0.675158	3.78488295411406e-09	5.73487103132073e-10	-5.73487103132073e-10
648.206942	0.431727	-0.418692	5.00448076766137e-09	7.70846299360009e-10	-7.70846299360009e-10
649.411550	0.577467	-0.772882	3.15121877751061e-09	4.77474040183828e-10	-4.77474040183828e-10
650.381389	0.417135	-0.392371	5.13948311690232e-09	7.91640889307894e-10	-7.91640889307894e-10
651.139393	0.322747	-0.340870	6.39375120838216e-09	9.5312419008618e-10	-9.5312419008618e-10
651.888237	0.509708	-0.426097	4.3790976365963e-09	6.85792962339807e-10	-6.85792962339807e-10
652.824164	0.369053	-0.426219	5.24200084362367e-09	8.07431820583284e-10	-8.07431820583284e-10
653.639513	0.421921	-0.446297	4.95631352329588e-09	7.38843573263188e-10	-7.38843573263188e-10
654.480820	0.375887	-0.419386	5.36569184958359e-09	8.13011965493907e-10	-8.13011965493907e-10
655.421179	0.504787	-0.564473	3.96759258714962e-09	5.91453821205393e-10	-5.91453821205393e-10
656.363803	0.471300	-0.437837	4.58435356990459e-09	6.83395069135618e-10	-6.83395069135618e-10
657.396245	0.499221	-0.561142	3.70722736672475e-09	5.80574108376224e-10	-5.80574108376224e-10
658.423471	0.423792	-0.528005	4.31575168896669e-09	6.43354253742989e-10	-6.43354253742989e-10
659.199174	0.313485	-0.351910	6.3504426051893e-09	9.4666805763215e-10	-9.4666805763215e-10
659.915189	0.332251	-0.402531	5.91398333706137e-09	8.81604592291924e-10	-8.81604592291924e-10
660.625052	0.341159	-0.377611	6.13365687627719e-09	9.29374324994364e-10	-9.29374324994364e-10
661.273476	0.351014	-0.307265	6.70646255772277e-09	1.03300465798723e-09	-1.03300465798723e-09
661.920449	0.321400	-0.295960	7.20474489165245e-09	1.07401993906516e-09	-1.07401993906516e-09
662.601846	0.349877	-0.359996	6.14425788582465e-09	9.15931868109186e-10	-9.15931868109186e-10
663.285802	0.336655	-0.334078	6.3734401614492e-09	9.50096381409428e-10	-9.50096381409428e-10
664.037394	0.423035	-0.414937	4.91868722791898e-09	7.45281609935502e-10	-7.45281609935502e-10
664.859533	0.358809	-0.399105	5.4411544493908e-09	8.24446076695258e-10	-8.24446076695258e-10
665.499517	0.302369	-0.281175	7.16094817787698e-09	1.06749116526073e-09	-1.06749116526073e-09
666.179900	0.431477	-0.378014	5.16712188658307e-09	7.70269067294283e-10	-7.70269067294283e-10
667.001375	0.408817	-0.389998	5.26907875723474e-09	7.85467897192029e-10	-7.85467897192029e-10
667.791545	0.337416	-0.381353	6.11249971115724e-09	9.11197627219511e-10	-9.11197627219511e-10
668.424137	0.268810	-0.295176	7.93313534042966e-09	1.20203211849194e-09	-1.20203211849194e-09
668.954835	0.300318	-0.261888	8.18566268406759e-09	1.24029513264194e-09	-1.24029513264194e-09
669.517360	0.264416	-0.262208	8.99020525321058e-09	1.36219976611579e-09	-1.36219976611579e-09
670.107774	0.314490	-0.325998	1.17281797434185e-08	1.42225067457024e-09	-1.42225067457024e-09
670.746641	0.381939	-0.324377	1.09810527574704e-08	1.34606644823385e-09	-1.34606644823385e-09
671.442333	0.330293	-0.313753	1.24691040247552e-08	1.54511495485523e-09	-1.54511495485523e-09
672.123091	0.298919	-0.350464	1.27022695183693e-08	1.60876744734258e-09	-1.60876744734258e-09
672.649900	0.282719	-0.227890	1.12726940518427e-08	1.70804354601673e-09	-1.70804354601673e-09
673.213044	0.296003	-0.280425	1.52736649551787e-08	1.85220395645056e-09	-1.85220395645056e-09
673.797893	0.340961	-0.288846	1.30962483606515e-08	1.62282784777341e-09	-1.62282784777341e-09
674.450131	0.291849	-0.311277	1.30908456750659e-08	1.60468662656468e-09	-1.60468662656468e-09
675.020226	0.250157	-0.278246	1.0664344790986e-08	1.5149239001979e-09	-1.5149239001979e-09
675.528715	0.246941	-0.258332	9.56661890528946e-09	1.42610737919257e-09	-1.42610737919257e-09
676.076304	0.368307	-0.300648	9.81198961558298e-09	1.24061559677225e-09	-1.24061559677225e-09
676.713708	0.236180	-0.269097	9.06657443037323e-09	1.33679345307742e-09	-1.33679345307742e-09
677.218872	0.248733	-0.268985	8.81337811118052e-09	1.28556333007321e-09	-1.28556333007321e-09
677.707307	0.333166	-0.239702	7.43179646228529e-09	1.10786680853961e-09	-1.10786680853961e-09
678.297976	0.260225	-0.257502	7.89503990731701e-09	1.19625993301834e-09	-1.19625993301834e-09
678.879550	0.290673	-0.321349	1.0232716660096e-08	1.25433480515121e-09	-1.25433480515121e-09
679.443025	0.282287	-0.272802	7.51515007582764e-09	1.1386988465587e-09	-1.1386988465587e-09
680.073018	0.324805	-0.347706	6.35164717549352e-09	9.46847682921661e-10	-9.46847682921661e-10
680.776203	0.413319	-0.378380	5.3182369569108e-09	8.0582156431011e-10	-8.0582156431011e-10
681.558099	0.385773	-0.368577	5.49069598957013e-09	8.18504641237379e-10	-8.18504641237379e-10
682.308811	0.426776	-0.364939	5.0904006373775e-09	7.58832116231039e-10	-7.58832116231039e-10
683.033208	0.325075	-0.297622	6.29981226071188e-09	9.39120554719297e-10	-9.39120554719297e-10
683.903941	0.527160	-0.545657	3.65560874306437e-09	5.44945971285456e-10	-5.44945971285456e-10
684.856565	0.382262	-0.425464	4.8540243635955e-09	7.23595219059873e-10	-7.23595219059873e-10
685.707846	0.472131	-0.469020	4.11020741382509e-09	6.22780405168306e-10	-6.22780405168306e-10
686.596701	0.463938	-0.416723	4.41186609869194e-09	6.68487868638619e-10	-6.68487868638619e-10
687.543147	0.391026	-0.482508	4.52313403331324e-09	6.74269012021029e-10	-6.74269012021029e-10
688.451168	0.504228	-0.516994	3.83540018576622e-09	5.81141513498795e-10	-5.81141513498795e-10
689.306461	0.351692	-0.351065	5.64397574154791e-09	8.41354225956152e-10	-8.41354225956152e-10
690.004668	0.331335	-0.346515	5.97377852787381e-09	8.80785607378449e-10	-8.80785607378449e-10
690.775225	0.461021	-0.439221	4.29011792905383e-09	6.60812113275322e-10	-6.60812113275322e-10
691.701088	0.351779	-0.464843	4.83954243361515e-09	7.21436384853183e-10	-7.21436384853183e-10
692.404293	0.326424	-0.351426	5.82008182865899e-09	8.86040557685128e-10	-8.86040557685128e-10
693.103914	0.450542	-0.373197	4.80428063939749e-09	7.16179854286999e-10	-7.16179854286999e-10
693.973304	0.474266	-0.418848	4.43631335378329e-09	6.61326584883153e-10	-6.61326584883153e-10
694.826185	0.322335	-0.378615	5.63091085245499e-09	8.53198049282869e-10	-8.53198049282869e-10
695.568937	0.344610	-0.420417	5.26381259439801e-09	7.84682818296349e-10	-7.84682818296349e-10
696.375648	0.407880	-0.462101	4.61132819764562e-09	6.87416208051699e-10	-6.87416208051699e-10
697.216038	0.369879	-0.432511	4.95517805823223e-09	7.3867429633761e-10	-7.3867429633761e-10
697.945523	0.428550	-0.359606	4.94517243983889e-09	7.49294678905352e-10	-7.49294678905352e-10
698.906188	0.467759	-0.532114	3.97808339513154e-09	5.93017694330794e-10	-5.93017694330794e-10
699.761990	0.302259	-0.388044	5.79589958443422e-09	8.64001693168244e-10	-8.64001693168244e-10
700.412033	0.385220	-0.347784	5.43123319581805e-09	8.22942842152756e-10	-8.22942842152756e-10
701.319253	0.508129	-0.522000	3.86997577986875e-09	5.76901918081532e-10	-5.76901918081532e-10
702.328234	0.378024	-0.500852	4.50328631687292e-09	6.71310306002853e-10	-6.71310306002853e-10
703.105037	0.460542	-0.398779	4.59454118097901e-09	6.84913770071043e-10	-6.84913770071043e-10
703.991569	0.413761	-0.425991	4.84511157592727e-09	7.34133417894589e-10	-7.34133417894589e-10
705.036826	0.505356	-0.631496	3.81757753054312e-09	5.69090834032473e-10	-5.69090834032473e-10
705.854947	0.274343	-0.312765	7.70884136673896e-09	1.14916620315406e-09	-1.14916620315406e-09
706.519575	0.410325	-0.390285	5.64865346874432e-09	8.55886466002345e-10	-8.55886466002345e-10
707.281536	0.324434	-0.351636	6.64637124231679e-09	9.9078253286049e-10	-9.9078253286049e-10
707.998976	0.450304	-0.393005	5.17010279686255e-09	7.83376238070102e-10	-7.83376238070102e-10
708.825055	0.362564	-0.375775	5.77605157647677e-09	8.75189822839705e-10	-8.75189822839705e-10
709.516114	0.370691	-0.328495	6.0755350485482e-09	9.05687310758275e-10	-9.05687310758275e-10
710.287403	0.403565	-0.400598	5.15517032226948e-09	7.68487433194662e-10	-7.68487433194662e-10
711.109723	0.371180	-0.418755	5.1255745099715e-09	7.64075504155142e-10	-7.64075504155142e-10
711.844794	0.265922	-0.363890	6.21488136904825e-09	9.41681553681518e-10	-9.41681553681518e-10
712.376369	0.257413	-0.265653	7.70825071974856e-09	1.13651955579053e-09	-1.13651955579053e-09
713.009088	0.318557	-0.375306	5.72830419874505e-09	8.53925177254103e-10	-8.53925177254103e-10
713.571505	0.268520	-0.243860	7.81172033274478e-09	1.16450247597801e-09	-1.16450247597801e-09
714.135952	0.276943	-0.295927	7.04554975654106e-09	1.05028858495933e-09	-1.05028858495933e-09
714.677818	0.270596	-0.264923	7.79887183677367e-09	1.18728853488102e-09	-1.18728853488102e-09
715.196343	0.337407	-0.247928	7.31677917111273e-09	1.10864154594762e-09	-1.10864154594762e-09
715.828596	0.265580	-0.294847	1.22484598041712e-08	1.48534392508138e-09	-1.48534392508138e-09
716.362432	0.261925	-0.268256	8.79937979108126e-09	1.33328584509878e-09	-1.33328584509878e-09
716.877940	0.265913	-0.253583	9.31938964175469e-09	1.37406902883781e-09	-1.37406902883781e-09
717.416732	0.257294	-0.272878	8.92793428533539e-09	1.3308978688798e-09	-1.3308978688798e-09
717.943393	0.328422	-0.269366	1.01691551907983e-08	1.33527550439843e-09	-1.33527550439843e-09
718.544359	0.277208	-0.272544	9.98691720341787e-09	1.39090955982249e-09	-1.39090955982249e-09
719.138860	0.253809	-0.317292	1.24344271678074e-08	1.50789580836472e-09	-1.50789580836472e-09
719.725999	0.307159	-0.333330	1.10936575638029e-08	1.34530359086536e-09	-1.34530359086536e-09
720.309662	0.269689	-0.276504	1.29145382339585e-08	1.58307473827681e-09	-1.58307473827681e-09
720.818273	0.271689	-0.238922	1.38106753677701e-08	1.71669756230776e-09	-1.71669756230776e-09
721.362933	0.331934	-0.272970	1.16636885162897e-08	1.42974452830079e-09	-1.42974452830079e-09
721.984974	0.336148	-0.290107	1.12513910544818e-08	1.37920476966193e-09	-1.37920476966193e-09
722.606661	0.228631	-0.285539	8.93422636198476e-09	1.35371787974449e-09	-1.35371787974449e-09
723.084917	0.264545	-0.249624	1.41313894496022e-08	1.67708738787771e-09	-1.67708738787771e-09
723.605997	0.259413	-0.256535	9.85068065824976e-09	1.3930966523848e-09	-1.3930966523848e-09
724.192034	0.312067	-0.326624	1.09409884226269e-08	1.32678971055868e-09	-1.32678971055868e-09
724.821251	0.266384	-0.317149	1.20639754129645e-08	1.47881208935611e-09	-1.47881208935611e-09
725.374768	0.221699	-0.287133	1.39966039748736e-08	1.71571523693712e-09	-1.71571523693712e-09
725.865735	0.246682	-0.269268	1.56386418273416e-08	1.81123870786787e-09	-1.81123870786787e-09
726.343407	0.306307	-0.230991	1.55426872381451e-08	1.78147696408087e-09	-1.78147696408087e-09
726.925811	0.239852	-0.276097	1.49200659479115e-08	1.77631902082707e-09	-1.77631902082707e-09
727.427095	0.256296	-0.261431	1.45915345321351e-08	1.76788226406282e-09	-1.76788226406282e-09
727.958458	0.247998	-0.275067	1.43220253652729e-08	1.72416927069827e-09	-1.72416927069827e-09
728.464237	0.270621	-0.257781	1.4306874011494e-08	1.72798014640768e-09	-1.72798014640768e-09
729.063903	0.466229	-0.329044	1.43463048580741e-08	1.73974499133758e-09	-1.73974499133758e-09
729.994128	0.439803	-0.463996	1.60064452305094e-08	2.06400882956088e-09	-2.06400882956088e-09
730.876158	0.385069	-0.442227	1.84782695630189e-08	2.24081934306648e-09	-2.24081934306648e-09
731.597035	0.356267	-0.335808	2.18198181631359e-08	2.72785109185952e-09	-2.72785109185952e-09
732.294973	0.401995	-0.341671	2.06685769824007e-08	2.5900483589055e-09	-2.5900483589055e-09
732.989804	0.280045	-0.292835	2.75495293676864e-08	3.34087114182632e-09	-3.34087114182632e-09
733.630277	0.338766	-0.360428	2.28054471590837e-08	2.80077230156319e-09	-2.80077230156319e-09
734.302313	0.292971	-0.333270	2.5214043284838e-08	3.15218730257594e-09	-3.15218730257594e-09
734.917567	0.312867	-0.322283	2.51034470716178e-08	3.13836097465867e-09	-3.13836097465867e-09
735.541005	0.308568	-0.310571	2.60481557948697e-08	3.19085111440727e-09	-3.19085111440727e-09
736.157053	0.304542	-0.307480	2.6494688996945e-08	3.21295296394125e-09	-3.21295296394125e-09
736.755444	0.319952	-0.293850	2.61230377000203e-08	3.20002410306881e-09	-3.20002410306881e-09
737.378278	0.237974	-0.302882	2.96634931077678e-08	3.59722687543864e-09	-3.59722687543864e-09
737.983254	0.301952	-0.367003	2.33456251758992e-08	2.91860303763799e-09	-2.91860303763799e-09
738.556216	0.276962	-0.271010	2.85655019505248e-08	3.5349173013159e-09	-3.5349173013159e-09
739.311107	0.431195	-0.477928	1.65569979524295e-08	2.11295492978215e-09	-2.11295492978215e-09
740.061607	0.260687	-0.319305	2.6130743911825e-08	3.23362138692017e-09	-3.23362138692017e-09
740.739616	0.465129	-0.417322	1.67161565063404e-08	2.08980588344104e-09	-2.08980588344104e-09
741.608967	0.503137	-0.404223	1.64536199320019e-08	2.00058604754047e-09	-2.00058604754047e-09
742.509692	0.459938	-0.397588	1.64800373106137e-08	2.0602869785233e-09	-2.0602869785233e-09
743.478733	0.369783	-0.509104	1.63764480465191e-08	2.00608475386811e-09	-2.00608475386811e-09
744.285305	0.450999	-0.436789	1.63050212511747e-08	1.99733511555086e-09	-1.99733511555086e-09
745.195923	0.485100	-0.459620	1.53492963913325e-08	1.8994412618948e-09	-1.8994412618948e-09
746.092177	0.417922	-0.411153	1.77213288863744e-08	2.17083015645938e-09	-2.17083015645938e-09
746.908799	0.360975	-0.398701	1.89084636852786e-08	2.33988032169824e-09	-2.33988032169824e-09
747.679658	0.486795	-0.409884	1.5621682448062e-08	1.91362739973286e-09	-1.91362739973286e-09
748.759683	0.623696	-0.593231	1.07015349405044e-08	1.351675719442e-09	-1.351675719442e-09
749.827195	0.445751	-0.443816	1.40048061834801e-08	1.76890104412929e-09	-1.76890104412929e-09
750.884980	0.430539	-0.612034	1.22174718055631e-08	1.48551525390347e-09	-1.48551525390347e-09
751.856976	0.490440	-0.541458	1.19879735988651e-08	1.46850471652142e-09	-1.46850471652142e-09
752.744244	0.476720	-0.396828	1.36850947849462e-08	1.72851938729983e-09	-1.72851938729983e-09
753.752317	0.370651	-0.531353	1.17080445623149e-08	1.43421392424181e-09	-1.43421392424181e-09
754.388169	0.300552	-0.265201	1.16169727334187e-08	1.40876491659318e-09	-1.40876491659318e-09
754.969568	0.288470	-0.280847	1.17161689918147e-08	1.45181469474397e-09	-1.45181469474397e-09
755.538011	0.271558	-0.279973	1.25613357810172e-08	1.50620988325205e-09	-1.50620988325205e-09
756.063870	0.259869	-0.254301	1.31850952681057e-08	1.5759203334281e-09	-1.5759203334281e-09
756.610470	0.355536	-0.286731	9.99354762394752e-09	1.22501731248058e-09	-1.22501731248058e-09
757.201047	0.270233	-0.235041	1.38842715665388e-08	1.60805076254011e-09	-1.60805076254011e-09
757.742182	0.252163	-0.270902	1.22266924817558e-08	1.46608337581958e-09	-1.46608337581958e-09
758.284169	0.288394	-0.289825	1.04562538969808e-08	1.26800704158782e-09	-1.26800704158782e-09
758.845333	0.276983	-0.272770	1.13141587203123e-08	1.36206468816243e-09	-1.36206468816243e-09
759.372020	0.273361	-0.249704	8.7719856393709e-09	1.24054609447922e-09	-1.24054609447922e-09
759.907687	0.258979	-0.262306	1.20309242537248e-08	1.47476056607196e-09	-1.47476056607196e-09
760.449298	0.270679	-0.282631	1.15025817029336e-08	1.39489288664977e-09	-1.39489288664977e-09
760.988003	0.269276	-0.268026	1.18369455286665e-08	1.42500076648555e-09	-1.42500076648555e-09
761.519600	0.290979	-0.262321	1.11620803406056e-08	1.3536010718176e-09	-1.3536010718176e-09
762.074507	0.257348	-0.263929	1.20036819259278e-08	1.43471439517073e-09	-1.43471439517073e-09
762.603203	0.237475	-0.271347	1.19688256424146e-08	1.48312269256424e-09	-1.48312269256424e-09
763.156133	0.291216	-0.315456	1.03669401715135e-08	1.27078805120611e-09	-1.27078805120611e-09
763.715686	0.265403	-0.268336	1.21725445720609e-08	1.49692535776787e-09	-1.49692535776787e-09
764.312696	0.250170	-0.331607	1.09508403448482e-08	1.3718372541537e-09	-1.3718372541537e-09
764.884027	0.342455	-0.321161	9.81479919539613e-09	1.19021919874822e-09	-1.19021919874822e-09
765.532762	0.282613	-0.306280	1.06529754549472e-08	1.34922029185235e-09	-1.34922029185235e-09
766.171182	0.327380	-0.355806	9.35490121914507e-09	1.14673152238145e-09	-1.14673152238145e-09
766.831135	0.315032	-0.332573	9.75428528867359e-09	1.19568829120737e-09	-1.19568829120737e-09
767.442162	0.287562	-0.295995	1.07985131999508e-08	1.3095120612598e-09	-1.3095120612598e-09
768.083150	0.278165	-0.353426	9.8728486701787e-09	1.19725879010998e-09	-1.19725879010998e-09
768.589558	0.287706	-0.228243	8.62595004394104e-09	1.23227857770586e-09	-1.23227857770586e-09
769.185211	0.284493	-0.307947	1.02872715990583e-08	1.24751496204556e-09	-1.24751496204556e-09
769.804447	0.296841	-0.334743	6.42432158470434e-09	9.57681349760855e-10	-9.57681349760855e-10
770.351395	0.340565	-0.250107	1.03372399246965e-08	1.26714739295462e-09	-1.26714739295462e-09
770.981233	0.269375	-0.289273	8.03157135867939e-09	1.15261051220939e-09	-1.15261051220939e-09
771.494354	0.268644	-0.243746	8.24880574386577e-09	1.20321193821361e-09	-1.20321193821361e-09
772.033303	0.293676	-0.270305	1.06868749701007e-08	1.29597390512952e-09	-1.29597390512952e-09
772.597857	0.284200	-0.270879	1.07027176690765e-08	1.32623239201548e-09	-1.32623239201548e-09
773.116944	0.311303	-0.234886	7.34009072779429e-09	1.11217376909619e-09	-1.11217376909619e-09
773.683654	0.285449	-0.255407	7.54353636413582e-09	1.14299994632753e-09	-1.14299994632753e-09
774.232103	0.249391	-0.263000	8.57772559485575e-09	1.25714365476602e-09	-1.25714365476602e-09
774.815479	0.320736	-0.333985	9.47465731747627e-09	1.14897093171599e-09	-1.14897093171599e-09
775.436023	0.205466	-0.299808	8.34760841289754e-09	1.21762384085655e-09	-1.21762384085655e-09
775.943908	0.233099	-0.302419	7.3206693909939e-09	1.1092310339018e-09	-1.1092310339018e-09
776.416932	0.267122	-0.239925	8.34503170746799e-09	1.21724795301295e-09	-1.21724795301295e-09
776.966356	0.249649	-0.282301	8.54521210354737e-09	1.2207446114553e-09	-1.2207446114553e-09
777.464807	0.270701	-0.248802	8.65961419384228e-09	1.26914517582617e-09	-1.26914517582617e-09
778.047018	0.320083	-0.311510	1.03508247687674e-08	1.26881266872372e-09	-1.26881266872372e-09
778.674164	0.308517	-0.307063	1.04985321741219e-08	1.27313407940538e-09	-1.27313407940538e-09
779.261781	0.258199	-0.279100	1.18288389552498e-08	1.43445742161636e-09	-1.43445742161636e-09
779.806949	0.387322	-0.286969	9.19910083912743e-09	1.12763337319606e-09	-1.12763337319606e-09
780.474282	0.307103	-0.280011	1.05490271058974e-08	1.29310843029527e-09	-1.29310843029527e-09
781.068266	0.220171	-0.286881	8.15595737614561e-09	1.21581835458236e-09	-1.21581835458236e-09
781.556561	0.310095	-0.268123	8.91713101462645e-09	1.19160177290717e-09	-1.19160177290717e-09
782.165871	0.232746	-0.299214	7.6300907875129e-09	1.15611471833845e-09	-1.15611471833845e-09
782.650148	0.335579	-0.251531	6.62103074838868e-09	1.03689319986591e-09	-1.03689319986591e-09
783.313039	0.293594	-0.327312	6.22810013593419e-09	9.59321909602257e-10	-9.59321909602257e-10
783.899394	0.306796	-0.292761	6.53059094743607e-09	9.73522995918346e-10	-9.73522995918346e-10
784.483108	0.322637	-0.276918	9.77188312030609e-09	1.19784544589562e-09	-1.19784544589562e-09
785.072660	0.284616	-0.266915	6.98615850590478e-09	1.05854581434547e-09	-1.05854581434547e-09
785.646365	0.287350	-0.289089	6.68220814929723e-09	1.01249106531664e-09	-1.01249106531664e-09
786.242890	0.324197	-0.309174	6.18062979603356e-09	9.21353908396754e-10	-9.21353908396754e-10
786.846851	0.246860	-0.279764	7.32294334452002e-09	1.10957556656854e-09	-1.10957556656854e-09
787.409176	0.212936	-0.315466	7.22135471093661e-09	1.11231412781801e-09	-1.11231412781801e-09
788.017035	0.323847	-0.394923	5.44061203723197e-09	8.11038530920291e-10	-8.11038530920291e-10
788.633573	0.280190	-0.292691	6.82645391773636e-09	1.01762770262307e-09	-1.01762770262307e-09
789.255154	0.311552	-0.341391	5.98165042674834e-09	8.91691838725954e-10	-8.91691838725954e-10
789.901213	0.318434	-0.334508	5.97165557261735e-09	8.90201836139805e-10	-8.90201836139805e-10
790.569148	0.337244	-0.349501	5.71118445097817e-09	8.51373077476131e-10	-8.51373077476131e-10
791.298664	0.353185	-0.392272	5.23855208670367e-09	7.8091724945631e-10	-7.8091724945631e-10
791.974419	0.300109	-0.322570	6.28665189411569e-09	9.37158748759089e-10	-9.37158748759089e-10
792.697265	0.356509	-0.422736	4.96242571763074e-09	7.51908878763141e-10	-7.51908878763141e-10
793.523592	0.389496	-0.469819	4.55484649564041e-09	6.90152355271898e-10	-6.90152355271898e-10
794.435502	0.349361	-0.522414	4.64492925701023e-09	6.92425193767453e-10	-6.92425193767453e-10
795.075055	0.409009	-0.290191	5.79645307140633e-09	8.78281072721455e-10	-8.78281072721455e-10
795.906892	0.352873	-0.422828	5.32255824608541e-09	7.93440092371053e-10	-7.93440092371053e-10
796.700266	0.328085	-0.440501	5.30432190240286e-09	8.03713199984633e-10	-8.03713199984633e-10
797.471016	0.532300	-0.442665	4.24575357374462e-09	6.32919611322612e-10	-6.32919611322612e-10
798.411784	0.413492	-0.408468	5.02074396267933e-09	7.48448302578785e-10	-7.48448302578785e-10
799.304777	0.507897	-0.479502	4.16998584223276e-09	6.21624829129484e-10	-6.21624829129484e-10
800.151739	0.308540	-0.339064	6.16566032087491e-09	9.49704221219168e-10	-9.49704221219168e-10
800.965244	0.519816	-0.504965	3.8993028556773e-09	5.90824050853789e-10	-5.90824050853789e-10
801.965913	0.396260	-0.480853	4.47554376626536e-09	6.78136344796601e-10	-6.78136344796601e-10
802.732364	0.519371	-0.370192	4.30227837174652e-09	6.62685196365052e-10	-6.62685196365052e-10
803.745144	0.449516	-0.493409	4.15989449894497e-09	6.20120468104846e-10	-6.20120468104846e-10
804.586410	0.417755	-0.391750	4.82508928645164e-09	7.19281826807567e-10	-7.19281826807567e-10
805.348119	0.469110	-0.343955	4.80461298324746e-09	7.16229414419491e-10	-7.16229414419491e-10
806.296612	0.500920	-0.479383	3.97760513521631e-09	5.92946361443957e-10	-5.92946361443957e-10
807.093266	0.323402	-0.295735	6.22393256398744e-09	9.43053007069414e-10	-9.43053007069414e-10
807.812088	0.373151	-0.395420	4.87705587416731e-09	7.63776260360546e-10	-7.63776260360546e-10
808.607512	0.445941	-0.422273	4.43830207112943e-09	6.72493488028473e-10	-6.72493488028473e-10
809.568499	0.499060	-0.515046	3.8018023092381e-09	5.76050774582448e-10	-5.76050774582448e-10
810.401481	0.329694	-0.333923	5.83055558076649e-09	8.83448316314753e-10	-8.83448316314753e-10
811.047852	0.380744	-0.316676	5.69397721507337e-09	8.48808025928748e-10	-8.48808025928748e-10
811.874234	0.367426	-0.445638	4.88948186273176e-09	7.40856410878095e-10	-7.40856410878095e-10
812.595655	0.387897	-0.353996	5.49802278709611e-09	8.19596823122721e-10	-8.19596823122721e-10
813.354231	0.419243	-0.370679	4.92899664446406e-09	7.71910470059235e-10	-7.71910470059235e-10
814.045436	0.247544	-0.271963	7.7027657168175e-09	1.17265753905436e-09	-1.17265753905436e-09
814.576604	0.420909	-0.283624	5.6547647144397e-09	8.42962516279071e-10	-8.42962516279071e-10
815.387079	0.418145	-0.389566	4.90476587859721e-09	7.31159368575108e-10	-7.31159368575108e-10
816.171212	0.285175	-0.365987	6.07130346514908e-09	9.05056511641124e-10	-9.05056511641124e-10
816.747018	0.317832	-0.290632	6.49478930902406e-09	9.68186034797127e-10	-9.68186034797127e-10
817.366872	0.261963	-0.302022	6.99647098742816e-09	1.04297230716994e-09	-1.04297230716994e-09
817.958806	0.285609	-0.329971	6.45218642375133e-09	9.618351441789e-10	-9.618351441789e-10
818.601872	0.341744	-0.357456	5.82146567197877e-09	8.58328310052103e-10	-8.58328310052103e-10
819.256937	0.339620	-0.313322	6.11460375212985e-09	9.11511337439288e-10	-9.11511337439288e-10
820.039620	0.466074	-0.443063	4.3586757416306e-09	6.49752986441871e-10	-6.49752986441871e-10
820.868339	0.443303	-0.362645	4.90299729219388e-09	7.30895657831889e-10	-7.30895657831889e-10
821.818321	0.382889	-0.506679	4.36688368921376e-09	6.61672140167105e-10	-6.61672140167105e-10
822.632366	0.419238	-0.431155	4.52986693794207e-09	7.09404347672587e-10	-7.09404347672587e-10
823.346970	0.348670	-0.295367	6.27238877077777e-09	9.35032482206682e-10	-9.35032482206682e-10
824.025569	0.308780	-0.329929	6.39825709422045e-09	9.53795841278447e-10	-9.53795841278447e-10
824.751400	0.390675	-0.417051	5.00812555995971e-09	7.4656723670478e-10	-7.4656723670478e-10
825.522730	0.332778	-0.380655	5.59090684899583e-09	8.3344322170759e-10	-8.3344322170759e-10
826.368312	0.399891	-0.512804	4.30579451721375e-09	6.418699082581e-10	-6.418699082581e-10
827.223761	0.378856	-0.455558	4.62769490330089e-09	7.12809491501081e-10	-7.12809491501081e-10
827.907753	0.308665	-0.305136	6.53660286312506e-09	9.7441921850804e-10	-9.7441921850804e-10
828.808429	0.503935	-0.592011	3.6315426019782e-09	5.59370913705115e-10	-5.59370913705115e-10
829.783527	0.482453	-0.471163	4.15776235292397e-09	6.29985928026678e-10	-6.29985928026678e-10
830.641505	0.558499	-0.375526	4.25064280453894e-09	6.33648391374082e-10	-6.33648391374082e-10
831.722811	0.496637	-0.522807	3.84637121184159e-09	5.73383205228647e-10	-5.73383205228647e-10
832.647418	0.418897	-0.427971	4.62241643830803e-09	6.89069181769077e-10	-6.89069181769077e-10
833.668137	0.561727	-0.601822	3.3671034391065e-09	5.01938139384597e-10	-5.01938139384597e-10
834.622876	0.416479	-0.393011	4.83757555417707e-09	7.21143179656313e-10	-7.21143179656313e-10
835.512537	0.613868	-0.473182	3.67869929436796e-09	5.42394632484205e-10	-5.42394632484205e-10
836.558122	0.392021	-0.431717	4.67857853148073e-09	7.08900260502247e-10	-7.08900260502247e-10
837.586349	0.516672	-0.636206	3.38457860690346e-09	5.04543185497537e-10	-5.04543185497537e-10
838.665048	0.555250	-0.562026	3.44961642773579e-09	5.22687398657512e-10	-5.22687398657512e-10
839.838292	0.522431	-0.617994	3.24463105282769e-09	5.16698974351644e-10	-5.16698974351644e-10
841.066814	0.562430	-0.706092	3.09076280737449e-09	4.76074016802678e-10	-4.76074016802678e-10
842.408951	0.750347	-0.779707	2.70267542612218e-09	4.09510559749976e-10	-4.09510559749976e-10
843.993195	0.573378	-0.833897	2.99876625520696e-09	4.54374336544508e-10	-4.54374336544508e-10
845.196501	0.464241	-0.629928	3.69763586595412e-09	5.60267420646656e-10	-5.60267420646656e-10
846.190828	0.601422	-0.530086	3.49595260108328e-09	5.21145853036782e-10	-5.21145853036782e-10
847.442140	0.684460	-0.649890	2.92589009756534e-09	4.43332103302687e-10	-4.43332103302687e-10
848.895763	0.760890	-0.769164	2.58255303055536e-09	3.84984256612887e-10	-3.84984256612887e-10
850.594851	0.769771	-0.938198	2.31418138468031e-09	3.44977777746321e-10	-3.44977777746321e-10
852.171641	0.678556	-0.807020	2.54433147061874e-09	3.98457600041661e-10	-3.98457600041661e-10
853.535694	0.752004	-0.685497	2.72109310249935e-09	4.05636588202649e-10	-4.05636588202649e-10
854.963937	0.634982	-0.676239	2.91201190927742e-09	4.4854076434283e-10	-4.4854076434283e-10
856.261765	0.619909	-0.662846	3.06437249254102e-09	4.56809703463253e-10	-4.56809703463253e-10
857.557255	0.523555	-0.675581	3.28742610435632e-09	4.90060541938909e-10	-4.90060541938909e-10
858.533269	0.550972	-0.452459	3.88232622469028e-09	5.88251791987431e-10	-5.88251791987431e-10
859.546286	0.359915	-0.462045	4.81340022331392e-09	7.17539321094522e-10	-7.17539321094522e-10
860.344229	0.488900	-0.438029	4.23301682232676e-09	6.41388514890364e-10	-6.41388514890364e-10
861.337515	0.436775	-0.504386	4.10920160505974e-09	6.32945376284147e-10	-6.32945376284147e-10
862.363483	0.624157	-0.589192	3.10069744123489e-09	4.93777898405363e-10	-4.93777898405363e-10
863.410305	0.422423	-0.422666	4.68596978189419e-09	6.98543140268598e-10	-6.98543140268598e-10
864.433586	0.516438	-0.600857	3.54134123375938e-09	5.27911960190806e-10	-5.27911960190806e-10
865.573944	0.573417	-0.623919	3.24221815362172e-09	4.91262280788683e-10	-4.91262280788683e-10
866.648170	0.499063	-0.500810	3.91205761124141e-09	5.83175112445898e-10	-5.83175112445898e-10
867.531868	0.399963	-0.384634	4.97398056631417e-09	7.41477278304125e-10	-7.41477278304125e-10
868.347338	0.447373	-0.415507	4.52440270445879e-09	6.74458166590876e-10	-6.74458166590876e-10
869.241089	0.389815	-0.446378	4.67503579115649e-09	6.96913180700125e-10	-6.96913180700125e-10
869.962788	0.486498	-0.331884	4.72805381671918e-09	7.16396744123735e-10	-7.16396744123735e-10
871.032134	0.415245	-0.582849	3.93707799218281e-09	5.86904910189851e-10	-5.86904910189851e-10
872.006697	0.509942	-0.559318	3.69236475579078e-09	5.5042523623627e-10	-5.5042523623627e-10
873.241273	0.634622	-0.724635	2.91029008342806e-09	4.338404253856e-10	-4.338404253856e-10
874.234011	0.326851	-0.358115	5.73478323910165e-09	8.54891030101825e-10	-8.54891030101825e-10
874.949842	0.372475	-0.388979	5.07235347634471e-09	7.68565205593842e-10	-7.68565205593842e-10
875.810959	0.468526	-0.488642	3.96880135449989e-09	6.11319302784083e-10	-6.11319302784083e-10
876.898738	0.540741	-0.619254	3.27889145192479e-09	5.05051684678838e-10	-5.05051684678838e-10
877.964730	0.560007	-0.525250	3.59547071591741e-09	5.35981110334716e-10	-5.35981110334716e-10
879.062281	0.435635	-0.537545	4.01332250178987e-09	5.98270832842009e-10	-5.98270832842009e-10
880.065335	0.565890	-0.567418	3.44289355042635e-09	5.13236255559297e-10	-5.13236255559297e-10
881.216558	0.565766	-0.585333	3.3871439528098e-09	5.04925635132176e-10	-5.04925635132176e-10
882.621151	0.511536	-0.838827	2.8914646239993e-09	4.31034091601893e-10	-4.31034091601893e-10
883.744389	0.623017	-0.611702	3.0121007125504e-09	4.79669109642139e-10	-4.79669109642139e-10
884.953051	0.569006	-0.585646	3.30223351138857e-09	5.08647075742686e-10	-5.08647075742686e-10
885.952605	0.441193	-0.430548	4.43035895624197e-09	6.7128988522289e-10	-6.7128988522289e-10
886.964272	0.495227	-0.570473	3.57569255284405e-09	5.5076832100574e-10	-5.5076832100574e-10
888.065894	0.692373	-0.606395	3.00977717124619e-09	4.48671097266258e-10	-4.48671097266258e-10
889.169402	0.316530	-0.411136	5.40507242540791e-09	8.18978947885343e-10	-8.18978947885343e-10
890.013955	0.493199	-0.528023	3.96003372585423e-09	5.90326986718419e-10	-5.90326986718419e-10
890.880119	0.472123	-0.372964	4.7585089296534e-09	7.09356663778277e-10	-7.09356663778277e-10
891.816334	0.485966	-0.464092	4.18591149948917e-09	6.23998861914896e-10	-6.23998861914896e-10
892.848823	0.455128	-0.546524	3.80333424444043e-09	5.85832235289308e-10	-5.85832235289308e-10
893.865836	0.521597	-0.561884	3.61145403667234e-09	5.38363811179116e-10	-5.38363811179116e-10
894.834370	0.506670	-0.446937	4.0609583869118e-09	6.15318202774451e-10	-6.15318202774451e-10
895.676622	0.361838	-0.335583	5.62622912399389e-09	8.38708691200629e-10	-8.38708691200629e-10
896.518874	0.579947	-0.480415	3.692858894131e-09	5.5049889934184e-10	-5.5049889934184e-10
897.689443	0.498190	-0.590622	3.58991618439283e-09	5.35153071615388e-10	-5.35153071615388e-10
898.653004	0.408183	-0.465371	4.47489070962904e-09	6.67077311202389e-10	-6.67077311202389e-10
899.728498	0.473114	-0.667310	3.3863276480904e-09	5.1309786366034e-10	-5.1309786366034e-10
900.631382	0.628815	-0.429770	3.69227730303487e-09	5.50412215532924e-10	-5.50412215532924e-10
901.839630	0.621461	-0.579433	3.26678498895671e-09	4.94984711094941e-10	-4.94984711094941e-10
903.255567	0.564782	-0.794475	3.02971020169924e-09	4.51642539798681e-10	-4.51642539798681e-10
904.269657	0.466945	-0.449309	4.54776669346961e-09	6.77940994781547e-10	-6.77940994781547e-10
905.471621	0.636693	-0.735018	2.99038772757169e-09	4.45780649199983e-10	-4.45780649199983e-10
906.720994	0.670075	-0.612680	3.14393571324131e-09	4.6867030032409e-10	-4.6867030032409e-10
908.024061	0.646186	-0.632992	3.07372636481931e-09	4.65732358786273e-10	-4.65732358786273e-10
909.355339	0.635020	-0.685093	2.94166116582293e-09	4.45721770687888e-10	-4.45721770687888e-10
910.771616	0.755898	-0.781257	2.51150197591374e-09	3.80543895418143e-10	-3.80543895418143e-10
912.245731	0.719323	-0.718217	2.70794779349228e-09	4.10309449510602e-10	-4.10309449510602e-10
913.721179	0.681415	-0.756124	2.73205804241016e-09	4.13962607595749e-10	-4.13962607595749e-10
915.062681	0.998066	-0.660087	2.38434907263872e-09	3.61277573000318e-10	-3.61277573000318e-10
916.837020	0.670162	-0.776274	2.7596402361885e-09	4.18141873021497e-10	-4.18141873021497e-10
918.212070	0.734407	-0.704888	2.81708207026187e-09	4.2684550151329e-10	-4.2684550151329e-10
919.832994	0.647080	-0.886517	2.850752610415e-09	4.24965122655164e-10	-4.24965122655164e-10
921.154549	0.763064	-0.674475	3.12295799425442e-09	4.81033005813405e-10	-4.81033005813405e-10
922.784071	0.704517	-0.866458	2.7649943270613e-09	4.12181058071329e-10	-4.12181058071329e-10
924.241715	0.778707	-0.753127	2.63408300703319e-09	3.92665865790765e-10	-3.92665865790765e-10
925.703100	0.628543	-0.682678	2.95094486671859e-09	4.54537620873485e-10	-4.54537620873485e-10
927.029626	0.540274	-0.697983	3.25406323333909e-09	4.85087093997428e-10	-4.85087093997428e-10
928.143285	0.600842	-0.573386	3.35514684993181e-09	5.25436141214694e-10	-5.25436141214694e-10
929.516993	0.413819	-0.772866	3.71364376310725e-09	5.53597311967116e-10	-5.53597311967116e-10
930.675691	0.639265	-0.744878	3.22960538660916e-09	4.97460098375857e-10	-4.97460098375857e-10
932.216945	0.991008	-0.901990	2.17917588432512e-09	3.41272050047531e-10	-3.41272050047531e-10
934.137863	0.890130	-0.929909	2.19467017722344e-09	3.28786043398871e-10	-3.28786043398871e-10
935.572306	0.435983	-0.544312	4.00964715207075e-09	6.07543493697159e-10	-6.07543493697159e-10
936.552747	0.670690	-0.544458	3.30597200400054e-09	4.92825238750026e-10	-4.92825238750026e-10
938.397954	0.878603	-1.174517	1.9355599104626e-09	2.98136636721902e-10	-2.98136636721902e-10
940.363029	0.970195	-1.086472	1.98587594717726e-09	3.00900781642664e-10	-3.00900781642664e-10
942.261507	0.838383	-0.928283	2.36625096575963e-09	3.52739834699897e-10	-3.52739834699897e-10
944.055810	1.020682	-0.955920	2.1090613948842e-09	3.14400304830956e-10	-3.14400304830956e-10
945.917753	1.153148	-0.841261	2.0563030053159e-09	3.11571920496433e-10	-3.11571920496433e-10
948.208747	1.013126	-1.137846	1.83443173505937e-09	2.87283009121209e-10	-2.87283009121209e-10
950.298365	0.999739	-1.076492	1.92680209832795e-09	2.91949905467063e-10	-2.91949905467063e-10
952.683015	1.016896	-1.384912	1.68313452873943e-09	2.50906885255864e-10	-2.50906885255864e-10
954.700603	1.153838	-1.000692	1.89084420738874e-09	2.86501538208574e-10	-2.86501538208574e-10
957.069133	1.299224	-1.214692	1.68177725982368e-09	2.50704563567668e-10	-2.50704563567668e-10
959.592431	1.293380	-1.224075	1.81446723564586e-09	2.70484784751803e-10	-2.70484784751803e-10
962.161502	1.323603	-1.275691	1.90224982835663e-09	2.8822974596238e-10	-2.8822974596238e-10
964.600197	0.664041	-1.115092	2.66939755322363e-09	4.04468281156967e-10	-4.04468281156967e-10
966.595684	1.250069	-1.331446	1.70229462556545e-09	2.62206496985275e-10	-2.62206496985275e-10
969.551069	1.349443	-1.705317	1.381982920979e-09	2.09398682271662e-10	-2.09398682271662e-10
972.609913	1.471689	-1.709401	1.30300594799152e-09	1.94240616058735e-10	-1.94240616058735e-10
975.607650	1.868499	-1.526048	1.21134389146356e-09	1.8354336946742e-10	-1.8354336946742e-10
978.603899	1.542729	-1.127750	1.67672142660675e-09	2.49950845675413e-10	-2.49950845675413e-10
982.101548	1.560648	-1.954919	1.31752587669551e-09	2.02940113537924e-10	-2.02940113537924e-10
984.907607	1.734597	-1.245412	1.45044525476074e-09	2.23413831486081e-10	-2.23413831486081e-10
988.490889	1.638416	-1.848685	1.1352742519992e-09	1.74867729705502e-10	-1.74867729705502e-10
992.020454	1.603058	-1.891148	1.12689532359497e-09	1.70747685685818e-10	-1.70747685685818e-10
995.528952	1.457113	-1.905440	1.14291703441306e-09	1.76044867793473e-10	-1.76044867793473e-10
998.490756	1.357915	-1.504691	1.36503704168313e-09	2.06831009363263e-10	-2.06831009363263e-10
1001.707475	1.811527	-1.858804	1.06112786471378e-09	1.63446778957084e-10	-1.63446778957084e-10
1004.982601	1.587615	-1.463599	1.30801970162835e-09	1.98191719079299e-10	-1.98191719079299e-10
1008.343114	1.810257	-1.772898	1.11977981402942e-09	1.66926895531451e-10	-1.66926895531451e-10
1012.174564	1.860856	-2.021193	9.96753429082065e-10	1.53531124436288e-10	-1.53531124436288e-10
1015.939996	1.790684	-1.904576	1.10458483669901e-09	1.64661779259652e-10	-1.64661779259652e-10
1019.196493	1.327405	-1.465813	1.52888366946446e-09	2.31657155588859e-10	-2.31657155588859e-10
1022.636821	1.991518	-2.112923	1.08888201497269e-09	1.62320946778073e-10	-1.62320946778073e-10
1025.976768	1.873570	-1.348428	8.63061592027653e-10	1.61480431358612e-10	-1.61480431358612e-10
1029.984597	1.948844	-2.134259	9.66046667120108e-10	1.46375810648387e-10	-1.46375810648387e-10
1033.828805	1.232332	-1.895364	8.7186293608937e-10	1.63127141350955e-10	-1.63127141350955e-10
1037.167973	2.310732	-2.106836	9.16836479654944e-10	1.41470899328042e-10	-1.41470899328042e-10
1041.135045	2.118982	-1.656340	1.14861458539344e-09	1.71225379043115e-10	-1.71225379043115e-10
1045.161274	1.652758	-1.907247	7.91517380308015e-10	1.44510610751758e-10	-1.44510610751758e-10
1048.706500	1.982485	-1.892467	6.68042912716315e-10	1.31395038067608e-10	-1.31395038067608e-10
1052.307412	2.080371	-1.618427	8.28673875775255e-10	1.43040882846875e-10	-1.43040882846875e-10
1056.312907	1.803920	-1.925124	6.90703276844378e-10	1.29231834178819e-10	-1.29231834178819e-10
1059.514806	1.818694	-1.397979	8.43079675291959e-10	1.53924631918245e-10	-1.53924631918245e-10
1062.893337	1.923685	-1.559837	7.92328681151225e-10	1.4824611385622e-10	-1.4824611385622e-10
1067.618762	1.622957	-2.801739	6.58730321509383e-10	1.18311475444721e-10	-1.18311475444721e-10
1072.110449	2.488209	-2.868729	4.81059158636372e-10	9.46178325995445e-11	-9.46178325995445e-11
1077.352045	2.260209	-2.753388	4.84108627874518e-10	9.76763718924555e-11	-9.76763718924555e-11
1083.466775	3.817064	-3.854521	3.15295468418522e-10	6.36156951321831e-11	-6.36156951321831e-11
NO	NO	NO	NO	NO	NO
!Time	Poserr	Negerr	Flux	PosErr	NegErr
!XRT pc mode data
172.991207	27.984845	-22.161484	2.50063283472787e-10	5.38260783375622e-11	-5.38260783375622e-11
222.186649	18.906462	-21.210598	2.98151531738404e-10	6.3566150923859e-11	-6.3566150923859e-11
250.306753	10.844859	-9.213641	5.26791820704848e-10	1.18414336503873e-10	-1.18414336503873e-10
282.514615	13.739437	-21.363003	3.32133979439323e-10	7.08669267643772e-11	-7.08669267643772e-11
312.196055	14.145777	-15.942003	3.47710069166528e-10	7.77503345763465e-11	-7.77503345763465e-11
344.604285	9.318046	-18.262454	3.95905796630092e-10	8.81510510986647e-11	-8.81510510986647e-11
365.402470	11.085682	-11.480138	4.87192780190811e-10	1.08476720164749e-10	-1.08476720164749e-10
384.854726	9.184646	-8.366574	5.88149656196138e-10	1.34325902263968e-10	-1.34325902263968e-10
410.281810	8.830721	-16.242439	4.27093315432896e-10	9.50952325328216e-11	-9.50952325328216e-11
430.460236	11.218135	-11.347705	4.85433813581467e-10	1.06461312490726e-10	-1.06461312490726e-10
453.182859	8.554073	-11.504487	5.1014341510526e-10	1.18405467721592e-10	-1.18405467721592e-10
468.867795	5.405677	-7.130863	8.22107139520963e-10	1.91852111645438e-10	-1.91852111645438e-10
480.610641	6.199450	-6.337170	1.31628060689423e-09	2.40470993894643e-10	-2.40470993894643e-10
493.945768	7.908204	-7.135676	1.2035094113491e-09	2.1028435136882e-10	-2.1028435136882e-10
505.692025	3.683887	-3.838053	2.18612245749447e-09	3.99382175079798e-10	-3.99382175079798e-10
512.460660	1.929912	-3.084748	2.74319477819105e-09	5.46790734454219e-10	-5.46790734454219e-10
1101.021064	6.393788	-6.142800	2.9278715035735e-10	6.42338702625492e-11	-6.42338702625492e-11
1114.249194	5.702258	-6.834342	3.09470855286312e-10	6.66577615030438e-11	-6.66577615030438e-11
1128.217378	6.777994	-8.265926	2.51854808093047e-10	5.69539719574355e-11	-5.69539719574355e-11
1143.638157	11.415795	-8.642785	2.10969158580003e-10	4.75564730355971e-11	-4.75564730355971e-11
1165.239863	12.379949	-10.185911	1.8566679438316e-10	4.0732946509588e-11	-4.0732946509588e-11
1198.234391	41.661101	-20.614579	1.04908922122928e-10	2.34583571346382e-11	-2.34583571346382e-11
1252.025103	20.465509	-12.129611	1.05230749909288e-10	2.42070958932591e-11	-2.42070958932591e-11
1341.179388	35.861324	-68.688776	6.77519916985538e-11	1.58586134365424e-11	-1.58586134365424e-11
1431.050516	18.761896	-54.009804	8.17271719808921e-11	1.81240706351204e-11	-1.81240706351204e-11
1511.793160	25.360872	-61.980748	5.89843059614207e-11	1.33386017523474e-11	-1.33386017523474e-11
1625.913977	63.312386	-88.759946	4.96730227655196e-11	9.71671859339183e-12	-9.71671859339183e-12
5548.777868	33.677104	-41.542416	5.76372400318564e-11	1.23796381873965e-11	-1.23796381873965e-11
5605.625062	29.483589	-23.170091	7.37305551460351e-11	1.68977922317536e-11	-1.68977922317536e-11
5686.820111	28.522720	-51.711460	5.41687842503404e-11	1.16346816778092e-11	-1.16346816778092e-11
5768.182634	42.438217	-52.839803	4.04151403813074e-11	9.14846761960527e-12	-9.14846761960527e-12
5846.809163	46.553108	-36.188312	4.45951120215629e-11	9.97180081309917e-12	-9.97180081309917e-12
5939.434759	36.668932	-46.072488	4.15068810200638e-11	9.4343278695828e-12	-9.4343278695828e-12
6023.442456	35.402636	-47.338764	4.19344583749643e-11	9.45352914483681e-12	-9.45352914483681e-12
6100.887876	55.742536	-42.042784	3.56321029072142e-11	8.00005382378669e-12	-8.00005382378669e-12
6197.465053	36.892079	-40.834641	4.55848596091456e-11	1.02346382582817e-11	-1.02346382582817e-11
6283.817654	50.832078	-49.460522	2.4523932920485e-11	5.52863321740366e-12	-5.52863321740366e-12
6363.463983	26.346708	-28.814252	3.62592316950746e-11	8.17549980443407e-12	-8.17549980443407e-12
6416.743579	28.228053	-26.932887	5.90601515268012e-11	1.33154503813506e-11	-1.33154503813506e-11
6478.788090	36.388402	-33.816458	5.03894848193118e-11	1.13596342221008e-11	-1.13596342221008e-11
6549.624816	28.234556	-34.448325	5.58937300226765e-11	1.26004890460295e-11	-1.26004890460295e-11
6626.334373	46.803019	-48.475001	3.90277119456009e-11	8.58285499980059e-12	-8.58285499980059e-12
6702.334318	20.949434	-29.196926	7.13882847901907e-11	1.61595867628493e-11	-1.61595867628493e-11
6768.872119	44.675053	-45.588367	3.96749923951042e-11	8.98088179955794e-12	-8.98088179955794e-12
6880.546738	40.815094	-66.999566	3.33155263838463e-11	7.51054779610159e-12	-7.51054779610159e-12
6959.131833	22.405658	-37.770002	4.674892510553e-11	1.03219318890248e-11	-1.03219318890248e-11
7003.462810	25.713761	-21.925318	3.91189375722905e-11	8.78367365753924e-12	-8.78367365753924e-12
7051.476344	27.846568	-22.299772	3.6742856912132e-11	8.25012210585489e-12	-8.25012210585489e-12
7122.194378	31.643374	-42.871466	3.83551182052355e-11	8.61212128450524e-12	-8.61212128450524e-12
7272.096628	198.399216	-118.258876	3.00042626168568e-11	5.52667398147865e-12	-5.52667398147865e-12
11333.762442	50.810370	-41.960379	3.75718007252385e-11	8.53459286300102e-12	-8.53459286300102e-12
11433.808609	46.042282	-49.235798	3.62531474077814e-11	8.33401773980992e-12	-8.33401773980992e-12
11530.191175	72.518217	-50.340283	2.88160075895289e-11	6.57165531441318e-12	-6.57165531441318e-12
11650.176298	50.318413	-47.466907	3.72836404772684e-11	8.43563120087814e-12	-8.43563120087814e-12
11746.463320	56.831352	-45.968608	3.83466508454154e-11	8.71057196506158e-12	-8.71057196506158e-12
11856.351081	29.684971	-53.056409	5.01908888896783e-11	1.09525279722362e-11	-1.09525279722362e-11
11928.373370	42.911402	-42.337318	2.7098341566489e-11	6.15760646633034e-12	-6.15760646633034e-12
11998.916572	20.007220	-27.631800	4.48548460991347e-11	9.86302541331902e-12	-9.86302541331902e-12
12052.003563	32.110389	-33.079771	2.87886653966837e-11	6.48912388755263e-12	-6.48912388755263e-12
12132.227634	54.686257	-48.113683	2.40740061100253e-11	5.4703252887377e-12	-5.4703252887377e-12
12267.952954	66.892617	-81.039063	2.39546514210381e-11	5.50679094406769e-12	-5.50679094406769e-12
12386.203907	53.948945	-51.358335	3.41974105707101e-11	7.7069387422338e-12	-7.7069387422338e-12
17079.674750	22.511802	-32.649178	3.63405027063447e-11	7.9819891530162e-12	-7.9819891530162e-12
17133.012162	49.408569	-30.825611	2.37064170595575e-11	5.33729830962635e-12	-5.33729830962635e-12
17226.640757	30.999534	-44.220026	2.60788648568104e-11	5.74691875951067e-12	-5.74691875951067e-12
17288.052551	37.285321	-30.412259	3.03501609526928e-11	6.47067663067201e-12	-6.47067663067201e-12
17369.085428	33.979264	-43.747556	2.65103530976702e-11	5.66958857090295e-12	-5.66958857090295e-12
17432.895583	20.315429	-29.830891	3.77117907505281e-11	8.46145811650961e-12	-8.46145811650961e-12
17502.465227	35.994544	-49.254216	2.23457309402329e-11	5.03101391965304e-12	-5.03101391965304e-12
17574.802451	33.862181	-36.342679	2.70529469225617e-11	6.06992632346223e-12	-6.06992632346223e-12
17663.573367	42.876544	-54.908736	2.10482627098595e-11	4.52963842331023e-12	-4.52963842331023e-12
17758.456188	55.808304	-52.006276	1.72654017617208e-11	3.91406455530217e-12	-3.91406455530217e-12
17857.173469	32.310523	-42.908977	2.59912773507016e-11	5.76536928773856e-12	-5.76536928773856e-12
17929.340802	30.347989	-39.856811	2.7015395566503e-11	6.04085406110382e-12	-6.04085406110382e-12
18001.537477	40.892775	-41.848685	2.29701760556763e-11	5.13626987488177e-12	-5.13626987488177e-12
18068.031620	29.559631	-25.601369	3.61344299006955e-11	7.91092212539639e-12	-7.91092212539639e-12
18164.758949	48.168883	-67.167697	1.64163428378037e-11	3.69605772835787e-12	-3.69605772835787e-12
18274.683307	56.079865	-61.755475	1.7663048336868e-11	3.80118461055782e-12	-3.80118461055782e-12
22883.595682	50.419730	-57.394979	1.7689104752892e-11	3.9828519413086e-12	-3.9828519413086e-12
22986.649548	55.180484	-52.634136	1.79741869538429e-11	4.06109247534305e-12	-4.06109247534305e-12
23100.360148	36.747903	-58.530117	2.19595495949172e-11	4.96148538263455e-12	-4.96148538263455e-12
23205.200560	44.736731	-68.092509	2.02629196013264e-11	4.46559299461104e-12	-4.46559299461104e-12
23294.391550	55.838342	-44.454258	2.13363075247792e-11	4.70219629421659e-12	-4.70219629421659e-12
23406.118688	54.433064	-55.888796	1.67503563426079e-11	3.8244204780547e-12	-3.8244204780547e-12
23496.525616	26.709016	-35.973864	2.96474533079373e-11	6.62933608946864e-12	-6.62933608946864e-12
23587.281858	38.752694	-64.047226	1.78534566442756e-11	4.0338006629621e-12	-4.0338006629621e-12
23706.181428	45.218903	-80.146877	1.54216972963382e-11	3.38751873969977e-12	-3.38751873969977e-12
23825.211072	79.135540	-73.810740	1.20123598508844e-11	2.71406641090686e-12	-2.71406641090686e-12
23963.103100	74.131252	-58.756488	1.39595154050455e-11	3.13225934492257e-12	-3.13225934492257e-12
24101.899918	53.178353	-64.665567	1.57303754717459e-11	3.54176594713184e-12	-3.54176594713184e-12
24212.885193	65.051679	-57.806921	1.73391066606698e-11	3.67205242094111e-12	-3.67205242094111e-12
28687.701803	30.219068	-32.463840	4.24806336453259e-11	9.53860224939269e-12	-9.53860224939269e-12
28772.697625	35.486627	-54.776753	2.90294756423091e-11	6.5455847158431e-12	-6.5455847158431e-12
28902.177335	63.967777	-93.993084	1.44536420524657e-11	3.20474006284728e-12	-3.20474006284728e-12
29002.865977	51.035115	-36.720865	2.1676264701017e-11	4.88753916696059e-12	-4.88753916696059e-12
29119.939137	79.386135	-66.038045	1.41918330277784e-11	3.19995599044597e-12	-3.19995599044597e-12
29252.205651	82.514581	-52.880379	1.67338583344679e-11	3.78895938597432e-12	-3.78895938597432e-12
29416.435187	51.172645	-81.714955	1.68141669267714e-11	3.80717432225325e-12	-3.80717432225325e-12
29525.258914	50.163478	-57.651083	1.99558294406714e-11	4.49965940099674e-12	-4.49965940099674e-12
29670.790374	80.144017	-95.367982	1.12864069973753e-11	2.56632451472763e-12	-2.56632451472763e-12
29819.176626	67.152825	-68.242235	1.50875502722839e-11	3.27856686136238e-12	-3.27856686136238e-12
30005.762389	71.123122	-119.432938	9.52691754642416e-12	2.20341376480225e-12	-2.20341376480225e-12
30177.222108	77.682964	-100.336597	1.54363130092634e-11	2.89279617722098e-12	-2.89279617722098e-12
42007.802677	140.394866	-100.305934	1.01345471411258e-11	2.0291553309984e-12	-2.0291553309984e-12
46082.342645	65.505067	-69.889741	1.51034918175409e-11	3.36065367521457e-12	-3.36065367521457e-12
46279.594974	93.910657	-131.747263	6.46988896682697e-12	1.70736644755374e-12	-1.70736644755374e-12
46459.985116	76.495656	-86.479484	1.19916070550818e-11	2.70328487876036e-12	-2.70328487876036e-12
46622.791455	74.157096	-86.310684	8.94613594374933e-12	2.32241360237102e-12	-2.32241360237102e-12
46765.873732	84.020799	-68.925181	1.22227059659593e-11	2.75539910004994e-12	-2.75539910004994e-12
46942.544021	100.413471	-92.649489	6.91770907346401e-12	1.84593465989797e-12	-1.84593465989797e-12
47106.705539	94.212632	-63.748048	8.43491515623076e-12	2.2016962470659e-12	-2.2016962470659e-12
47281.033026	87.875166	-80.114854	7.8394169529026e-12	2.05741516382854e-12	-2.05741516382854e-12
47516.788089	413.227854	-147.879897	1.04048357760076e-11	1.75038878410637e-12	-1.75038878410637e-12
51784.749041	101.725131	-76.294137	8.22164051135468e-12	2.084434209776e-12	-2.084434209776e-12
52015.023300	134.718632	-128.549128	5.21579915516499e-12	1.36183134733352e-12	-1.36183134733352e-12
52243.752054	94.038258	-94.010122	7.86187429066841e-12	1.98619550673524e-12	-1.98619550673524e-12
52426.107296	69.643656	-88.316984	8.88017707048254e-12	2.30994513055094e-12	-2.30994513055094e-12
52641.844731	152.276441	-146.093779	4.66481495700442e-12	1.23182579472486e-12	-1.23182579472486e-12
52888.297023	71.306888	-94.175852	8.53646761946815e-12	2.2542291287842e-12	-2.2542291287842e-12
53067.637862	112.609830	-108.033950	6.4017021716662e-12	1.69691698575353e-12	-1.69691698575353e-12
53272.576900	78.168351	-92.329209	8.55743969947131e-12	2.21776260393259e-12	-2.21776260393259e-12
53467.175469	233.348943	-116.430217	6.83563442930717e-12	1.50766075818634e-12	-1.50766075818634e-12
57526.125353	73.351779	-82.101621	1.35854848029193e-11	3.07483056158377e-12	-3.07483056158377e-12
57795.708396	152.285355	-196.231265	4.53686398110168e-12	1.19441045347494e-12	-1.19441045347494e-12
58082.099964	124.147028	-134.106212	6.13800117793307e-12	1.62662705604714e-12	-1.62662705604714e-12
58399.968794	127.214337	-193.721803	5.02242459816255e-12	1.3222891287116e-12	-1.3222891287116e-12
58623.942181	91.289651	-96.759049	1.15648089445578e-11	2.61752191576704e-12	-2.61752191576704e-12
58840.971722	127.499110	-125.739890	6.4482216808745e-12	1.68114554471178e-12	-1.68114554471178e-12
59072.055932	179.731099	-103.585101	6.82364106500012e-12	1.63972291744293e-12	-1.63972291744293e-12
69628.029473	129.183098	-154.143362	4.98751849607967e-12	1.30588445849328e-12	-1.30588445849328e-12
69841.819182	98.427329	-84.606611	8.18033236764065e-12	2.08580284991139e-12	-2.08580284991139e-12
70046.261182	122.151049	-106.014671	6.12667228235247e-12	1.62129602579634e-12	-1.62129602579634e-12
70293.820592	137.859939	-125.408360	5.38148377251976e-12	1.40412322851416e-12	-1.40412322851416e-12
70575.178585	104.718827	-143.498053	6.09578891463247e-12	1.54409655225154e-12	-1.54409655225154e-12
75442.187839	177.146513	-161.340827	6.56326125751617e-12	1.71290588185377e-12	-1.71290588185377e-12
76030.944923	408.274688	-411.610572	3.9388851963971e-12	8.62977708269086e-13	-8.62977708269086e-13
104477.654442	281.552509	-337.750591	3.98057651203876e-12	9.32743256583517e-13	-9.32743256583517e-13
121878.375304	640.986887	-577.560913	2.59838147659547e-12	4.98742899569017e-13	-4.98742899569017e-13
127376.481054	217.479517	-316.577263	2.7235644337155e-12	7.09768614827232e-13	-7.09768614827232e-13
128043.575773	475.583099	-449.615201	2.48715565331823e-12	5.1916107084512e-13	-5.1916107084512e-13
133577.867371	688.980272	-569.568020	1.58764664798338e-12	3.87038237568088e-13	-3.87038237568088e-13
139317.411156	713.192696	-608.160624	2.25906443481873e-12	4.38071876619998e-13	-4.38071876619998e-13
145044.652059	808.672672	-683.170828	1.57076233078317e-12	3.34251724406268e-13	-3.34251724406268e-13
156547.806493	712.590699	-786.774881	2.09899379510648e-12	4.69377335338348e-13	-4.69377335338348e-13
192997.040330	9113.815662	-2472.337978	1.79716439787468e-12	4.84436681095101e-13	-4.84436681095101e-13
202649.397207	629.860445	-538.541215	1.78984703951937e-12	4.37509384515222e-13	-4.37509384515222e-13
211836.131292	3325.003020	-4036.262780	1.02103534268282e-12	2.09007870105463e-13	-2.09007870105463e-13
221795.218758	4938.811233	-2536.516567	9.84127251694855e-13	2.4151964647048e-13	-2.4151964647048e-13
289437.692556	6182.231776	-12571.460044	5.79499377555884e-13	1.32894902452554e-13	-1.32894902452554e-13
325714.741189	102242.301003	-25740.661157	4.52684132472743e-13	7.13834463384029e-14	-7.13834463384029e-14
615718.842116	49188.790516	-50488.965964	2.97647182283388e-13	6.31756875596579e-14	-6.31756875596579e-14
777830.529110	118089.510582	-56707.030778	1.94383491944033e-13	5.77186551742293e-14	-5.77186551742293e-14
1012450.607057	160485.127114	-112117.125874	1.34497419992749e-13	4.03394585744411e-14	-4.03394585744411e-14
1343591.132973	98918.380418	-147764.232910	1.41627639062808e-13	4.12185266789689e-14	-4.12185266789689e-14
