 ! Swift/XRT lightcurve of trigger: 554620, name: GRB 130427A
 ! T0 for this burst is Swift MET=388741688.0 s, = 2013 Apr 27 at 07:47:57.550 UT
 ! Data covers 0.3-10 keV
 ! The data are in 5 columns:  ! time, time error (+ve), time error (-ve), source flux, source error
 ! For a detailed description of light curve production, see Evans et al. 2007 (A&A, 469, 379 )
 ! For a detailed description of the file, see
 ! http://www.swift.ac.uk/xrt_curves/docs.php
 ! This lightcurve was obtained from http://www.swift.ac.uk/xrt_curves/00554620
 ! BINMODE: GRB
READ TERR 1
READ SERR 2
! WTSLEW data
!TIME		Err (pos)	Err(neg)	Flux		Error
131.094506675368	0.0984863266733669	-0.143461655843623	9.8460760665062e-07	2.12304567363006e-07
131.262790818944	0.0583001941142811	-0.0697978169027067	1.88466554697702e-06	4.06751465445976e-07
131.472114453164	0.298988528506129	-0.151023440105888	5.63081761539692e-07	1.21525186280155e-07
131.957314391333	0.151816604043916	-0.186211409663088	6.96632156067724e-07	1.50278827764792e-07
132.232365484312	0.0991535401632007	-0.123234488934798	9.86224253569652e-07	2.12653154477715e-07
132.447109567663	0.174448459707293	-0.115590543187693	7.01851192316036e-07	1.51474621827442e-07
132.781932785554	0.163427236140393	-0.160374758183622	3.74492949782943e-07	8.35748135399736e-08
133.114932093044	0.147112889968611	-0.169572071350387	3.8010939167631e-07	8.48282232083488e-08
133.411155572071	0.160446431605692	-0.149110589058296	3.8953224107583e-07	8.69311009315116e-08
133.724452364623	0.167387633247642	-0.15285036094636	3.75056083842563e-07	8.36204658636924e-08
134.056908729481	0.181855275329269	-0.165068731609722	3.97730019370683e-07	8.76333892185048e-08
134.391955565882	0.197274451882691	-0.153191561072305	3.97219241963632e-07	8.7328027759312e-08
134.716087189002	0.177373816788531	-0.126857171237475	3.98070021682498e-07	8.8836459691032e-08
135.058775138855	0.149591868026562	-0.165314133064442	3.71383294045904e-07	8.28808381298968e-08
135.400274399646	0.153244627690469	-0.19190739276354	3.49098706829258e-07	7.79076331002e-08
135.773874652238	0.192404334795583	-0.220355624902396	4.26456500598552e-07	9.20385088195912e-08
136.108582691043	0.167264283909674	-0.14230370400935	3.89429620324742e-07	8.67435441291636e-08
136.435766572648	0.14253344338087	-0.159919597695108	3.90999236044357e-07	8.71750644207696e-08
136.743844353469	0.149347656559684	-0.165544337440338	3.98366990556107e-07	8.8415271156458e-08
137.085437897578	0.216954125135203	-0.192245887548779	3.92811004441819e-07	8.52887198365436e-08
137.470960178725	0.165908791771784	-0.168568156012213	3.46474795252076e-07	7.7248137111056e-08
137.794289478726	0.146947510875293	-0.157420508228711	3.78600289015989e-07	8.44914399030232e-08
138.144011012884	0.209983969462257	-0.202774023282757	4.24733085927912e-07	9.1666558770428e-08
138.570034733272	0.202056254989543	-0.216039750926456	4.12656580208192e-07	8.90601884216724e-08
138.956687559095	0.215706435339285	-0.184596570832696	4.29634735058948e-07	9.27244403507168e-08
139.493554591869	0.300640404488092	-0.321160597434925	3.53359546415145e-07	7.51321949996992e-08
NO	NO	NO	NO	NO
! WT data
!TIME		Err (pos)	Err(neg)	Flux		Error
145.036952	1.158909	-1.081000	5.3375427216e-07	5.239068156e-08
147.151783	1.074064	-0.955922	6.1846301044e-07	5.761637192e-08
149.280537	1.044688	-1.054690	6.10590445e-07	5.569362736e-08
151.754797	1.424001	-1.429572	4.2040593948e-07	4.114493692e-08
154.548336	1.400573	-1.369538	4.4652867216e-07	4.230455412e-08
157.178976	1.491982	-1.230067	3.2845779668e-07	3.76567576e-08
160.275963	1.641913	-1.605006	3.7509405012e-07	3.61144522e-08
163.336586	1.534631	-1.418710	4.1679431748e-07	3.967424988e-08
166.097590	1.262616	-1.226372	3.1399231368e-07	3.865188156e-08
168.866018	1.200244	-1.505813	2.8770182196e-07	3.557400148e-08
171.231341	1.309696	-1.165079	3.2618525148e-07	3.87689878e-08
174.138352	1.526828	-1.597316	2.5404923976e-07	3.077005236e-08
177.138571	1.538657	-1.473390	2.5895332572e-07	3.1924081e-08
180.155233	1.738662	-1.478006	2.4708095332e-07	2.988233944e-08
183.652467	1.815708	-1.758572	2.1947649616e-07	2.689731864e-08
187.299453	1.995597	-1.831278	2.0893738336e-07	2.508586024e-08
191.099608	1.961848	-1.804558	2.1735854524e-07	2.550395624e-08
194.309437	0.758882	-1.247981	2.3894014612e-07	2.767725852e-08
195.910539	0.730548	-0.842221	2.3180385344e-07	2.636533624e-08
197.388818	0.890833	-0.747732	2.1759744216e-07	2.551719036e-08
199.106826	0.809605	-0.827174	2.1896375224e-07	2.543728084e-08
200.948158	0.896854	-1.031727	1.8516117096e-07	2.15679052e-08
202.807586	0.916191	-0.962574	1.9288850868e-07	2.211286108e-08
204.672368	0.835866	-0.948591	1.8038950076e-07	2.116153316e-08
206.311784	0.758520	-0.803550	2.0885479876e-07	2.389666916e-08
207.783902	0.814660	-0.713597	2.1293248436e-07	2.44338696e-08
209.555985	0.866183	-0.957424	1.7278507024e-07	2.053906784e-08
211.226490	0.846699	-0.804321	2.0131810492e-07	2.257642892e-08
212.956764	0.893794	-0.883575	1.8746157884e-07	2.096285096e-08
214.870301	1.017365	-1.019743	1.6140180004e-07	1.83082404e-08
216.884338	1.147156	-0.996671	1.4448636016e-07	1.748767428e-08
219.244258	1.224637	-1.212764	1.288053288e-07	1.53569676e-08
221.401693	0.961970	-0.932798	1.7269451208e-07	1.970230196e-08
223.405071	0.945887	-1.041409	1.6458344996e-07	1.87769304e-08
225.206773	0.900191	-0.855814	1.8776903168e-07	2.123813832e-08
226.923001	0.884802	-0.816038	2.0228731212e-07	2.181279592e-08
229.008501	1.000061	-1.200698	1.4315583816e-07	1.701702276e-08
231.056654	0.974783	-1.048092	1.5832184632e-07	1.84883564e-08
233.052467	1.056989	-1.021030	1.57335842e-07	1.79500682e-08
235.163848	1.222902	-1.054392	1.4444046144e-07	1.638427012e-08
237.449521	1.111330	-1.062771	1.4603731188e-07	1.72054426e-08
239.868565	1.206162	-1.307714	1.24581424e-07	1.489790576e-08
242.334381	1.152851	-1.259654	1.2921364744e-07	1.554499188e-08
244.873305	1.250602	-1.386074	1.2410075996e-07	1.415835756e-08
247.391162	1.593587	-1.267254	1.0841137756e-07	1.312139676e-08
250.529531	1.734131	-1.544782	9.815965884e-08	1.13957458e-08
253.500999	1.239205	-1.237337	1.2516993592e-07	1.514974196e-08
256.420936	1.358031	-1.680731	1.0049312908e-07	1.238767452e-08
259.145549	1.478225	-1.366582	1.1404966832e-07	1.312516372e-08
262.019344	1.943855	-1.395570	9.409689536e-08	1.121881356e-08
265.741401	1.511404	-1.778202	9.8919318e-08	1.135092996e-08
268.875956	1.712723	-1.623152	9.804847332e-08	1.118611476e-08
272.285307	1.671232	-1.696628	9.768019108e-08	1.108012688e-08
275.737774	1.990373	-1.781235	8.4275673e-08	9.92897112e-09
279.858276	2.114863	-2.130129	7.571534504e-08	8.81588616e-09
284.278814	2.597611	-2.305675	6.477985752e-08	7.63206408e-09
289.270528	2.436225	-2.394102	6.79446972e-08	7.72934064e-09
294.190995	2.228641	-2.484242	6.791979348e-08	7.93147236e-09
299.142814	2.247711	-2.723178	6.473711356e-08	7.53764012e-09
304.062389	3.202799	-2.671864	5.239287356e-08	6.39936068e-09
309.822735	2.247892	-2.557547	6.752553728e-08	7.77103296e-09
314.985942	3.131917	-2.915314	5.336473788e-08	6.17724404e-09
321.051860	2.451419	-2.934001	5.946857488e-08	6.94456408e-09
326.574076	3.156144	-3.070797	5.366740496e-08	5.98435228e-09
332.651450	2.670566	-2.921230	6.003341756e-08	6.65648516e-09
338.999623	4.170125	-3.677607	3.965101164e-08	4.7846074e-09
346.370675	3.337348	-3.200927	3.279495232e-08	4.66979856e-09
353.113510	3.798199	-3.405487	4.387863428e-08	5.20036292e-09
360.362468	4.284873	-3.450759	3.99728804e-08	4.85274068e-09
368.558442	4.804835	-3.911102	3.488799592e-08	4.31385804e-09
376.831473	3.312069	-3.468196	4.841357424e-08	5.50749392e-09
383.592529	4.364912	-3.448987	4.306880052e-08	4.76202332e-09
391.396944	3.406577	-3.439504	3.11993088e-08	4.46219004e-09
397.984491	3.022847	-3.180970	3.402670504e-08	4.93174112e-09
403.402065	1.375231	-2.394727	3.59761932e-08	4.71088692e-09
405.259079	0.615929	-0.481783	3.492263768e-08	4.48240392e-09
406.564817	0.616075	-0.689809	2.967145624e-08	3.7649006e-09
407.716837	0.693435	-0.535946	3.001458792e-08	4.09573932e-09
408.987754	0.607421	-0.577481	3.294492156e-08	4.13278968e-09
410.307906	0.651862	-0.712731	2.683565664e-08	3.6519882e-09
411.570093	0.656401	-0.610324	2.975555344e-08	3.90878476e-09
412.805667	0.532785	-0.579173	3.41606182e-08	4.43556684e-09
413.799738	0.611531	-0.461286	3.45677366e-08	4.64879916e-09
415.177611	0.600020	-0.766342	2.808212492e-08	3.60440776e-09
416.460058	0.737294	-0.682427	2.627784644e-08	3.4925722e-09
417.924593	0.680068	-0.727241	2.530682036e-08	3.57028564e-09
419.308681	0.665913	-0.704019	2.62117438e-08	3.6535076e-09
420.730410	0.587429	-0.755816	2.80363176e-08	3.6829404e-09
421.983527	0.601056	-0.665688	3.030265108e-08	3.8894176e-09
423.227104	0.638435	-0.642522	2.919131436e-08	3.8797994e-09
424.469350	0.648698	-0.603812	3.087588832e-08	3.91772652e-09
425.622389	0.644979	-0.504341	3.217433696e-08	4.3269258e-09
426.968435	0.793386	-0.701066	2.611364452e-08	3.27583724e-09
428.524046	0.689543	-0.762225	2.546310596e-08	3.4243742e-09
429.913047	0.700704	-0.699458	2.664719976e-08	3.54166272e-09
431.177645	0.480458	-0.563894	3.539510664e-08	4.760067e-09
432.210477	0.598725	-0.552374	3.336960964e-08	4.28306904e-09
433.581645	0.844789	-0.772443	2.224949356e-08	3.10123184e-09
435.196990	0.841327	-0.770555	2.24890632e-08	3.09720292e-09
436.699675	0.502187	-0.661359	3.17739382e-08	4.27307868e-09
438.218763	0.847611	-1.016901	1.945486652e-08	2.67933212e-09
439.809482	0.662407	-0.743108	2.704287688e-08	3.5113676e-09
441.177412	0.660851	-0.705523	2.833642072e-08	3.59550292e-09
442.543907	0.690956	-0.705644	2.847065592e-08	3.54378384e-09
444.057585	0.710891	-0.822722	2.388997716e-08	3.25111908e-09
445.557433	0.764227	-0.788957	2.38285232e-08	3.2045494e-09
447.071235	0.632801	-0.749575	2.774606952e-08	3.56127424e-09
448.322689	0.715687	-0.618653	2.927954876e-08	3.67298544e-09
449.787806	0.871341	-0.749430	2.260918228e-08	3.07681932e-09
451.377119	0.680427	-0.717972	2.642057456e-08	3.5531382e-09
452.772598	0.710035	-0.715052	2.59316528e-08	3.48738616e-09
454.494391	0.875881	-1.011758	1.756187948e-08	2.70309996e-09
455.933375	0.582658	-0.563103	3.381974024e-08	4.29126092e-09
457.253237	0.549110	-0.737204	2.982301704e-08	3.82785544e-09
458.518946	0.768978	-0.716598	2.583889824e-08	3.31648428e-09
460.103463	0.686033	-0.815539	2.442724216e-08	3.32423392e-09
461.647029	0.983846	-0.857534	2.0285824e-08	2.6961762e-09
463.395793	1.028463	-0.764918	2.023359936e-08	2.78657952e-09
465.250018	0.850166	-0.825762	2.268480352e-08	2.94549592e-09
467.036289	0.953330	-0.936105	1.922291024e-08	2.647387e-09
468.792888	0.753473	-0.803269	2.404566408e-08	3.19589424e-09
470.113096	0.696450	-0.566735	2.902596e-08	3.95006036e-09
471.788827	0.908346	-0.979280	1.9599966e-08	2.63587712e-09
473.546679	0.758809	-0.849506	2.392355824e-08	3.0706458e-09
475.160721	0.747767	-0.855233	2.330441632e-08	3.09737544e-09
476.781915	0.809632	-0.873428	2.221376196e-08	2.95241724e-09
478.255705	0.607922	-0.664158	2.98877074e-08	3.88075304e-09
479.692666	0.727698	-0.829039	2.418813712e-08	3.17743112e-09
481.264707	0.922336	-0.844343	2.130389676e-08	2.79854808e-09
483.016385	0.839462	-0.829342	2.259221196e-08	2.96778528e-09
484.605021	0.843119	-0.749174	2.277109716e-08	3.13604476e-09
486.362406	0.701187	-0.914266	2.271619264e-08	3.09138208e-09
488.091195	0.765764	-1.027602	2.025959908e-08	2.7901602e-09
489.653235	0.899238	-0.796276	2.221016432e-08	2.91759828e-09
491.391974	0.656731	-0.839501	2.54082614e-08	3.29912184e-09
492.906713	0.910465	-0.858008	2.06996972e-08	2.81696292e-09
494.605702	0.826924	-0.788525	2.332443796e-08	3.06397284e-09
496.052169	0.689874	-0.619543	2.902636284e-08	3.76891224e-09
497.595686	0.818718	-0.853642	2.191072828e-08	2.98176872e-09
499.059074	0.554466	-0.644670	3.226650972e-08	4.09417728e-09
500.820525	0.984907	-1.206986	1.669851964e-08	2.27245404e-09
503.002709	1.005270	-1.197277	1.726781584e-08	2.24213012e-09
505.304979	1.022990	-1.297000	1.622695728e-08	2.13162504e-09
507.230665	0.970707	-0.902697	2.01100946e-08	2.6417264e-09
508.966243	0.886149	-0.764871	2.302151192e-08	2.98921564e-09
510.686739	0.905645	-0.834347	2.204215688e-08	2.82916344e-09
512.292336	0.696668	-0.699952	2.764234952e-08	3.55951296e-09
513.730043	0.742756	-0.741040	2.609910772e-08	3.3116186e-09
515.478026	0.797017	-1.005226	2.090929112e-08	2.7467114e-09
517.425359	1.091373	-1.150316	1.509104668e-08	2.26466224e-09
519.349762	0.761073	-0.833030	2.322525156e-08	3.12341916e-09
521.152310	0.974263	-1.041475	1.834961552e-08	2.46772528e-09
523.150712	0.776344	-1.024139	2.073296708e-08	2.75560572e-09
525.147273	0.996583	-1.220217	1.65323512e-08	2.24984068e-09
526.979465	0.950621	-0.835609	2.089309464e-08	2.7768882e-09
528.893765	1.002252	-0.963680	1.934147808e-08	2.51138368e-09
530.878263	0.971234	-0.982246	1.894016436e-08	2.54714452e-09
532.681270	1.112816	-0.831773	1.955713964e-08	2.53938612e-09
534.563687	0.979270	-0.769602	2.173431332e-08	2.82208004e-09
536.537846	0.942587	-0.994889	1.925029688e-08	2.55854496e-09
538.459730	1.025786	-0.979297	1.827756736e-08	2.48734216e-09
540.550057	1.146882	-1.064541	1.673611644e-08	2.25073584e-09
542.516393	0.863607	-0.819454	2.195327036e-08	2.95235832e-09
544.539490	1.149818	-1.159490	1.631172584e-08	2.14276052e-09
546.496982	0.690342	-0.807674	2.512952804e-08	3.30109524e-09
548.273476	1.173349	-1.086151	1.684746084e-08	2.18754936e-09
550.328380	0.974080	-0.881556	2.103826108e-08	2.6391536e-09
552.301730	1.128534	-0.999270	1.688396788e-08	2.35336136e-09
554.316950	0.933367	-0.886687	2.01476106e-08	2.74183104e-09
556.325639	1.063191	-1.075322	1.779091056e-08	2.31005108e-09
558.450737	0.980523	-1.061908	1.913410348e-08	2.40028576e-09
560.391579	0.818815	-0.960319	2.17565256e-08	2.76060452e-09
562.222365	0.865014	-1.011971	1.986805632e-08	2.64065096e-09
564.052740	0.913364	-0.965361	2.022344816e-08	2.6259026e-09
565.955308	0.873550	-0.989203	2.043729892e-08	2.65366992e-09
567.790733	0.915125	-0.961876	2.008419612e-08	2.63832428e-09
569.394361	0.674310	-0.688503	2.79095254e-08	3.62389708e-09
571.104142	0.921559	-1.035471	1.940981344e-08	2.52025664e-09
572.984373	1.030399	-0.958672	1.94823944e-08	2.47204848e-09
575.363982	1.141536	-1.349210	1.539551096e-08	1.9760506e-09
577.436993	1.027351	-0.931475	1.95729544e-08	2.5122354e-09
579.276276	1.136219	-0.811932	1.951323628e-08	2.53368552e-09
581.215322	0.994087	-0.802827	2.03882286e-08	2.77457604e-09
583.157193	0.854334	-0.947784	2.109107712e-08	2.7385594e-09
585.426559	1.235862	-1.415032	1.35537244e-08	1.88917744e-09
587.651387	0.962717	-0.988966	1.893028012e-08	2.54581524e-09
589.625163	0.947767	-1.011059	1.921692392e-08	2.52439664e-09
591.572642	0.989359	-0.999712	1.878507932e-08	2.49671316e-09
593.771548	1.094411	-1.209546	1.649489976e-08	2.14177124e-09
595.839069	0.927005	-0.973110	2.040620316e-08	2.58926712e-09
597.863017	1.183900	-1.096944	1.682117232e-08	2.15903764e-09
600.418305	1.103366	-1.371388	1.480771612e-08	2.01514e-09
602.337948	0.918379	-0.816276	2.169964364e-08	2.85053464e-09
604.327230	1.154785	-1.070903	1.662769144e-08	2.23615444e-09
606.485526	0.901928	-1.003511	2.121595552e-08	2.58251336e-09
608.512417	0.963735	-1.124963	1.838997508e-08	2.3603972e-09
610.567167	1.131119	-1.091015	1.678828568e-08	2.2313206e-09
612.945237	1.033882	-1.246950	1.668326784e-08	2.1662298e-09
615.068971	1.125168	-1.089853	1.75887108e-08	2.23926412e-09
617.351317	1.100532	-1.157178	1.654725112e-08	2.19928484e-09
619.288646	0.771510	-0.836797	2.449454392e-08	3.03803772e-09
621.026020	0.909342	-0.965863	2.083482952e-08	2.61363404e-09
623.347345	1.116162	-1.411982	1.448793208e-08	1.97162148e-09
625.629695	1.002575	-1.166188	1.764947384e-08	2.29890812e-09
627.853025	0.958683	-1.220755	1.760327084e-08	2.25942184e-09
629.765959	0.986744	-0.954251	1.994680348e-08	2.53097564e-09
632.021903	1.280312	-1.269201	1.422301876e-08	1.95879992e-09
634.237306	1.016614	-0.935091	1.85995094e-08	2.561532e-09
636.581668	1.502838	-1.327748	1.18538884e-08	1.80147192e-09
639.487598	1.180209	-1.403092	1.510466476e-08	1.89481108e-09
641.679757	0.945057	-1.011949	1.888385176e-08	2.53957136e-09
643.884820	0.835814	-1.260006	1.8626551e-08	2.3366156e-09
645.532209	1.097434	-0.811576	1.95418348e-08	2.59729308e-09
647.808663	1.172990	-1.179019	1.629835888e-08	2.09193328e-09
649.979645	1.044453	-0.997992	1.794099048e-08	2.4415384e-09
651.780207	1.248971	-0.756109	1.84555218e-08	2.48196796e-09
654.298889	1.217496	-1.269710	1.531075028e-08	1.988016e-09
656.590125	1.123489	-1.073740	1.684909844e-08	2.26593008e-09
658.690005	1.083841	-0.976391	1.796221132e-08	2.41562572e-09
660.942060	0.909798	-1.168214	1.79976136e-08	2.3920516e-09
662.766062	1.039280	-0.914203	1.98349822e-08	2.51678704e-09
664.886924	0.918167	-1.081582	1.918195424e-08	2.4620496e-09
666.706668	1.055446	-0.901577	2.01344264e-08	2.497256e-09
668.993399	1.154533	-1.231285	1.491158748e-08	2.10372644e-09
671.128878	0.920933	-0.980946	2.036659084e-08	2.58424088e-09
673.113254	0.982570	-1.063443	1.856988972e-08	2.4111972e-09
675.052457	1.009289	-0.956634	1.863918272e-08	2.53655336e-09
677.576182	1.091975	-1.514436	1.36452556e-08	1.92507236e-09
680.003429	1.160852	-1.335272	1.6082425e-08	1.95028052e-09
682.369307	1.191461	-1.205026	1.558389764e-08	2.07124612e-09
685.039760	1.294657	-1.478992	1.307871864e-08	1.80120644e-09
687.196596	1.021926	-0.862179	2.05388054e-08	2.60609256e-09
689.312458	0.932474	-1.093935	1.825699268e-08	2.455269e-09
691.355544	1.026127	-1.110612	1.74541918e-08	2.31982576e-09
693.689287	1.051382	-1.307616	1.652156268e-08	2.10340276e-09
695.849338	1.278886	-1.108669	1.58020084e-08	2.0758024e-09
698.251648	1.144971	-1.123424	1.661994392e-08	2.18324904e-09
700.609911	1.218763	-1.213292	1.547379872e-08	2.03268772e-09
703.077984	1.362474	-1.249310	1.497049872e-08	1.87798056e-09
706.045247	1.161736	-1.604790	1.361356088e-08	1.78832092e-09
708.653748	1.358915	-1.446765	1.317711296e-08	1.77210768e-09
711.377533	1.342970	-1.364871	1.403919816e-08	1.82291204e-09
713.916579	1.417451	-1.196076	1.4152642e-08	1.90330052e-09
716.554881	1.348205	-1.220850	1.45559608e-08	1.93462368e-09
719.085800	1.178184	-1.182715	1.624449228e-08	2.08501936e-09
721.473274	1.301067	-1.209290	1.530341468e-08	1.9642298e-09
723.806663	1.365930	-1.032322	1.526477684e-08	2.07734008e-09
726.295359	0.944586	-1.122767	1.859383296e-08	2.38656284e-09
728.690400	1.572253	-1.450455	1.235364784e-08	1.64191564e-09
731.580309	0.998775	-1.317656	1.656361276e-08	2.12597924e-09
733.795442	1.173034	-1.216357	1.590606748e-08	2.06531464e-09
736.184384	1.340687	-1.215908	1.43533894e-08	1.95331196e-09
738.626381	1.366328	-1.101310	1.457082924e-08	2.03094596e-09
741.610718	1.582631	-1.618010	1.196890032e-08	1.53623692e-09
744.268420	1.024307	-1.075071	1.793583708e-08	2.35610896e-09
746.622623	1.237378	-1.329897	1.43983726e-08	1.93634728e-09
749.070273	1.125720	-1.210272	1.583354608e-08	2.1293548e-09
751.659993	1.170889	-1.463999	1.377694432e-08	1.89736636e-09
753.979406	1.199919	-1.148525	1.576981472e-08	2.12078396e-09
756.250337	1.147568	-1.071011	1.727810784e-08	2.2176864e-09
758.808480	1.259864	-1.410575	1.424151608e-08	1.84918188e-09
761.325495	1.256764	-1.257151	1.471287932e-08	1.97864332e-09
763.586094	1.248550	-1.003835	1.704684956e-08	2.18800384e-09
766.183289	1.327165	-1.348645	1.420534572e-08	1.84448536e-09
768.698165	1.358218	-1.187711	1.425486204e-08	1.9631854e-09
771.302829	1.420460	-1.246446	1.42513752e-08	1.85046204e-09
774.124508	1.029077	-1.401218	1.52260378e-08	2.0476548e-09
776.586190	1.623926	-1.432605	1.221058384e-08	1.62290108e-09
779.203148	0.876840	-0.993031	2.012631964e-08	2.64385776e-09
781.589730	1.532533	-1.509742	1.282802348e-08	1.60921688e-09
784.583728	1.422510	-1.461465	1.174160008e-08	1.76202216e-09
787.641603	1.643559	-1.635364	1.11771476e-08	1.52106624e-09
791.009451	1.745000	-1.724290	1.04582134e-08	1.4403094e-09
793.920472	1.068566	-1.166021	1.686784236e-08	2.21581376e-09
796.379433	1.582536	-1.390395	1.265413316e-08	1.66228744e-09
799.373715	1.216012	-1.411746	1.47218648e-08	1.8680026e-09
801.819932	1.107559	-1.230205	1.597496984e-08	2.12322328e-09
804.622824	1.254450	-1.695333	1.244133764e-08	1.69310628e-09
807.196996	1.324085	-1.319722	1.425731044e-08	1.87288592e-09
810.112176	1.452974	-1.591095	1.226451688e-08	1.63006928e-09
812.978625	1.119998	-1.413475	1.418622428e-08	1.97733804e-09
815.703043	1.702970	-1.604420	1.12804006e-08	1.499271e-09
818.703765	1.595119	-1.297752	1.2778213e-08	1.71846212e-09
822.231504	1.662984	-1.932620	1.009513864e-08	1.3903066e-09
825.509221	1.450712	-1.614734	1.194781716e-08	1.62594448e-09
828.282889	1.379528	-1.322956	1.368118772e-08	1.83989756e-09
831.205716	1.470530	-1.543298	1.203636308e-08	1.6576528e-09
833.997116	1.545298	-1.320870	1.274643808e-08	1.7600428e-09
836.824253	1.424087	-1.281839	1.407108348e-08	1.82705216e-09
839.683454	1.297615	-1.435115	1.378922284e-08	1.81139644e-09
842.468293	1.282855	-1.487223	1.345790496e-08	1.78868176e-09
845.173875	1.614245	-1.422727	1.219171832e-08	1.63958812e-09
848.602278	1.591091	-1.814158	1.095899616e-08	1.45655336e-09
851.580274	1.541535	-1.386905	1.29962492e-08	1.68749088e-09
854.402542	1.437786	-1.280732	1.423449144e-08	1.8061616e-09
857.237554	1.566787	-1.397226	1.282718396e-08	1.66553868e-09
860.055997	1.472173	-1.251656	1.38126506e-08	1.814474e-09
863.172049	1.652839	-1.643879	1.121484308e-08	1.50821424e-09
866.262181	1.656615	-1.437293	1.239129292e-08	1.61401096e-09
869.723617	1.774785	-1.804820	1.052190004e-08	1.38219048e-09
873.448231	1.852150	-1.949829	9.3661254e-09	1.32137276e-09
876.874639	1.613929	-1.574258	1.159356064e-08	1.5591456e-09
880.092735	1.468376	-1.604168	1.2151544e-08	1.61505412e-09
883.491538	1.755917	-1.930427	9.74609396e-09	1.35845324e-09
887.074205	1.845361	-1.826750	1.017338068e-08	1.35213768e-09
891.216493	1.617146	-2.296926	9.7063264e-09	1.26031264e-09
894.369437	1.976192	-1.535797	1.042525312e-08	1.41874304e-09
898.024582	1.390066	-1.678954	1.194026996e-08	1.6249174e-09
901.235109	1.383719	-1.820460	1.200148468e-08	1.5404192e-09
903.883978	0.736363	-1.265150	1.15972554e-08	1.51118276e-09
905.384407	0.863834	-0.764065	7.83190156e-09	1.0395956e-09
907.019285	0.602446	-0.771044	1.009330172e-08	1.21509072e-09
908.495219	0.871842	-0.873488	7.65045592e-09	9.557712e-10
910.072801	0.742459	-0.705739	8.79551268e-09	1.16750396e-09
911.384228	0.624806	-0.568967	1.068600736e-08	1.41844556e-09
912.612496	0.689968	-0.603462	1.04257168e-08	1.28319544e-09
913.814139	0.712369	-0.511675	1.041330632e-08	1.3822476e-09
915.159562	0.502035	-0.633054	1.13847746e-08	1.4882448e-09
916.299350	0.652096	-0.637754	1.0229404e-08	1.29728808e-09
917.545530	0.681555	-0.594084	1.046112212e-08	1.3069076e-09
919.041039	0.810394	-0.813954	8.20586296e-09	1.02515816e-09
920.510812	0.692741	-0.659379	9.77298776e-09	1.2394056e-09
921.936373	0.681573	-0.732820	9.2245786e-09	1.18766308e-09
923.170360	0.554207	-0.552414	1.233923572e-08	1.49635212e-09
924.378504	0.662621	-0.653938	1.012769712e-08	1.26525284e-09
925.769821	0.708843	-0.728696	9.0814676e-09	1.16923756e-09
927.054150	0.733952	-0.575486	1.007927728e-08	1.27824908e-09
928.451944	0.634926	-0.663841	9.9333776e-09	1.29851472e-09
929.966314	0.703965	-0.879444	8.44210668e-09	1.05467208e-09
931.473169	0.753851	-0.802890	8.42370856e-09	1.0919512e-09
933.009720	0.695743	-0.782700	8.62848652e-09	1.14533316e-09
934.335480	0.562000	-0.630017	1.08302776e-08	1.41575964e-09
935.508288	0.689738	-0.610808	1.026450548e-08	1.28234428e-09
937.122166	0.803382	-0.924140	7.55496636e-09	9.7270076e-10
938.578267	0.644265	-0.652719	1.006302676e-08	1.29561316e-09
939.771168	0.604223	-0.548635	1.15914826e-08	1.44812352e-09
941.167909	0.664592	-0.792518	8.96150928e-09	1.15379296e-09
942.305443	0.630120	-0.472942	1.224467252e-08	1.5070722e-09
943.433776	0.565700	-0.498213	1.269227056e-08	1.56216248e-09
944.583747	0.556143	-0.584271	1.169302756e-08	1.46080952e-09
945.830867	0.579324	-0.690977	1.072508476e-08	1.30060756e-09
947.022258	0.546148	-0.612067	1.12718782e-08	1.4512526e-09
948.117863	0.635450	-0.549457	1.152777328e-08	1.39794784e-09
949.394891	0.577085	-0.641578	1.084243324e-08	1.37503216e-09
950.632594	0.623916	-0.660618	1.05090402e-08	1.29345088e-09
951.749163	0.580165	-0.492653	1.24472458e-08	1.55503396e-09
952.924770	0.633945	-0.595442	1.03661064e-08	1.37598236e-09
954.158693	0.552889	-0.599978	1.15690638e-08	1.44532272e-09
955.487538	0.672259	-0.775956	9.42695164e-09	1.1431858e-09
956.807043	0.712012	-0.647246	9.92345756e-09	1.22137748e-09
958.218707	0.748552	-0.699652	9.43739084e-09	1.14445176e-09
959.703971	0.613624	-0.736712	9.77574344e-09	1.23975504e-09
960.921775	0.646547	-0.604179	1.055741896e-08	1.33888676e-09
962.220724	0.733543	-0.652402	9.42423392e-09	1.21336868e-09
963.695277	0.687634	-0.741010	8.610166e-09	1.19737508e-09
965.076059	0.621615	-0.693148	1.00472796e-08	1.27419116e-09
966.286499	0.665461	-0.588825	1.063421244e-08	1.32853176e-09
967.670269	0.758364	-0.718310	9.0440666e-09	1.12987492e-09
969.097982	0.652522	-0.669349	9.98597108e-09	1.26641604e-09
970.463493	0.655157	-0.712989	9.87011676e-09	1.21481228e-09
971.805153	0.743920	-0.686503	9.21760084e-09	1.16897168e-09
973.121541	0.756545	-0.572468	9.9401084e-09	1.26059976e-09
974.687792	0.745258	-0.809706	8.38820996e-09	1.07998076e-09
976.344221	0.805671	-0.911171	7.61194088e-09	9.8003624e-10
978.025005	0.823939	-0.875113	7.76332944e-09	9.8454168e-10
979.488132	0.705836	-0.639188	9.92747288e-09	1.24023884e-09
980.850277	0.646005	-0.656308	1.02542102e-08	1.28105812e-09
982.344130	0.675083	-0.847848	8.380297e-09	1.11238884e-09
983.823883	0.841028	-0.804670	8.0084892e-09	1.01563272e-09
985.284839	0.680603	-0.619928	9.69413952e-09	1.30677048e-09
986.553586	0.600314	-0.588145	1.135249276e-08	1.39726288e-09
987.845422	0.616134	-0.691521	9.98398332e-09	1.28543632e-09
989.127456	0.670230	-0.665899	9.31917036e-09	1.27587244e-09
990.454476	0.770074	-0.656791	9.24937392e-09	1.17300112e-09
991.912129	0.701905	-0.687579	9.60585364e-09	1.20005896e-09
993.311809	0.809151	-0.697775	8.854172e-09	1.1061514e-09
994.828775	0.630092	-0.707816	1.008137256e-08	1.2408136e-09
996.329154	0.880368	-0.870287	6.94560832e-09	9.8122368e-10
997.794068	0.676833	-0.584545	1.058649248e-08	1.32257012e-09
999.274530	0.795812	-0.803630	8.16467464e-09	1.0512006e-09
1000.817297	0.783091	-0.746955	8.53327652e-09	1.09865804e-09
1002.223738	0.675405	-0.623351	1.027627424e-08	1.28381456e-09
1003.564306	0.678084	-0.665162	9.84160068e-09	1.24810704e-09
1004.810343	0.608053	-0.567954	1.1457642e-08	1.41020464e-09
1006.191482	0.785406	-0.773086	8.55939784e-09	1.06932528e-09
1007.598548	0.728691	-0.621661	9.88509648e-09	1.23494476e-09
1009.070787	0.786507	-0.743548	8.62297628e-09	1.09356168e-09
1010.521363	0.814390	-0.664069	8.81835848e-09	1.13536232e-09
1012.172012	0.686696	-0.836258	8.5778412e-09	1.10439576e-09
1013.718025	0.864642	-0.859318	7.65357116e-09	9.706222e-10
1015.249650	0.530373	-0.666984	1.139524544e-08	1.38187648e-09
1016.657406	0.956876	-0.877382	7.29282428e-09	9.1109228e-10
1018.263233	0.617780	-0.648951	1.052876112e-08	1.31535776e-09
1019.704052	0.771064	-0.823040	8.1898886e-09	1.05444692e-09
1021.303207	0.806932	-0.828091	7.89375604e-09	1.03189056e-09
1022.650692	0.622987	-0.540552	1.15811314e-08	1.42540368e-09
1024.187120	0.758933	-0.913442	7.7919356e-09	1.00321052e-09
1026.014954	0.816966	-1.068902	6.92561212e-09	8.9167152e-10
1027.555535	0.744162	-0.723614	9.18382552e-09	1.13034368e-09
1029.076556	0.895515	-0.776860	7.97206888e-09	9.9595028e-10
1030.809427	0.918647	-0.837357	7.26878116e-09	9.6484776e-10
1032.634576	0.803241	-0.906501	7.89359692e-09	9.7154256e-10
1034.179943	0.780783	-0.742126	8.66578728e-09	1.09899096e-09
1035.878579	0.797226	-0.917852	7.61052776e-09	9.7985428e-10
1037.620240	0.751096	-0.944436	7.780509e-09	9.867204e-10
1039.209011	0.952111	-0.837674	7.37760432e-09	9.356242e-10
1041.067892	0.749604	-0.906770	7.7908814e-09	1.01844252e-09
1042.689174	0.829172	-0.871679	8.05397552e-09	9.838604e-10
1044.264563	0.666376	-0.746217	9.54453008e-09	1.17473912e-09
1045.650311	0.663014	-0.719372	9.66858576e-09	1.20789608e-09
1047.019937	0.695345	-0.706612	9.5197392e-09	1.18930068e-09
1048.379255	0.777105	-0.663973	9.27679152e-09	1.15894924e-09
1049.921145	0.889809	-0.764784	8.06080232e-09	1.00703572e-09
1051.821311	0.884429	-1.010357	6.90341692e-09	8.8881388e-10
1053.413723	0.665482	-0.707983	9.61171696e-09	1.21895328e-09
1054.708397	0.706929	-0.629192	1.009239376e-08	1.24217012e-09
1056.016449	0.839976	-0.601123	9.29183752e-09	1.1690506e-09
1057.855802	1.094663	-0.999377	6.01698528e-09	8.1108988e-10
1059.735185	0.957034	-0.784721	7.57455912e-09	9.6060192e-10
1061.335853	0.697810	-0.643633	1.00502642e-08	1.2369848e-09
1062.876627	0.779605	-0.842964	8.3192414e-09	1.0239308e-09
1064.569970	0.820897	-0.913738	7.78190816e-09	9.5779592e-10
1066.389104	0.851927	-0.998237	7.3193788e-09	9.0736576e-10
1068.066669	1.069138	-0.825639	7.04691712e-09	8.8037112e-10
1069.892294	0.729070	-0.756487	9.098623e-09	1.11985696e-09
1071.534641	0.960130	-0.913277	7.04736936e-09	8.9374396e-10
1073.260644	0.693017	-0.765873	8.436793e-09	1.17326492e-09
1074.682023	0.702049	-0.728363	9.67266548e-09	1.16445208e-09
1076.179517	0.738160	-0.795445	8.71582544e-09	1.08886776e-09
1077.486029	0.596995	-0.568352	1.143907324e-08	1.429083e-09
1078.855935	0.589898	-0.772911	9.78723364e-09	1.22271876e-09
1080.356572	0.793638	-0.910739	7.83338552e-09	9.7862456e-10
1081.940813	0.741231	-0.790603	8.74575268e-09	1.10034504e-09
1083.555969	0.709506	-0.873926	8.3370256e-09	1.05729756e-09
1085.045068	0.887432	-0.779593	8.18257256e-09	9.9228268e-10
1086.571850	0.634509	-0.639350	1.047225504e-08	1.30829844e-09
1087.999959	0.779155	-0.793600	8.3831176e-09	1.06314292e-09
1089.709348	0.816840	-0.930234	7.54487728e-09	9.5683768e-10
1091.363749	0.761874	-0.837562	8.25159812e-09	1.04646368e-09
1092.780684	0.709550	-0.655060	9.77065656e-09	1.22064776e-09
1094.218170	0.768295	-0.727937	8.72382052e-09	1.12319056e-09
1095.875700	0.962843	-0.889234	6.64780488e-09	9.244788e-10
1097.636673	0.753272	-0.798130	8.4085008e-09	1.0825932e-09
1099.265323	0.622624	-0.875378	8.62090956e-09	1.1269458e-09
1100.707608	0.881181	-0.819661	8.018872e-09	9.7243108e-10
1102.242264	0.709341	-0.653475	9.6800252e-09	1.22761612e-09
1103.936571	0.954289	-0.984966	6.65689452e-09	8.7020508e-10
1105.743963	0.899327	-0.853102	7.61886824e-09	9.5182492e-10
1107.392898	0.848030	-0.749609	8.247968e-09	1.04600332e-09
1109.055993	0.654499	-0.815065	8.87879312e-09	1.14314324e-09
1110.436829	0.805478	-0.726337	8.70629232e-09	1.0876768e-09
1112.004076	0.923069	-0.761770	7.91451664e-09	9.8876028e-10
1113.858100	1.011873	-0.930955	6.55997028e-09	8.707612e-10
1115.723371	0.909700	-0.853398	7.65927904e-09	9.4270276e-10
1117.647542	0.946119	-1.014470	6.65645528e-09	8.570176e-10
1119.507220	0.758825	-0.913559	8.06731392e-09	9.9292364e-10
1121.105104	0.867110	-0.839059	7.90968488e-09	9.7352268e-10
1123.138810	0.849162	-1.166596	6.47745652e-09	8.3397156e-10
1124.789614	0.881405	-0.801642	7.75082892e-09	9.9791804e-10
1126.459245	0.695545	-0.788226	8.89146932e-09	1.12761184e-09
1128.163092	0.922072	-1.008303	7.06062408e-09	8.5622644e-10
1129.827997	0.792553	-0.742833	8.31426376e-09	1.10362368e-09
1131.466609	0.742693	-0.846058	8.5904472e-09	1.04174476e-09
1133.166718	0.811043	-0.957416	7.45997612e-09	9.4607056e-10
1134.766242	0.810942	-0.788481	8.34034968e-09	1.0419596e-09
1136.453515	0.886768	-0.876331	7.48473252e-09	9.4921016e-10
1138.225832	1.019918	-0.885549	6.69272492e-09	8.8838288e-10
1140.188820	0.820051	-0.943070	7.31425628e-09	9.5613696e-10
1142.033211	0.866858	-1.024340	6.91575272e-09	8.9040212e-10
1143.771117	0.916961	-0.871048	7.04666248e-09	9.4989044e-10
1145.690959	0.907889	-1.002881	6.83447672e-09	8.7993784e-10
1147.606118	0.809226	-1.007270	7.3456102e-09	9.176868e-10
1149.169801	0.786271	-0.754458	8.47822612e-09	1.09157032e-09
1150.759628	0.861693	-0.803556	7.65636448e-09	1.01629504e-09
1152.330697	1.071516	-0.709376	7.48458676e-09	9.3504916e-10
1154.431384	0.778430	-1.029170	7.33671136e-09	9.3690724e-10
1156.086838	0.909205	-0.877025	7.40237072e-09	9.3876508e-10
1157.752209	0.745438	-0.756165	8.8805204e-09	1.10944308e-09
1159.314314	0.866393	-0.816668	7.84045492e-09	9.9432272e-10
1161.102551	0.768301	-0.921844	8.07138744e-09	9.7879948e-10
1162.792713	0.914196	-0.921861	7.19054112e-09	9.1190096e-10
1164.763042	1.043224	-1.056133	6.2911114e-09	7.9783572e-10
1166.749896	0.919123	-0.943629	6.95720024e-09	9.1554944e-10
1168.544066	0.891632	-0.875047	7.38372408e-09	9.5065336e-10
1170.380866	0.705828	-0.945168	7.98910448e-09	1.01317436e-09
1171.841681	0.716356	-0.754987	8.58364156e-09	1.15707528e-09
1173.470068	0.975622	-0.912031	6.83647372e-09	8.9368008e-10
1175.287724	1.049172	-0.842034	7.1374384e-09	8.7847472e-10
1177.085779	0.722461	-0.748882	9.17002236e-09	1.1286448e-09
1178.892393	1.073905	-1.084154	6.24447312e-09	7.6856868e-10
1180.820808	0.865903	-0.854510	7.58039436e-09	9.759746e-10
1182.537188	0.971355	-0.850477	7.4138798e-09	9.1249908e-10
1184.220292	0.688425	-0.711750	9.21733864e-09	1.2049124e-09
1186.001046	0.994579	-1.092328	6.394933e-09	7.9891876e-10
1188.002072	0.890106	-1.006447	6.6520512e-09	8.966968e-10
1189.986682	0.894544	-1.094504	6.411797e-09	8.5109292e-10
1191.589652	0.641937	-0.708426	9.87886244e-09	1.23416592e-09
1193.249475	0.903577	-1.017886	6.56092644e-09	8.844132e-10
1195.043389	0.762459	-0.890337	8.24816128e-09	1.00023648e-09
1196.522791	0.606720	-0.716943	1.020446448e-08	1.25596376e-09
1198.235584	0.941701	-1.106073	6.22198848e-09	8.25898e-10
1200.083559	0.992041	-0.906274	6.94609412e-09	8.8090028e-10
1201.938160	0.845409	-0.862559	7.64154984e-09	9.8384836e-10
1203.674555	0.948625	-0.890986	7.17298504e-09	9.0967448e-10
1205.674751	0.939251	-1.051571	6.47543588e-09	8.4648436e-10
1207.591682	0.958012	-0.977679	6.88991464e-09	8.607568e-10
1209.662261	0.979679	-1.112567	6.3088122e-09	8.0008052e-10
1212.007647	1.445326	-1.365707	4.82074124e-09	5.9761568e-10
1214.535356	1.034744	-1.082383	6.22870868e-09	7.8992184e-10
1216.579167	0.978224	-1.009067	6.57237424e-09	8.461922e-10
1218.746088	1.003179	-1.188697	6.08707552e-09	7.6045812e-10
1220.555359	0.930339	-0.806091	7.42958104e-09	9.7121248e-10
1222.382048	0.813411	-0.896351	7.714267e-09	9.783196e-10
1224.083899	0.958262	-0.888439	7.30885988e-09	8.9957324e-10
1226.018164	0.956135	-0.976004	6.76552444e-09	8.7106024e-10
1227.833907	0.862591	-0.859608	7.57505004e-09	9.7528652e-10
1229.720512	0.806698	-1.024014	7.04473204e-09	9.2090412e-10
1231.265840	0.736264	-0.738631	9.14294268e-09	1.12531184e-09
1232.890940	0.950754	-0.888835	7.16875616e-09	9.091382e-10
1234.856951	1.093017	-1.015256	6.32877736e-09	7.9065392e-10
1237.156459	1.195318	-1.206492	5.12153816e-09	7.1222808e-10
1239.431656	1.083543	-1.079879	6.16121112e-09	7.6971988e-10
1241.426371	0.937333	-0.911173	7.06478168e-09	9.0958956e-10
1243.209050	0.798552	-0.845347	7.9479292e-09	1.02329468e-09
1244.764393	0.753694	-0.756791	8.83416416e-09	1.1036518e-09
1246.682054	1.024366	-1.163968	6.09799248e-09	7.61822e-10
1248.456986	0.823947	-0.750565	8.6698812e-09	1.05137752e-09
1250.313281	0.869525	-1.032348	6.86925532e-09	8.8441556e-10
1251.953766	1.141604	-0.770960	6.98019092e-09	8.72035e-10
1253.879191	0.870773	-0.783821	7.96494948e-09	1.01011104e-09
1255.626534	0.931024	-0.876570	7.0610214e-09	9.3727004e-10
1257.524706	0.838638	-0.967148	7.47718708e-09	9.2029092e-10
1259.318837	0.857444	-0.955493	7.0356562e-09	9.3390308e-10
1261.248456	0.950688	-1.072175	6.44952312e-09	8.3037512e-10
1263.333668	0.680183	-1.134524	7.27228968e-09	9.2226828e-10
1264.981382	0.980621	-0.967531	6.941691e-09	8.5438216e-10
1266.804467	0.655535	-0.842465	8.8050568e-09	1.11665304e-09
1268.419396	0.892675	-0.959393	7.20171228e-09	8.9970964e-10
1270.200126	0.935536	-0.888056	7.47307108e-09	9.06243e-10
1272.128468	0.925100	-0.992805	6.95627184e-09	8.690468e-10
1274.073793	0.810503	-1.020225	7.2089216e-09	9.1423196e-10
1275.750259	1.016320	-0.865963	7.16351404e-09	8.8168408e-10
1277.654529	0.942643	-0.887950	7.20412892e-09	9.1362416e-10
1279.459166	0.757017	-0.861994	8.16523124e-09	1.03551068e-09
1281.097465	0.903169	-0.881282	7.3938434e-09	9.3768364e-10
1283.221775	1.114856	-1.221140	5.65139436e-09	7.1670712e-10
1285.557146	1.083428	-1.220516	5.47452872e-09	7.3796672e-10
1287.673435	0.993572	-1.032861	6.5840378e-09	8.225436e-10
1289.968279	0.956428	-1.301272	5.64887376e-09	7.4982356e-10
1291.977144	1.148340	-1.052437	6.13169232e-09	7.5468764e-10
1294.000752	0.941214	-0.875267	7.27694512e-09	9.2285868e-10
1295.971916	0.905731	-1.029950	6.89849068e-09	8.618282e-10
1297.896425	1.069940	-1.018778	5.81983736e-09	8.2218316e-10
1300.094976	0.983201	-1.128611	6.32095156e-09	7.8967624e-10
1302.033124	1.039440	-0.954948	6.5404486e-09	8.4208176e-10
1304.243816	0.977921	-1.171252	6.28134612e-09	7.73107e-10
1306.294675	0.859201	-1.072938	7.05412456e-09	8.5543824e-10
1307.983691	1.002684	-0.829815	6.95515396e-09	9.2321736e-10
1310.064984	1.228896	-1.078608	5.52747012e-09	7.337086e-10
1312.271422	0.842506	-0.977543	7.33521904e-09	9.1638864e-10
1314.073430	1.100720	-0.959502	6.33637312e-09	8.1580708e-10
1316.239296	1.023553	-1.065147	6.314489e-09	8.0080044e-10
1318.129113	0.854126	-0.866263	6.04752988e-09	1.0430602e-09
1319.915381	1.103181	-0.932142	6.55991516e-09	8.1952996e-10
1322.129738	0.950828	-1.111176	6.32927368e-09	8.1489304e-10
1324.052397	0.890913	-0.971832	7.2446402e-09	8.9166908e-10
1326.001561	1.211905	-1.058251	5.739448e-09	7.3895304e-10
1328.277301	0.999953	-1.063835	6.25464096e-09	8.1762152e-10
1330.563246	1.388026	-1.285991	4.83057944e-09	6.3146484e-10
1333.274506	1.174669	-1.323234	5.34409632e-09	6.6763776e-10
1335.118772	0.664734	-0.669597	9.8931592e-09	1.25464568e-09
1336.816226	0.947434	-1.032721	6.735405e-09	8.4145392e-10
1338.752028	1.054078	-0.988367	6.39502984e-09	8.2335912e-10
1341.082984	1.270820	-1.276879	4.8915756e-09	6.6969764e-10
1343.502632	0.993236	-1.148828	5.67174684e-09	8.0126204e-10
1345.693114	0.944810	-1.197247	5.964243e-09	7.916852e-10
1347.550035	0.824317	-0.912111	7.6019782e-09	9.640792e-10
1349.391275	1.100225	-1.016924	6.09218432e-09	7.963848e-10
1351.632738	1.143176	-1.141238	5.77531824e-09	7.3242308e-10
1354.354231	1.136609	-1.578317	4.85441912e-09	6.1563508e-10
1356.299143	0.869419	-0.808303	7.87577444e-09	9.9880192e-10
1358.307674	0.956697	-1.139112	6.29942504e-09	7.9889004e-10
1360.001807	0.975858	-0.737435	7.61300128e-09	9.8017276e-10
1361.774250	1.087499	-0.796585	7.00670192e-09	8.8858656e-10
1364.200983	1.405949	-1.339234	4.80913584e-09	6.0989228e-10
1366.741125	1.274740	-1.134193	5.41816604e-09	6.9758804e-10
1369.069233	1.062001	-1.053369	6.02352612e-09	7.9955436e-10
1371.554312	1.409290	-1.423077	4.44749444e-09	5.9952248e-10
1374.099063	1.035068	-1.135461	6.14632724e-09	7.6786044e-10
1376.319128	1.200809	-1.184997	5.59897828e-09	6.9948016e-10
1378.581482	0.947068	-1.061545	6.4333682e-09	8.409852e-10
1380.890476	1.105716	-1.361926	5.46526944e-09	6.7266444e-10
1382.965281	1.027095	-0.969088	6.39447236e-09	8.4879324e-10
1385.105774	1.243935	-1.113399	5.78591012e-09	7.0164468e-10
1387.395195	1.023624	-1.045485	6.47661656e-09	8.1485416e-10
1389.740609	1.088935	-1.321790	5.41010972e-09	6.965508e-10
1392.206627	1.300494	-1.377082	4.93465864e-09	6.2581104e-10
1394.826806	1.133700	-1.319686	5.5577192e-09	6.7397244e-10
1396.792426	0.779975	-0.831920	8.27545916e-09	1.0338528e-09
1398.616923	1.143819	-1.044522	6.03342376e-09	7.6515588e-10
1400.878620	1.018848	-1.117879	6.2459836e-09	7.8031052e-10
1403.324490	1.108207	-1.427022	5.14362088e-09	6.622404e-10
1405.566251	1.118825	-1.133554	5.921324e-09	7.397508e-10
1407.782977	1.213192	-1.097900	5.58292636e-09	7.298134e-10
1409.999729	0.997947	-1.003559	6.44232952e-09	8.4215664e-10
1412.250939	1.326440	-1.253263	5.05404128e-09	6.5070704e-10
1414.695129	1.152424	-1.117750	5.74486704e-09	7.3965076e-10
1417.066828	1.086468	-1.219275	5.21386464e-09	7.483566e-10
1419.527126	1.118710	-1.373830	5.23590504e-09	6.7412196e-10
1421.858276	1.109308	-1.212440	5.67895332e-09	7.2020212e-10
1424.065436	1.101158	-1.097851	6.23430288e-09	7.6157216e-10
1426.159874	0.928164	-0.993280	7.02035664e-09	8.6406428e-10
1428.260907	1.058144	-1.172869	5.98656416e-09	7.4790124e-10
1430.550335	1.088686	-1.231284	5.74643528e-09	7.1790196e-10
1432.533823	0.941263	-0.894803	7.1831904e-09	9.1096872e-10
1434.398623	0.832454	-0.923537	7.59253388e-09	9.48535e-10
1436.319771	1.185016	-1.088693	5.7363952e-09	7.3856e-10
1438.749405	1.244399	-1.244618	5.41526064e-09	6.6650936e-10
1441.151772	1.443107	-1.157968	5.01340856e-09	6.454756e-10
1443.494053	1.173496	-0.899174	6.50822952e-09	8.0103176e-10
1446.107870	1.255046	-1.440321	5.00255932e-09	6.1571416e-10
1448.333246	0.961788	-0.970330	6.68277544e-09	8.7358828e-10
1450.331795	1.071512	-1.036761	6.3999562e-09	7.8770552e-10
1452.694894	1.268563	-1.291586	5.15848712e-09	6.5419684e-10
1455.119357	1.100025	-1.155900	5.97864416e-09	7.3585052e-10
1457.416975	1.193542	-1.197593	5.33077636e-09	7.0759976e-10
1459.592492	1.259719	-0.981975	6.03092896e-09	7.4228572e-10
1462.203697	1.165962	-1.351486	5.30439072e-09	6.6267732e-10
1464.380460	1.259370	-1.010801	5.81047828e-09	7.3688204e-10
1466.717496	1.082200	-1.077666	6.10862144e-09	7.746924e-10
1468.966107	1.158909	-1.166412	5.60648428e-09	7.21834e-10
1471.245081	1.251487	-1.120064	5.74868688e-09	6.9713068e-10
1473.640455	1.104917	-1.143888	5.670561e-09	7.5270228e-10
1476.022041	0.981051	-1.276669	6.04154484e-09	7.3264492e-10
1478.464264	1.068716	-1.461173	5.2130158e-09	6.6111216e-10
1480.575809	0.903543	-1.042829	6.47524836e-09	8.728638e-10
1482.353814	1.185755	-0.874462	6.11400332e-09	8.2416792e-10
1484.662403	1.261204	-1.122835	5.35012668e-09	7.1016828e-10
1487.067202	1.146124	-1.143595	5.89120072e-09	7.25088e-10
1489.429133	1.315900	-1.215806	5.26606124e-09	6.5788884e-10
1491.783611	0.884645	-1.038578	7.09590464e-09	8.6050484e-10
1493.744402	1.282985	-1.076146	5.4662084e-09	7.1455576e-10
1495.935648	1.119911	-0.908261	6.6524508e-09	8.1878252e-10
1498.378468	1.199904	-1.322909	5.28314044e-09	6.6002256e-10
1500.642981	1.125483	-1.064609	6.03269268e-09	7.6506316e-10
1503.257039	1.445201	-1.488575	4.59624436e-09	5.6570496e-10
1506.118091	1.400506	-1.415851	4.59584456e-09	6.0077972e-10
1508.830066	1.163286	-1.311469	5.15927548e-09	6.8483496e-10
1511.132281	1.040509	-1.138929	6.04587792e-09	7.6673532e-10
1513.070155	0.735854	-0.897366	8.1690866e-09	1.02056368e-09
1514.984067	1.175736	-1.178057	5.66640844e-09	7.079042e-10
1517.396174	1.238383	-1.236371	5.09725844e-09	6.8711068e-10
1519.637519	0.911386	-1.002962	6.88672828e-09	8.7337156e-10
1521.556185	1.168559	-1.007281	6.19833088e-09	7.6288952e-10
1524.198587	1.472395	-1.473842	4.53043308e-09	5.6598684e-10
1526.811395	1.040657	-1.140413	5.97682732e-09	7.695156e-10
1529.206526	1.364002	-1.354474	4.85054524e-09	6.151438e-10
1532.069569	1.194567	-1.499041	4.95102116e-09	6.1853088e-10
1534.617564	1.482491	-1.353428	4.39260548e-09	6.0138444e-10
1537.246748	0.917077	-1.146693	6.17573388e-09	8.197582e-10
1539.514731	1.527731	-1.350907	4.63305604e-09	5.7880752e-10
1542.430936	1.274869	-1.388474	4.95302576e-09	6.2814032e-10
1544.855007	1.243721	-1.149202	5.39027308e-09	7.0462932e-10
1547.372488	1.129835	-1.273759	5.4855458e-09	6.9567428e-10
1549.944860	1.267077	-1.442538	4.92457032e-09	6.152264e-10
1552.519940	1.109825	-1.308003	5.52538888e-09	6.9028664e-10
1555.008486	1.320184	-1.378721	4.88655956e-09	6.1971112e-10
1557.705094	1.665875	-1.376423	4.336742e-09	5.4998352e-10
1560.594642	1.140794	-1.223674	5.39247136e-09	7.1578904e-10
1562.992143	1.170007	-1.256706	5.43450624e-09	6.8920144e-10
1565.471464	1.053374	-1.309315	5.58458376e-09	7.082342e-10
1567.818133	1.556857	-1.293295	4.68425056e-09	5.8520324e-10
1570.715302	1.372828	-1.340312	4.26576628e-09	6.4261284e-10
1573.513428	1.266529	-1.425298	4.95377592e-09	6.1887504e-10
1576.218005	1.428131	-1.438048	4.6015654e-09	5.8356832e-10
1579.201489	1.141781	-1.555353	4.84516116e-09	6.2381376e-10
1581.380498	1.101282	-1.037228	6.30669516e-09	7.7622696e-10
1583.646070	1.128998	-1.164290	5.82695712e-09	7.2796152e-10
1586.008678	1.113044	-1.233610	5.49354012e-09	7.1812864e-10
1588.415937	1.148513	-1.294215	3.5133152e-09	5.6056808e-10
1590.786534	1.217097	-1.222084	5.53596852e-09	6.8136604e-10
1593.414266	1.297213	-1.410634	4.9295228e-09	6.1584512e-10
1596.038028	0.931130	-1.326550	3.99356696e-09	5.953258e-10
1598.094363	1.257055	-1.125205	5.47938604e-09	7.0547012e-10
1600.762633	1.191636	-1.411215	4.95213448e-09	6.473548e-10
1603.351576	1.474185	-1.397306	3.77700684e-09	5.3740896e-10
1606.034809	1.336882	-1.209049	5.25711344e-09	6.6142264e-10
1608.957956	1.237199	-1.586265	4.62229816e-09	5.951202e-10
1611.178468	1.306418	-0.983313	5.69858888e-09	7.3369244e-10
1613.394386	1.141830	-0.909500	6.65075048e-09	8.0652196e-10
1616.055789	1.149106	-1.519574	4.99335796e-09	6.2382004e-10
1618.581807	1.332708	-1.376911	4.86955872e-09	6.1755508e-10
1621.075005	1.214615	-1.160489	5.56188352e-09	7.0535536e-10
1623.590246	1.104758	-1.300627	5.48845436e-09	6.9604312e-10
1625.902425	1.210404	-1.207420	5.39829976e-09	6.9503028e-10
1628.525213	1.375479	-1.412384	4.41277292e-09	6.1366348e-10
1631.247992	1.139920	-1.347301	5.30823948e-09	6.7318836e-10
1633.706919	1.234052	-1.319006	5.00233152e-09	6.6400244e-10
1636.234714	1.600866	-1.293744	4.51249496e-09	5.8098304e-10
1639.274494	1.261812	-1.438913	4.7737256e-09	6.2403276e-10
1641.993437	1.634982	-1.457132	4.26688588e-09	5.411244e-10
1645.142536	1.049574	-1.514117	5.20451288e-09	6.501996e-10
1647.325155	1.258099	-1.133045	5.57929712e-09	6.970214e-10
1650.122558	1.638219	-1.539304	3.91823128e-09	5.3643868e-10
1653.287645	1.657756	-1.526868	4.15884568e-09	5.274228e-10
1656.194343	1.167106	-1.248943	5.45779904e-09	6.9215544e-10
1658.314364	1.089525	-0.952915	6.68104264e-09	8.1019544e-10
1660.942938	1.421389	-1.539049	4.45870868e-09	5.6545128e-10
1663.543885	1.177780	-1.179559	5.60094988e-09	7.1030976e-10
1666.215087	1.525761	-1.493422	4.22161864e-09	5.6037172e-10
1669.212123	1.419777	-1.471275	4.46598176e-09	5.8380376e-10
1671.844403	1.155530	-1.212503	3.61991296e-09	5.7757632e-10
1674.478204	1.588943	-1.478271	4.11450812e-09	5.5463588e-10
1677.383414	1.603251	-1.316267	3.6292418e-09	5.397428e-10
1680.400344	1.409785	-1.413679	4.73419492e-09	5.914428e-10
1683.179978	1.147626	-1.369849	3.47028628e-09	5.41184e-10
1685.920373	1.324969	-1.592769	4.47444592e-09	5.7608424e-10
1688.326789	1.355810	-1.081448	3.88337976e-09	5.724344e-10
1691.166771	1.542133	-1.484172	4.40828988e-09	5.5072748e-10
1694.099526	1.448836	-1.390621	4.64339056e-09	5.8887256e-10
1696.910348	1.251541	-1.361986	4.93702752e-09	6.4537996e-10
1699.823933	1.392710	-1.662044	4.17487304e-09	5.5416676e-10
1702.678543	1.599981	-1.461899	4.35758988e-09	5.4439356e-10
1705.461370	1.062401	-1.182846	3.82141972e-09	6.097278e-10
1707.965760	1.383265	-1.441990	4.6657564e-09	5.9170896e-10
1710.528138	1.224465	-1.179113	5.56502144e-09	6.9523792e-10
1713.081914	1.700533	-1.329312	3.89095332e-09	5.2370356e-10
1716.144818	1.251171	-1.362371	5.11089988e-09	6.3850452e-10
1718.644844	1.853936	-1.248855	4.01173876e-09	5.492406e-10
1721.868782	1.289781	-1.370001	4.84701436e-09	6.3361324e-10
1724.382835	1.182874	-1.224273	5.542877e-09	6.9247144e-10
1726.967825	1.305700	-1.402116	4.87620352e-09	6.1839776e-10
1729.658975	1.427359	-1.385450	4.68824256e-09	5.9456064e-10
1732.465654	1.716353	-1.379319	4.22189048e-09	5.4356776e-10
1735.607855	1.294407	-1.425848	4.79722628e-09	6.1764216e-10
1738.572825	1.323718	-1.670563	4.41145332e-09	5.5945836e-10
1741.375237	1.392807	-1.478695	4.5446966e-09	5.85129e-10
1744.068288	1.259905	-1.300244	3.29392716e-09	5.3784344e-10
1746.696125	1.505351	-1.367932	4.69477712e-09	5.7783236e-10
1749.594649	1.353806	-1.393173	4.85669912e-09	6.0674724e-10
1752.280476	1.023511	-1.332021	5.47554184e-09	7.1577584e-10
1754.449087	1.231805	-1.145100	5.73615392e-09	6.9561084e-10
1757.242456	1.822325	-1.561564	3.75914436e-09	4.9562192e-10
1760.556254	1.458310	-1.491473	4.36969368e-09	5.7121676e-10
1763.399458	1.429690	-1.384895	4.79040792e-09	5.896026e-10
1766.023069	1.211453	-1.193921	5.545623e-09	6.9281448e-10
1768.473636	1.345941	-1.239113	4.93616428e-09	6.5521948e-10
1771.219064	1.139316	-1.399487	3.32000284e-09	5.4210116e-10
1773.826553	1.029714	-1.468173	5.34142908e-09	6.6730452e-10
1776.215643	1.380458	-1.359376	4.76929424e-09	6.1404592e-10
1779.253566	1.573429	-1.657465	3.99080448e-09	5.2168744e-10
1782.327602	1.463406	-1.500607	4.4504962e-09	5.6440976e-10
1785.004526	1.248776	-1.213518	3.55133876e-09	5.8323568e-10
1787.704458	1.345644	-1.451156	4.67085932e-09	6.0137244e-10
1790.120234	1.194687	-1.070132	3.72575548e-09	6.083538e-10
1792.695052	1.194242	-1.380131	5.0710962e-09	6.5290288e-10
1795.497306	1.688700	-1.608012	3.91063152e-09	5.1120704e-10
1798.557363	1.708317	-1.371357	4.2356606e-09	5.4534064e-10
1801.307938	0.991252	-1.042257	6.40555996e-09	8.2471488e-10
1803.751246	1.485288	-1.452056	4.54142172e-09	5.6735964e-10
1806.562347	1.408700	-1.325813	3.24224336e-09	4.9429668e-10
1809.168521	1.063765	-1.197475	3.80104732e-09	6.0647724e-10
1811.748290	1.385748	-1.516004	4.64774724e-09	5.7204392e-10
1814.489513	1.670815	-1.355475	4.2213226e-09	5.603324e-10
1817.423811	1.243285	-1.263483	5.08444092e-09	6.7490152e-10
1820.129532	1.154650	-1.462436	3.33424616e-09	5.199688e-10
1822.473684	1.448937	-1.189502	4.9455558e-09	6.3673956e-10
1825.331869	1.177587	-1.409249	3.25957792e-09	5.322348e-10
1827.848995	1.336258	-1.339538	3.8612608e-09	5.5105832e-10
1830.545031	1.179026	-1.359778	5.25548852e-09	6.56568e-10
1832.942368	1.160369	-1.218312	3.72888168e-09	5.6848716e-10
1835.608420	1.726983	-1.505682	4.08137984e-09	5.1759864e-10
1838.651779	1.153041	-1.316376	3.74269448e-09	5.8122992e-10
1841.002488	1.124081	-1.197668	3.75517888e-09	5.856124e-10
1843.361510	1.398156	-1.234941	5.1232588e-09	6.305698e-10
1846.403466	1.458989	-1.643800	4.01517096e-09	5.4971052e-10
1849.291408	1.727189	-1.428953	4.22435928e-09	5.2774904e-10
1852.244804	1.063532	-1.226206	3.77021308e-09	6.0765744e-10
1854.803790	1.502370	-1.495454	4.15296388e-09	5.6857552e-10
1857.842441	1.473975	-1.536281	4.1871638e-09	5.6442988e-10
1860.482871	1.180201	-1.166456	3.52833524e-09	5.89721e-10
1862.765941	1.227796	-1.102869	3.70143528e-09	5.9657232e-10
1865.208238	1.162381	-1.214501	5.54718424e-09	7.0349124e-10
1867.742649	1.718304	-1.372031	4.31444012e-09	5.3900284e-10
1870.918396	1.803689	-1.457442	3.9994062e-09	5.1492292e-10
1874.085140	1.529792	-1.363055	4.60869084e-09	5.757636e-10
1876.910709	1.369348	-1.295777	3.11112272e-09	5.1998868e-10
1879.517280	1.289127	-1.237223	5.04314828e-09	6.694204e-10
1882.418814	1.444104	-1.612407	4.26929624e-09	5.4967124e-10
1884.996643	1.271660	-1.133725	3.6327038e-09	5.9659824e-10
1887.482177	1.113215	-1.213875	3.69013676e-09	5.8878088e-10
1889.651825	1.345365	-1.056433	3.6118366e-09	5.8775568e-10
1892.504200	1.266648	-1.507010	4.80816352e-09	6.0068368e-10
1894.970481	1.387210	-1.199634	5.04401108e-09	6.4941564e-10
1897.349465	1.354866	-0.991774	3.78123708e-09	5.7646904e-10
1899.816497	1.193588	-1.112166	3.91561336e-09	5.8370516e-10
1902.332820	1.749827	-1.322734	4.1534398e-09	5.5132176e-10
1905.497058	1.650992	-1.414411	4.40160456e-09	5.4174872e-10
1908.660256	1.503405	-1.512206	4.28009556e-09	5.5950428e-10
1911.330223	1.393591	-1.166562	3.79846012e-09	5.5941432e-10
1914.106027	1.437693	-1.382212	4.62700104e-09	5.9572568e-10
1917.003044	1.364141	-1.459324	4.56936848e-09	5.9731872e-10
1919.649732	1.323862	-1.282548	4.94638736e-09	6.4660352e-10
1922.056875	1.400350	-1.083281	5.31660148e-09	6.7424884e-10
1924.623235	1.234041	-1.166010	3.57494416e-09	5.7040128e-10
1927.090705	1.171939	-1.233429	3.69448184e-09	5.6324276e-10
1929.497270	1.040865	-1.234626	3.76879724e-09	6.013316e-10
1932.008683	1.505914	-1.470548	4.379485e-09	5.6385804e-10
22760.879750	1.748100	-2.039613	3.3320212e-10	6.083412e-11
22764.656259	1.981749	-2.028409	3.1463124e-10	5.744356e-11
22768.877540	1.614066	-2.239532	3.102754e-10	6.098704e-11
22773.354323	2.903428	-2.862717	2.1308424e-10	4.035556e-11
22778.785535	2.706423	-2.527784	2.4104252e-10	4.400816e-11
22784.154535	2.367012	-2.662577	2.3773716e-10	4.672908e-11
22788.764699	2.181532	-2.243152	2.627748e-10	5.363624e-11
22793.304520	2.797601	-2.358288	2.3190804e-10	4.558332e-11
22799.291616	2.662066	-3.189495	2.0433944e-10	4.016452e-11
22803.925386	2.296404	-1.971705	2.8013628e-10	5.506296e-11
22808.747794	2.194016	-2.526004	2.4632596e-10	5.02788e-11
22814.158132	1.948463	-3.216321	2.3788028e-10	4.505164e-11
22819.682281	2.750877	-3.575686	1.8379552e-10	3.75154e-11
22824.552182	1.837764	-2.119024	3.0219412e-10	5.93986e-11
22829.007757	2.048820	-2.617811	2.2090636e-10	5.279024e-11
22834.260676	2.892966	-3.204099	2.0693824e-10	3.778156e-11
NO	NO	NO	NO	NO
! PC data
!TIME		Err (pos)	Err(neg)	Flux		Error
22868.937767	18.352265	-24.272124	2.2332276e-10	4.822612e-11
22914.158863	18.262909	-26.868831	2.190006e-10	4.66098e-11
22951.599674	20.939177	-19.177902	2.1447024e-10	4.88686e-11
22987.956649	14.670022	-15.417798	2.8724072e-10	6.514052e-11
23015.789176	11.910655	-13.162505	3.3854068e-10	7.825296e-11
23057.243502	28.124670	-29.543670	1.5002028e-10	3.490328e-11
23100.350776	12.597876	-14.982604	3.3208468e-10	7.279032e-11
23142.780028	25.329623	-29.831377	1.5384652e-10	3.556132e-11
23186.535362	16.676769	-18.425711	2.4174524e-10	5.587892e-11
23225.545340	25.305872	-22.333208	1.9653176e-10	4.31816e-11
23269.654321	13.792031	-18.803109	3.0305096e-10	6.449816e-11
23307.502580	13.553551	-24.056229	2.3935252e-10	5.341704e-11
23339.607472	21.565760	-18.551340	2.1541936e-10	4.885284e-11
23389.754975	14.042697	-28.581743	2.0274536e-10	4.597864e-11
23422.349027	19.058445	-18.551355	2.2883888e-10	5.21426e-11
23468.857760	20.188792	-27.450288	1.80651e-10	4.116264e-11
23512.861577	23.824055	-23.815025	1.9061348e-10	4.215712e-11
23548.309433	13.449398	-11.623802	3.7962968e-10	8.198028e-11
23579.557821	17.303491	-17.798989	2.4289364e-10	5.587548e-11
23619.800293	22.192779	-22.938981	1.9064248e-10	4.343928e-11
23654.654437	12.411835	-12.661365	3.4622384e-10	7.81472e-11
23681.732631	12.914161	-14.666359	3.0770296e-10	7.112488e-11
23706.179364	11.033308	-11.532572	3.8473796e-10	8.684032e-11
23748.926900	18.432151	-31.714229	1.7470776e-10	3.906584e-11
23791.301004	16.175207	-23.941953	2.1740452e-10	4.884104e-11
23827.909456	17.176516	-20.433244	2.2768776e-10	5.212776e-11
23860.754621	21.941131	-15.668649	2.3084388e-10	5.210444e-11
23908.831558	31.532533	-26.135807	1.9694396e-10	3.959136e-11
46929.659018	18.554894	-11.532934	1.0380988e-10	2.34906e-11
46965.011974	18.304417	-16.798063	8.696588e-11	2.016108e-11
47008.012187	17.928645	-24.695796	7.337824e-11	1.66044e-11
47044.243570	16.799722	-18.302738	8.876268e-11	2.020656e-11
47086.991850	21.690562	-25.948558	6.560336e-11	1.484504e-11
47132.625601	18.681231	-23.943189	7.329108e-11	1.658468e-11
47168.731925	12.662746	-17.425094	1.0501076e-10	2.348112e-11
47198.318397	13.164134	-16.923725	1.0387952e-10	2.350636e-11
47225.522568	21.062404	-14.040036	8.9467e-11	2.012456e-11
47265.513967	23.695445	-18.928995	7.376212e-11	1.659192e-11
47311.272436	18.054036	-22.063024	7.74406e-11	1.762912e-11
47352.189159	24.776372	-22.862688	6.851508e-11	1.520828e-11
47390.993744	16.059608	-14.028212	1.0906172e-10	2.407056e-11
47427.737443	19.432969	-20.684091	7.74456e-11	1.763024e-11
47463.717765	18.555106	-16.547354	9.009464e-11	2.014576e-11
47495.345852	17.014820	-13.072980	1.0726592e-10	2.408548e-11
47535.802740	19.182352	-23.442068	7.330936e-11	1.65888e-11
47575.954465	14.133027	-20.969373	9.49692e-11	2.115648e-11
47614.281433	20.937758	-24.193942	6.884792e-11	1.5673e-11
47648.507431	11.784921	-13.288239	1.2529732e-10	2.818416e-11
47684.223913	18.692819	-23.931561	7.983928e-11	1.739592e-11
47739.373603	23.718709	-36.456871	6.123876e-11	1.288108e-11
47786.408661	24.322650	-23.316350	6.596204e-11	1.48374e-11
47826.025042	17.301349	-15.293731	9.692516e-11	2.167312e-11
47877.673086	30.843485	-34.346695	4.796176e-11	1.085304e-11
47922.431162	16.173190	-13.914590	1.0439116e-10	2.348156e-11
47953.772588	17.426844	-15.168236	9.590816e-11	2.170256e-11
47992.885547	23.445525	-21.686115	6.846492e-11	1.568016e-11
48042.028595	26.956037	-25.697523	5.900836e-11	1.343308e-11
48089.698629	16.895723	-20.713997	8.633632e-11	1.92744e-11
52977.121216	26.956115	-28.204913	5.515988e-11	1.267116e-11
53021.126227	15.546305	-17.048895	9.576424e-11	2.141352e-11
53060.033877	29.292335	-23.361345	6.368564e-11	1.391432e-11
53120.765116	21.214795	-31.438905	7.287512e-11	1.482756e-11
53177.258234	29.911958	-35.278322	4.953108e-11	1.097548e-11
53225.346768	19.433244	-18.176576	8.252896e-11	1.855284e-11
53265.713457	29.212894	-20.933446	6.227804e-11	1.39258e-11
53314.922626	32.657426	-19.996274	6.193504e-11	1.358424e-11
53369.726056	28.000336	-22.146004	6.471068e-11	1.426572e-11
53409.635458	18.178714	-11.909066	1.0316184e-10	2.31912e-11
53445.304884	15.104407	-17.490713	1.000692e-10	2.19482e-11
53495.210406	25.374486	-34.801114	5.365256e-11	1.188876e-11
53543.566439	22.150153	-22.981547	7.228892e-11	1.585516e-11
53586.400109	21.940843	-20.683517	7.100824e-11	1.640132e-11
53639.429619	29.086913	-31.088667	5.132264e-11	1.15996e-11
53695.914429	30.270363	-27.397897	5.573216e-11	1.24134e-11
53748.499014	22.817457	-22.314223	6.808384e-11	1.547108e-11
53798.770215	15.170597	-27.453743	7.282468e-11	1.637128e-11
53830.989741	20.560790	-17.048930	8.25538e-11	1.855844e-11
53875.744697	23.444755	-24.194165	6.549056e-11	1.464412e-11
53927.395091	19.433340	-28.205640	6.481816e-11	1.46498e-11
53971.481830	22.985542	-24.653398	6.877924e-11	1.500884e-11
54013.522065	18.555007	-19.054693	8.29624e-11	1.855096e-11
54065.473732	41.822740	-33.396660	5.767332e-11	1.09828e-11
57825.656148	1114.900263	-444.668925	5.51332e-11	1.203104e-11
58956.101257	12.035675	-15.544845	5.66164e-11	1.26598e-11
58989.573512	21.187800	-21.436580	3.624464e-11	8.2044e-12
59024.926936	15.922236	-14.165624	5.161472e-11	1.161212e-11
59055.767149	12.662482	-14.917978	5.662168e-11	1.2661e-11
59080.088155	15.921977	-11.658523	5.634192e-11	1.26756e-11
59107.650661	15.939991	-11.640529	5.947024e-11	1.297748e-11
59141.015995	10.155137	-17.425343	5.629428e-11	1.266488e-11
59164.083427	9.653565	-12.912295	6.880956e-11	1.548052e-11
59202.021280	21.862072	-28.284288	4.969236e-11	8.818e-12
59425.705045	14.626627	-12.953841	5.912272e-11	1.297688e-11
59451.255987	11.641505	-10.924315	7.273036e-11	1.587108e-11
59495.714393	46.137339	-32.816901	5.392816e-11	1.190612e-11
59558.399144	16.047688	-16.547412	4.70792e-11	1.072296e-11
59593.041818	14.000054	-18.594986	5.66676e-11	1.174592e-11
59623.714766	15.922206	-16.672894	4.762228e-11	1.071388e-11
59657.438451	14.793601	-17.801479	4.762828e-11	1.071524e-11
59690.200247	17.134205	-17.968195	4.620388e-11	1.020076e-11
59729.242950	15.701222	-21.908498	4.313532e-11	9.52332e-12
59766.672910	23.402882	-21.728738	6.169316e-11	1.039296e-11
87318.297352	10343.364280	-1095.735609	2.172368e-11	4.91124e-12
97696.887737	24.949414	-35.226106	4.216452e-11	9.63884e-12
97758.692087	43.379005	-36.854935	3.178072e-11	7.2248e-12
97828.754810	23.462542	-26.683718	5.396104e-11	1.183688e-11
97913.042288	49.496863	-60.824937	2.35534e-11	5.39188e-12
98012.303414	58.050238	-49.764262	2.35326e-11	5.37956e-12
98119.994915	45.636677	-49.641263	2.6618e-11	6.08492e-12
98199.604458	21.188033	-33.972867	4.671008e-11	1.050208e-11
98303.065015	68.166417	-82.272523	1.831016e-11	4.0442e-12
98419.619352	39.368159	-48.387921	2.89092e-11	6.60868e-12
98515.279715	28.956557	-56.292203	3.128032e-11	6.97096e-12
98592.872482	56.671130	-48.636210	2.446768e-11	5.5012e-12
98703.686621	36.120390	-54.143010	2.98398e-11	6.58008e-12
98783.264222	41.784610	-43.457210	3.598228e-11	7.44656e-12
103457.861436	34.477935	-35.726853	2.224696e-11	5.00244e-12
103517.160694	25.324937	-24.821323	3.115572e-11	7.00568e-12
103563.546577	19.056075	-21.060945	3.8933e-11	8.75448e-12
103609.179291	23.569661	-26.576639	3.115644e-11	7.00584e-12
103661.820427	26.089445	-29.071475	2.988772e-11	6.52204e-12
103733.337166	37.314106	-45.427294	1.952576e-11	4.3532e-12
103809.637097	46.262874	-38.985826	1.78356e-11	4.12592e-12
103881.151387	22.387565	-25.251415	3.44394e-11	7.5554e-12
103928.611205	20.059447	-25.072253	3.4606e-11	7.78148e-12
103970.340326	20.954706	-21.669674	3.829784e-11	8.44692e-12
104014.110636	27.330755	-22.815605	3.082652e-11	7.01012e-12
104090.928111	28.240100	-49.486719	2.0998e-11	4.63128e-12
104157.528581	24.322531	-38.360369	2.4655e-11	5.60668e-12
104206.422429	13.038443	-24.571317	4.152976e-11	9.33836e-12
104256.943432	32.722340	-37.482560	2.20114e-11	5.00552e-12
104325.781199	31.582153	-36.115427	2.398896e-11	5.31948e-12
104388.343925	44.238966	-30.980574	2.169936e-11	4.78596e-12
104469.653793	23.104719	-37.070901	2.712012e-11	5.98156e-12
104522.468963	27.957829	-29.710451	2.679736e-11	6.09388e-12
104572.937190	25.128642	-22.510398	2.171084e-11	4.5494e-12
121567.797203	32.418068	-35.279492	2.551168e-11	5.6204e-12
121643.336865	52.156507	-43.121593	1.717296e-11	3.8982e-12
121729.966789	33.224183	-34.473417	2.440168e-11	5.48368e-12
121800.924481	34.978730	-37.733510	2.271976e-11	5.10572e-12
121884.913115	36.238896	-49.009904	2.035124e-11	4.46216e-12
121977.564285	33.851167	-56.412273	1.99668e-11	4.31552e-12
122048.271471	33.348880	-36.856020	2.364272e-11	5.28668e-12
122107.444468	31.844143	-25.824117	2.823516e-11	6.4418e-12
122198.205871	53.911981	-58.917259	1.464112e-11	3.29024e-12
122287.875073	36.954939	-35.757221	2.38608e-11	5.23168e-12
122361.560756	33.474096	-36.730744	2.341908e-11	5.28932e-12
122436.164320	34.089992	-41.129468	2.27504e-11	5.06048e-12
122507.922328	35.044064	-37.668016	2.35348e-11	5.23496e-12
122587.719430	43.002942	-44.753038	1.882412e-11	4.23028e-12
122675.433495	50.559017	-44.711123	2.849852e-11	5.0082e-12
127571.064212	90.532219	-125.097261	1.924608e-11	4.3204e-12
127765.265181	64.321591	-103.668749	2.421804e-11	5.54492e-12
127920.467518	69.587594	-90.880746	2.280168e-11	5.11856e-12
128023.186175	29.551877	-33.131063	1.470628e-11	3.2222e-12
128079.314817	23.569575	-26.576765	1.757848e-11	3.93068e-12
128143.535909	49.611882	-40.651518	1.901236e-11	4.1988e-12
128240.030538	50.902594	-46.882746	1.72054e-11	3.86336e-12
128334.808262	46.388250	-43.875130	1.851152e-11	4.19168e-12
128419.557266	21.814766	-38.360754	2.774296e-11	6.282e-12
128491.892453	34.728299	-50.520421	1.959904e-11	4.43792e-12
128587.660843	49.281729	-61.040091	1.966876e-11	3.90912e-12
133476.720563	36.734088	-40.992792	2.126404e-11	4.81516e-12
133573.375227	55.416085	-59.920575	1.434968e-11	3.24944e-12
133679.185586	39.869166	-50.394274	1.830808e-11	4.1458e-12
133755.659165	48.644407	-36.604413	1.93126e-11	4.39184e-12
133849.934537	54.661754	-45.630966	1.655028e-11	3.73196e-12
133934.264771	38.029040	-29.668479	2.567488e-11	5.6704e-12
134015.029692	37.498240	-42.735880	2.268692e-11	4.89264e-12
134091.013878	34.226214	-38.485946	2.26416e-11	5.14888e-12
134167.988582	24.949070	-42.748490	1.253676e-11	2.83964e-12
134221.519975	31.593217	-28.582323	1.427796e-11	3.19264e-12
134275.428060	12.787512	-22.314868	2.42624e-11	5.47192e-12
134315.419047	27.957465	-27.203475	1.55206e-11	3.4854e-12
134374.591321	36.482630	-31.214810	1.485172e-11	3.378e-12
134456.431640	34.876332	-45.357688	2.303864e-11	4.91184e-12
134572.643604	54.059267	-81.335633	2.104548e-11	3.60928e-12
139430.850450	31.468382	-28.707246	1.41966e-11	3.17444e-12
139515.385921	57.254951	-53.067089	2.428884e-11	5.36348e-12
139613.293591	34.566861	-40.652719	3.840192e-11	8.41248e-12
139693.115939	27.456733	-45.255487	1.170248e-11	2.628e-12
139752.790481	30.465110	-32.217810	1.476604e-11	3.33024e-12
139819.736000	33.724491	-36.480409	2.330872e-11	5.23392e-12
139879.786578	23.820234	-26.326086	2.00132e-11	4.51364e-12
139938.708201	27.581491	-35.101389	1.3575e-11	3.04848e-12
139996.752403	27.205589	-30.462711	1.469112e-11	3.31336e-12
140043.263664	25.826008	-19.305672	3.296416e-11	7.371e-12
140105.318912	36.482900	-36.229240	2.256732e-11	5.0674e-12
140190.315828	41.749263	-48.514016	1.793168e-11	4.07788e-12
140298.504856	56.418616	-66.439764	1.317932e-11	2.99716e-12
140394.142335	43.522497	-39.218863	2.072568e-11	4.55908e-12
140502.430867	73.135424	-64.766036	1.105356e-11	1.85992e-12
172678.327811	32.220221	-37.984667	1.2061e-11	2.70824e-12
172747.857830	35.402381	-37.309799	1.213872e-11	2.68084e-12
172824.754495	36.232517	-41.494283	1.564648e-11	3.55772e-12
172923.415521	62.937351	-62.428509	1.268468e-11	2.89552e-12
173035.744377	63.437815	-49.391505	1.420896e-11	3.21664e-12
173129.895735	36.984077	-30.713543	1.41542e-11	3.1916e-12
173206.870539	27.706913	-39.990727	1.255588e-11	2.80756e-12
173264.962737	29.790335	-30.385285	1.466124e-11	3.23796e-12
173343.524987	26.447705	-48.771915	1.182224e-11	2.59012e-12
173417.788660	44.954892	-47.815968	9.47472e-12	2.10096e-12
173493.206656	29.712616	-30.463104	1.406944e-11	3.1592e-12
173567.672400	48.017712	-44.753128	9.12736e-12	2.04948e-12
173647.406901	28.458931	-31.716789	1.401284e-11	3.15972e-12
173712.345424	38.739988	-36.479592	1.12108e-11	2.52792e-12
173792.902327	43.431984	-41.816916	1.388676e-11	2.64072e-12
178431.329168	27.923104	-24.730544	1.772196e-11	3.79288e-12
178510.650835	36.357557	-51.398563	1.006952e-11	2.22416e-12
178591.009919	41.247313	-44.001527	9.9908e-12	2.234e-12
178675.256064	42.250008	-42.998832	9.90464e-12	2.2336e-12
178745.576339	24.583433	-28.070267	1.847168e-11	3.88008e-12
178817.736720	47.701151	-47.576949	9.27612e-12	2.04892e-12
178916.334307	44.381744	-50.896436	8.86312e-12	1.99872e-12
178995.315522	43.127489	-34.599471	1.095524e-11	2.44968e-12
179072.062966	26.555725	-33.619955	1.557016e-11	3.31956e-12
179141.993462	39.366830	-43.374770	1.108892e-11	2.51136e-12
179224.998201	36.596430	-43.637910	2.012108e-11	4.42564e-12
179304.969550	39.366662	-43.374918	1.02116e-11	2.3028e-12
179377.825803	26.686148	-33.489592	1.486212e-11	3.24316e-12
179503.339113	99.251239	-98.827161	7.95332e-12	1.30752e-12
184333.794261	37.611350	-42.622798	1.07574e-11	2.41468e-12
184414.780628	36.859163	-43.375017	1.070548e-11	2.41228e-12
184511.276464	38.148747	-59.636673	9.1944e-12	2.02856e-12
184592.549932	44.631420	-43.124720	9.7542e-12	2.20644e-12
184675.165688	52.279163	-37.984337	9.5914e-12	2.14472e-12
184761.418392	26.202119	-33.973540	1.42756e-11	3.21676e-12
184823.097868	39.742284	-35.477356	1.138276e-11	2.57484e-12
184890.796300	19.682932	-27.956148	1.816748e-11	4.06236e-12
184946.457994	39.240838	-35.978762	1.150484e-11	2.57256e-12
185039.855836	31.091936	-54.157004	1.015368e-11	2.27044e-12
185142.277307	66.573105	-71.329535	1.183004e-11	2.67532e-12
185288.328370	48.395401	-79.477959	1.342396e-11	3.0358e-12
185416.326773	70.835379	-79.603001	1.254016e-11	2.11304e-12
195796.223105	34.100546	-41.118822	1.118656e-11	2.53348e-12
195863.042609	39.993143	-32.718957	1.166748e-11	2.62e-12
195935.253987	27.957264	-32.218236	1.409812e-11	3.1658e-12
196013.892280	47.104252	-50.681028	9.0766e-12	1.99676e-12
196105.708628	40.536623	-44.712097	1.74912e-11	3.81688e-12
196189.870883	31.593829	-43.625631	2.107052e-11	4.75084e-12
196271.107222	60.679409	-49.642510	1.3359e-11	3.01236e-12
196370.147592	34.351240	-38.360960	1.157312e-11	2.62104e-12
196454.941495	49.850057	-50.442663	8.74648e-12	1.9478e-12
196542.901730	42.123962	-38.110178	1.05308e-11	2.37484e-12
196627.397665	42.876866	-42.371974	9.99456e-12	2.23484e-12
196705.375906	27.581545	-35.101374	1.353984e-11	3.04044e-12
196770.189894	48.016398	-37.232442	9.91908e-12	2.23688e-12
196878.305079	72.784433	-60.098787	1.0874e-11	1.86952e-12
218597.078380	1933.453792	-4393.151968	9.16592e-12	2.04956e-12
220574.910158	33.348753	-44.377987	1.104104e-11	2.47844e-12
220677.333006	58.798846	-69.074094	6.66264e-12	1.50728e-12
220764.589085	34.225567	-28.457233	1.375024e-11	3.07464e-12
220828.651266	22.816965	-29.836615	1.636288e-11	3.65884e-12
220917.032126	47.265105	-65.563895	7.57548e-12	1.70712e-12
221007.045422	42.500330	-42.748190	1.003564e-11	2.26152e-12
221087.153346	55.162885	-37.607595	9.2482e-12	2.07596e-12
221193.211540	61.933632	-50.895308	7.55036e-12	1.70812e-12
221332.797286	80.304158	-77.652114	9.81344e-12	1.63556e-12
225968.825877	32.846595	-39.865625	1.275956e-11	2.8648e-12
226074.832001	74.770651	-73.159529	7.79352e-12	1.57464e-12
234647.366662	1867.122650	-2735.983090	7.8476e-12	1.78308e-12
236555.106481	42.124431	-40.617169	1.057952e-11	2.38192e-12
236698.080774	112.269358	-100.849862	8.2094e-12	1.30956e-12
249593.503594	68.827358	-38.987310	7.94276e-12	1.79588e-12
249702.446308	72.713963	-40.115356	7.58728e-12	1.71548e-12
249818.917789	31.462043	-43.757517	1.204284e-11	2.6372e-12
249913.001013	42.686078	-62.621182	8.5994e-12	1.88316e-12
250015.408993	55.614619	-59.721901	9.32544e-12	1.87612e-12
253652.191313	52.153519	-40.617321	9.3924e-12	2.11784e-12
253763.389066	68.829225	-59.044235	6.84672e-12	1.5374e-12
253923.965091	106.328000	-91.746800	7.0268e-12	1.25568e-12
265264.933978	44.716033	-83.157347	7.29316e-12	1.59668e-12
265384.688306	40.298546	-75.038294	8.11184e-12	1.77016e-12
265566.506000	164.369332	-141.519148	5.60324e-12	9.1032e-13
271029.134032	50.274220	-77.599120	6.62892e-12	1.50092e-12
271137.020718	52.707694	-57.612466	8.9422e-12	1.8646e-12
283616.467980	45.634612	-59.672628	8.11764e-12	1.82256e-12
283738.070555	81.992897	-75.967963	5.40848e-12	1.21432e-12
283894.652395	115.966976	-74.588944	4.46768e-12	1.0072e-12
284079.566869	73.969382	-68.947498	5.90996e-12	1.34336e-12
284252.770843	113.882409	-99.234591	7.38332e-12	1.22492e-12
294822.958893	54.285119	-46.007649	8.51172e-12	1.91916e-12
294963.116224	72.088928	-85.872212	5.38052e-12	1.21824e-12
295133.070426	60.095826	-97.865274	4.03584e-12	1.05368e-12
295283.287318	70.342925	-90.121067	7.10288e-12	1.39252e-12
330469.655286	27636.455885	-12089.321235	5.57332e-12	1.31444e-12
358187.847623	61.180968	-81.736452	5.89052e-12	1.33888e-12
358324.997345	97.036526	-75.968754	4.86516e-12	1.1058e-12
358500.886617	79.108554	-78.852746	5.24336e-12	1.21176e-12
358683.919622	81.617329	-103.924451	4.55452e-12	1.03096e-12
358851.660211	74.345221	-86.123259	5.24728e-12	1.19268e-12
358997.761782	91.210650	-71.756350	6.5388e-12	1.312e-12
363325.423066	81.657486	-103.883694	4.24952e-12	1.11576e-12
363507.617641	187.804551	-100.537089	3.66992e-12	8.2888e-13
363798.300809	110.243542	-102.878618	3.69908e-12	9.7124e-13
364055.214213	134.142958	-146.669861	4.538e-12	9.3224e-13
369222.094671	39.992700	-60.299880	8.61272e-12	1.93348e-12
369367.076056	108.133236	-104.988684	3.23916e-12	8.138e-13
369572.739585	93.025847	-97.530293	3.27404e-12	8.824e-13
369820.373401	128.713590	-154.607970	4.49876e-12	8.394e-13
374975.806993	74.092899	-46.258250	7.1872e-12	1.60712e-12
375129.351690	101.074962	-79.451798	4.99008e-12	1.09776e-12
375291.226965	79.609446	-60.800314	6.09944e-12	1.37548e-12
375457.491669	101.393563	-86.655257	3.57828e-12	9.188e-13
375640.494687	101.424765	-81.609455	4.60776e-12	1.05708e-12
375821.524128	68.320516	-79.604676	5.8266e-12	1.3084e-12
381061.622972	93.359860	-89.674240	3.5174e-12	9.238e-13
381228.568828	96.911643	-73.585997	5.0936e-12	1.1438e-12
381390.666711	142.921160	-65.186240	3.72144e-12	8.8968e-13
381616.201841	67.825071	-82.613969	5.76048e-12	1.29904e-12
381776.336273	173.459459	-92.309362	3.54832e-12	7.7132e-13
387038.056403	95.030608	-80.481672	4.92576e-12	1.10608e-12
387230.952135	70.125176	-97.865124	3.75812e-12	9.9832e-13
387397.480691	84.123541	-96.403379	4.73648e-12	1.07264e-12
387567.225189	79.861963	-85.620957	5.10684e-12	1.17148e-12
388441.320900	4533.858092	-794.233748	5.14916e-12	8.4356e-13
444022.790179	80.988673	-87.001707	3.74888e-12	9.9052e-13
444177.493394	39.114898	-73.714542	7.44628e-12	1.70136e-12
444332.860811	86.840541	-116.252519	3.063e-12	8.1884e-13
444508.080123	117.221728	-88.378772	4.10788e-12	9.3452e-13
444758.436112	82.495599	-133.134261	2.8874e-12	7.7188e-13
447435.730234	8194.350258	-2594.798522	5.0806e-12	9.3128e-13
461579.565190	125.958862	-129.787518	2.59044e-12	6.8096e-13
461793.361920	67.615951	-87.837869	4.28624e-12	1.11464e-12
461962.226810	86.800021	-101.248939	4.0156e-12	9.832e-13
462144.720918	84.832953	-95.694087	3.70048e-12	9.5888e-13
462329.306320	120.884052	-99.752448	4.24164e-12	9.2796e-13
467582.661417	84.834095	-90.678125	3.74832e-12	9.824e-13
467816.966025	108.783386	-149.470514	2.90408e-12	7.09e-13
468023.577708	135.347384	-97.828296	5.12448e-12	9.9248e-13
479634.457911	135.486281	-182.943019	2.042e-12	5.3804e-13
479854.563815	88.385216	-84.619624	4.06112e-12	1.02168e-12
480064.437289	81.599703	-121.488257	4.7864e-12	1.0228e-12
495941.113526	100.715766	-129.957374	2.80388e-12	7.3184e-13
496166.774258	90.684473	-124.944967	2.97904e-12	7.8324e-13
496347.092391	90.893340	-89.633659	4.79296e-12	1.08048e-12
496539.864088	86.170683	-101.878357	3.43872e-12	8.9756e-13
496700.666885	78.314486	-74.632114	4.24468e-12	1.10392e-12
496926.822117	143.008434	-147.840746	2.22628e-12	5.8108e-13
497300.335022	210.783469	-230.504471	2.43848e-12	4.942e-13
501761.233956	100.716115	-190.132425	3.5776e-12	9.3524e-13
501932.653794	74.720698	-70.703722	6.14704e-12	1.37768e-12
502154.212621	101.386470	-146.838130	2.68228e-12	6.99e-13
502337.752881	73.300010	-82.153790	4.30916e-12	1.11604e-12
502499.558157	84.499855	-88.505265	3.84876e-12	1.003e-12
502686.854563	110.325589	-102.796551	3.34384e-12	8.408e-13
502896.954232	78.245540	-99.774080	4.26656e-12	1.0376e-12
503105.572696	165.479116	-130.372924	2.36788e-12	6.0592e-13
507588.621202	123.621649	-257.490390	2.81968e-12	7.3936e-13
507796.904050	80.821762	-84.661198	4.2724e-12	1.11336e-12
507986.789344	119.102508	-109.063532	3.07036e-12	8.076e-13
508239.192208	132.475524	-133.300356	2.66008e-12	6.932e-13
508494.398651	70.332660	-122.730920	4.8718e-12	1.102e-12
508653.235933	127.124738	-88.504621	3.27876e-12	8.544e-13
508904.049719	127.042613	-123.689047	4.476e-12	9.3e-13
513280.140100	112.081891	-118.591129	3.48104e-12	9.106e-13
513538.557611	134.483980	-146.335620	2.8598e-12	7.4808e-13
513783.484179	115.216073	-110.442587	4.78268e-12	1.07468e-12
514069.819337	144.803175	-171.119085	2.67296e-12	6.87e-13
514336.557717	88.679575	-121.935205	3.81236e-12	9.9728e-13
514584.375433	206.918538	-159.138142	5.59352e-12	9.1324e-13
519049.728665	101.927007	-138.775413	4.61188e-12	1.03628e-12
519227.958944	79.150407	-76.303272	4.23344e-12	1.1002e-12
519408.484649	96.702963	-101.375297	3.30088e-12	8.6344e-13
519614.253090	91.520121	-109.065479	3.32232e-12	8.634e-13
519831.888430	74.470442	-126.115218	3.27e-12	8.526e-13
520026.956585	115.090366	-120.597714	2.80088e-12	7.2552e-13
520385.475451	205.381381	-243.428499	2.62804e-12	5.114e-13
524858.049563	146.182709	-117.085551	2.65868e-12	6.9076e-13
525084.542973	182.957838	-80.310702	2.62604e-12	6.9092e-13
525419.664306	146.201405	-152.163495	3.2756e-12	7.2132e-13
611408.676649	100.141323	-148.083017	2.8024e-12	7.0712e-13
611587.462976	89.345256	-78.645004	3.87612e-12	1.01072e-12
611747.093872	92.690020	-70.285640	4.00392e-12	1.04404e-12
611926.005529	114.363942	-86.221638	3.91372e-12	9.2752e-13
612202.587268	163.733703	-162.217797	1.97408e-12	5.2164e-13
612509.651817	89.849694	-143.330846	2.79276e-12	7.2824e-13
612733.398713	156.939919	-133.897201	3.14468e-12	6.9116e-13
617205.265947	154.372404	-184.115216	1.97776e-12	5.2e-13
617462.018488	105.727243	-102.380137	3.25596e-12	8.4576e-13
617705.394068	133.142144	-137.648336	2.5018e-12	6.4984e-13
617965.152050	109.072222	-126.615838	2.8756e-12	7.4696e-13
618205.519986	106.899566	-131.295714	2.84476e-12	7.3896e-13
618470.146170	180.761182	-157.726618	2.90544e-12	6.2996e-13
622879.100613	83.498298	-127.116202	3.0714e-12	8.1284e-13
623081.026058	82.158313	-118.427146	3.23328e-12	8.5264e-13
623339.273935	179.949857	-176.089563	1.82784e-12	4.8032e-13
623648.502588	126.467944	-129.278796	2.71728e-12	6.906e-13
623885.538160	145.178972	-110.567628	2.5882e-12	6.6828e-13
624214.369903	194.939809	-183.652771	2.76072e-12	5.7248e-13
628716.614883	233.836200	-164.824500	3.18972e-12	5.966e-13
634596.939683	83.495688	-104.553292	3.639e-12	9.396e-13
634803.877251	57.085361	-123.441879	3.78928e-12	9.784e-13
635024.018441	97.705871	-163.055829	2.57072e-12	6.7784e-13
635295.304351	154.879440	-173.580040	2.04692e-12	5.3784e-13
635576.130813	122.277899	-125.947021	2.7192e-12	7.1196e-13
635882.286180	212.264912	-183.877468	2.16404e-12	5.0208e-13
640614.990537	155.710475	-122.602553	2.32348e-12	6.1272e-13
640895.311404	108.570927	-124.610393	2.80216e-12	7.3116e-13
641196.859880	70.291592	-192.977548	2.46468e-12	6.4768e-13
641431.539597	176.607835	-164.388125	1.91064e-12	5.0032e-13
641878.119118	228.970065	-269.971687	2.4468e-12	4.6688e-13
713196.370059	3853.091533	-2003.054616	1.48796e-12	3.5452e-13
727892.336530	94.028082	-144.167278	2.74712e-12	7.142e-13
728136.378708	145.849484	-150.014096	2.1762e-12	5.7568e-13
728444.444998	166.241674	-162.216806	1.96716e-12	5.1856e-13
733765.865136	248.173135	-248.272265	1.9328e-12	4.2488e-13
790362.963238	832.242334	-305.389386	1.70284e-12	4.4496e-13
791436.712477	252.431195	-241.506905	2.21248e-12	4.6608e-13
795975.392239	165.741253	-165.224596	2.06432e-12	5.3744e-13
796246.522441	130.299031	-105.388949	2.91956e-12	7.554e-13
796667.743088	213.049844	-290.921616	1.34556e-12	3.5252e-13
797195.696645	254.245198	-314.903714	1.58632e-12	3.6036e-13
801768.717722	154.207089	-161.714979	2.18892e-12	5.6748e-13
802171.719454	255.176637	-248.794643	1.35144e-12	3.554e-13
802609.170949	221.403822	-182.274858	1.6916e-12	4.4396e-13
805353.180807	15442.757825	-2522.606035	1.735e-12	3.518e-13
843066.129532	152.366000	-178.600500	2.04216e-12	5.3164e-13
843426.906096	262.966356	-208.410564	1.52328e-12	3.8524e-13
844004.017893	305.150239	-314.145441	1.81076e-12	3.6672e-13
848904.821410	193.823542	-257.494858	1.48716e-12	3.9212e-13
849283.926020	220.905431	-185.281069	1.66688e-12	4.358e-13
849878.121068	251.019784	-373.289616	1.29688e-12	3.1056e-13
856540.465079	3829.761193	-1170.559255	9.18e-13	2.4308e-13
860614.342830	244.811781	-244.116559	1.35472e-12	3.6104e-13
861019.029574	293.950278	-159.874962	1.46808e-12	3.8876e-13
861500.710386	148.250226	-187.730534	2.14584e-12	5.428e-13
878560.052419	370.191312	-329.345388	1.45064e-12	3.142e-13
884343.665455	346.578496	-352.958204	1.62448e-12	3.3044e-13
891114.728700	4849.865123	-1607.402908	1.127e-12	2.3884e-13
946421.339899	337.932393	-334.029727	9.9296e-13	2.6348e-13
947252.578149	436.896722	-493.305858	1.10776e-12	2.3548e-13
963423.791085	278.079947	-378.836933	1.01956e-12	2.6864e-13
964256.472796	5618.417916	-554.601764	1.55268e-12	3.0812e-13
980675.026852	171.923620	-164.057540	2.05412e-12	5.3788e-13
980984.265219	125.954413	-137.314747	2.6112e-12	6.8516e-13
981638.754226	431.755685	-528.534595	8.9764e-13	2.1128e-13
992786.398642	303.819210	-343.070470	1.04192e-12	2.7404e-13
993287.205353	171.589379	-196.987501	1.84092e-12	4.812e-13
993844.156513	286.584558	-385.361782	9.9888e-13	2.6384e-13
998508.615824	193.495568	-245.286052	1.55556e-12	4.0408e-13
999382.018863	553.680009	-679.907471	1.05396e-12	1.9992e-13
1009352.715657	159.386815	-4253.766085	1.817e-12	4.7308e-13
1009812.221255	181.287217	-300.118783	1.41488e-12	3.6916e-13
1010356.675663	454.205409	-363.167191	1.56184e-12	2.9752e-13
1015304.873356	298.467036	-285.738744	1.17304e-12	3.0868e-13
1015755.195157	169.082795	-151.854765	2.14888e-12	5.5832e-13
1016262.572171	368.756340	-338.294220	1.34288e-12	3.0028e-13
1021173.819467	311.188285	-395.876755	9.498e-13	2.51e-13
1021908.588720	481.547892	-423.580968	9.8268e-13	2.2656e-13
1026829.858446	222.078485	-291.922535	1.32784e-12	3.4784e-13
1027404.750814	444.502998	-352.813882	1.53976e-12	3.012e-13
1033316.903416	258.680795	-195.144704	1.4852e-12	3.8832e-13
1033851.907202	418.194910	-276.322990	1.35884e-12	3.0016e-13
1039199.884065	249.150427	-149.514253	1.76936e-12	4.616e-13
1039820.228035	330.846477	-371.193543	1.32416e-12	3.028e-13
1044416.569344	473.024328	-620.158472	1.19356e-12	2.2556e-13
1101554.775945	131.471327	-169.406613	2.36684e-12	6.1816e-13
1102443.001201	647.332131	-756.753930	9.4404e-13	1.8096e-13
1130589.709790	251.497322	-362.795018	1.0966e-12	2.8672e-13
1131386.173309	375.209063	-544.966197	1.07216e-12	2.3192e-13
1136335.030038	261.366693	-347.911447	1.10128e-12	2.89e-13
1137023.970359	505.137733	-427.573627	1.0988e-12	2.3376e-13
1141943.233988	142.168504	-196.318897	2.00004e-12	5.2076e-13
1143704.151739	27002.753893	-1618.749247	1.00468e-12	1.9096e-13
1199873.843270	359.986962	-357.105598	9.3932e-13	2.4712e-13
1200651.478218	537.628553	-417.647987	1.12416e-12	2.3468e-13
1205692.351772	351.455359	-355.608621	1.00652e-12	2.6536e-13
1206530.699015	478.413237	-486.891884	9.8648e-13	2.2408e-13
1211901.881412	867.426760	-804.942341	8.5372e-13	1.652e-13
1219178.361434	3777.056017	-2282.607683	9.178e-13	1.488e-13
1228772.972059	423.345673	-373.980067	8.5832e-13	2.2532e-13
1229442.615048	147.351424	-246.297316	1.75788e-12	4.5672e-13
1229748.861952	284.889640	-158.895480	1.65212e-12	4.1796e-13
1269166.717259	441.899533	-415.603247	8.0012e-13	2.0872e-13
1270065.787110	305.042701	-457.170319	1.13076e-12	2.6412e-13
1274851.178421	292.616951	-371.822529	1.0622e-12	2.7768e-13
1275664.966999	464.192293	-521.171627	7.5188e-13	1.932e-13
1280940.787764	888.398347	-701.229853	7.0376e-13	1.4592e-13
1286768.096161	702.863850	-708.746050	9.9784e-13	2.0152e-13
1380837.399402	3804.847889	-89066.856231	8.8488e-13	2.3576e-13
1385264.606880	485.863372	-622.359588	6.05e-13	1.6204e-13
1391897.556169	392.851983	-670.243217	7.088e-13	1.7692e-13
1397394.968357	640.367235	-528.034565	1.02184e-12	2.0264e-13
1403155.793864	526.911588	-528.661712	1.06688e-12	2.1548e-13
1442126.819795	282.421697	-379.509303	1.00816e-12	2.6568e-13
1442997.179008	472.646584	-587.937516	1.05704e-12	2.1404e-13
1448494.460930	734.968262	-987.546838	4.5808e-13	1.1456e-13
1453767.378794	213.717397	-378.009402	1.14608e-12	3.0184e-13
1454539.262326	509.939666	-558.166134	1.00768e-12	2.1148e-13
1459899.021403	910.204069	-812.311032	7.4504e-13	1.424e-13
1471149.951482	502.910089	-542.641011	6.244e-13	1.6896e-13
1474572.874175	3277.161097	-2920.012603	7.42e-13	1.4416e-13
1530208.660010	501.901602	-681.543998	6.7952e-13	1.6328e-13
1535626.482342	329.845429	-339.603671	1.35368e-12	3.0856e-13
1541368.193622	353.380022	-321.083678	1.04408e-12	2.706e-13
1546232.258999	781.408433	-625.186867	6.6896e-13	1.572e-13
1569052.386951	634.545421	-6131.455399	1.24136e-12	3.2768e-13
1572173.561635	3162.126317	-2486.629263	7.2492e-13	1.3888e-13
1617820.225519	3729.321193	-37056.677867	7.1364e-13	1.3272e-13
1659203.129207	2786.627644	-3922.788576	4.2652e-13	1.0872e-13
1673065.602693	444.076658	-6300.268482	6.5468e-13	1.78e-13
1687523.693329	25435.322563	-9172.119977	8.3896e-13	1.8044e-13
1774918.463630	19200.299222	-15625.079178	5.712e-13	1.5396e-13
1794743.137625	566.590786	-624.374774	5.3836e-13	1.5152e-13
1800206.916030	623.236582	-778.344118	6.146e-13	1.4684e-13
1847422.060365	4167.972967	-7658.077173	3.778e-13	1.0208e-13
1852344.923906	433.568106	-754.890574	6.3568e-13	1.6032e-13
1875190.860483	639.601409	-704.311391	8.07e-13	1.7168e-13
1882957.411040	3853.409312	-2713.688708	4.7832e-13	1.1244e-13
1932742.280944	447.884988	-735.560612	5.912e-13	1.5348e-13
1949041.569847	8072.940925	-5154.850995	5.314e-13	8.508e-14
2008827.389501	4850.770931	-6831.243209	5.2988e-13	1.418e-13
2014264.756013	526.644339	-586.595581	5.84e-13	1.5788e-13
2030036.678739	12403.311273	-11180.744147	6.0592e-13	1.0136e-13
2094272.998372	677.172840	-734.437061	4.99e-13	1.2936e-13
2105859.749219	610.272413	-6561.543955	5.8692e-13	1.4524e-13
2113587.133015	3459.366797	-2756.962543	3.438e-13	9.496e-14
2118776.568560	9357.089571	-1730.068269	8.2408e-13	1.9736e-13
2186889.170825	6160.275707	-6697.601162	1.828e-13	7.484e-14
2206175.427229	9182.664503	-8825.235557	4.818e-13	8.504e-14
2359727.486877	781.725995	-790.351105	4.1804e-13	1.1428e-13
2366021.380426	4543.197518	-1389.012474	4.5244e-13	1.1092e-13
2381621.956931	7490.005260	-5455.182900	4.3492e-13	8.576e-14
2686193.971846	8876.680945	-171491.837115	3.7976e-13	7.748e-14
2704225.599624	19515.744988	-4615.407572	4.4864e-13	8.772e-14
2863957.184062	14092.265801	-25857.832030	3.1896e-13	7.84e-14
2999814.274592	35574.936300	-41127.105100	3.4124e-13	7.74e-14
3042455.253969	4274.581302	-2698.848918	2.8088e-13	7.212e-14
3056770.406571	7476.080440	-5801.018440	2.8068e-13	6.228e-14
3362088.193554	64439.544537	-166129.245171	2.24e-13	4.172e-14
3524456.406611	6589.775081	-6094.633559	2.6108e-13	6.296e-14
3541724.200451	6627.091840	-6133.833200	2.8248e-13	6.332e-14
3827898.683999	78268.264652	-136355.696548	2.1108e-13	4.148e-14
4204379.290800	245090.112572	-166553.281849	1.0384e-13	2.784e-14
4541493.986191	62536.771380	-18477.594720	1.4148e-13	4.22e-14
4666366.759983	25250.177048	-56006.355872	1.3288e-13	3.164e-14
4791584.838753	66946.278399	-67168.127781	1.7576e-13	3.584e-14
5016624.197354	13345.539158	-10012.405862	1.726e-13	3.848e-14
5170838.486559	22692.618133	-14032.576107	1.1412e-13	3.144e-14
5208072.760788	8545.991664	-3758.005425	4.1932e-13	1.2652e-13
5427094.844913	77175.504739	-205402.861061	8.608e-14	2.248e-14
5524624.903354	19651.685118	-15823.301202	8.244e-14	2.62e-14
5736743.630626	15386.360646	-25104.442774	1.2288e-13	3.132e-14
5876557.609878	19850.201214	-27727.862234	1.0688e-13	3.052e-14
6160334.072796	116665.891956	-98071.529752	1.0228e-13	2.42e-14
6483567.831182	87727.141350	-86865.461950	6.996e-14	3.132e-14

