READ TERR 1 2
NO	NO	NO	NO	NO	NO
!Time	Poserr	Negerr	Flux	PosErr	NegErr
!XRT pc mode data
762.502263	17.858669	-19.751071	5.22817582802938e-11	1.12486973557872e-11	-1.12486973557872e-11
799.480457	18.490334	-19.119526	4.74441052279292e-11	1.07158888116597e-11	-1.07158888116597e-11
854.143931	41.553760	-36.173140	2.42332139839351e-11	5.30495381329845e-12	-5.30495381329845e-12
919.127063	21.702389	-23.429371	3.94277071380459e-11	8.90530428130142e-12	-8.90530428130142e-12
966.917957	29.072554	-26.088505	3.24371726237757e-11	7.27742860169081e-12	-7.27742860169081e-12
1017.381886	16.218426	-21.391375	5.04003134409982e-11	1.09982313446574e-11	-1.09982313446574e-11
1066.370063	34.927888	-32.769752	2.66454264063164e-11	6.03853882605615e-12	-6.03853882605615e-12
1136.759897	34.742994	-35.461946	2.6207838695013e-11	5.91938859101907e-12	-5.91938859101907e-12
1200.588102	28.583090	-29.085210	3.17250496531433e-11	7.14150494892809e-12	-7.14150494892809e-12
1262.883606	26.463225	-33.712415	3.30142255021748e-11	7.08152660039978e-12	-7.08152660039978e-12
1325.724702	33.827029	-36.377871	2.66562759413627e-11	5.85400921737785e-12	-5.85400921737785e-12
1414.970861	49.888191	-55.419129	1.68441189777382e-11	3.81732671438747e-12	-3.81732671438747e-12
1525.156191	45.010201	-60.297139	1.70678353605805e-11	3.82925374064625e-12	-3.82925374064625e-12
1604.726434	38.152117	-34.560043	2.42644319085715e-11	5.42570884010374e-12	-5.42570884010374e-12
1666.143830	21.866402	-23.265278	2.10151387758637e-11	4.69912918552152e-12	-4.69912918552152e-12
1722.137842	28.555270	-34.127610	1.58622533631258e-11	3.46144340252008e-12	-3.46144340252008e-12
1788.766000	37.146592	-38.072888	2.3872566880369e-11	5.35590707974172e-12	-5.35590707974172e-12
1885.652772	53.088960	-59.740180	1.59589199018935e-11	3.56851877954546e-12	-3.56851877954546e-12
1974.469010	34.477502	-35.727279	2.56810574512025e-11	5.78097351345373e-12	-5.78097351345373e-12
2037.863953	21.228859	-28.917441	1.90273415470666e-11	4.26924079008126e-12	-4.26924079008126e-12
2096.101001	45.733171	-37.008189	1.15862754173873e-11	2.59963333869311e-12	-2.59963333869311e-12
2170.842601	38.688991	-29.008429	2.12117696881441e-11	4.7748982944008e-12	-4.7748982944008e-12
2256.660244	30.598047	-47.128653	1.97634035526134e-11	4.34062641795534e-12	-4.34062641795534e-12
2327.140849	37.844143	-39.882557	1.25581655662809e-11	2.80807541095687e-12	-2.80807541095687e-12
2395.467460	52.258852	-30.482468	1.84326028793809e-11	4.16323662872401e-12	-4.16323662872401e-12
2485.058988	52.930544	-37.332676	2.00896179268263e-11	4.53752071110563e-12	-4.53752071110563e-12
2583.152933	60.143619	-45.163401	1.72271984841585e-11	3.85210132584733e-12	-3.85210132584733e-12
2668.444553	37.534779	-25.148001	2.17497278456602e-11	4.89601236865947e-12	-4.89601236865947e-12
2749.274494	36.938717	-43.295163	1.17043276432426e-11	2.62611988658318e-12	-2.62611988658318e-12
2850.510082	63.574990	-64.296870	1.43044677554519e-11	2.30299774049075e-12	-2.30299774049075e-12
6624.437983	54.656109	-70.709891	7.54711305002207e-12	1.6937733792437e-12	-1.6937733792437e-12
6743.607997	93.447334	-64.513906	5.94935878490458e-12	1.34505088663584e-12	-1.34505088663584e-12
6913.769522	83.754330	-76.714190	5.91478470729378e-12	1.32743134221948e-12	-1.32743134221948e-12
7069.581537	90.918135	-72.057685	5.83434899784306e-12	1.31420506268004e-12	-1.31420506268004e-12
7222.584968	43.222063	-62.085297	9.53406438318274e-12	2.09504925501778e-12	-2.09504925501778e-12
7361.179015	70.111056	-95.371984	5.76511561763094e-12	1.29859576978747e-12	-1.29859576978747e-12
7526.213649	113.183683	-94.923577	3.35264372268359e-12	8.87217637928058e-13	-8.87217637928058e-13
7744.023586	100.973646	-104.626254	4.74780004488088e-12	1.05063777624978e-12	-1.05063777624978e-12
7913.247291	54.608401	-68.250059	7.60985952592338e-12	1.70161482142392e-12	-1.70161482142392e-12
8056.474767	76.863645	-88.619075	5.62638430576297e-12	1.26733164215468e-12	-1.26733164215468e-12
8226.893038	71.928074	-93.554626	4.22396575241671e-12	1.10133038482188e-12	-1.10133038482188e-12
8363.074143	51.083348	-64.253032	8.15061354523609e-12	1.8292137672216e-12	-1.8292137672216e-12
8543.545469	148.909522	-129.387978	4.91328805512974e-12	9.17136312615942e-13	-9.17136312615942e-13
12427.769390	68.392742	-102.105178	4.74610898665794e-12	1.20846534770444e-12	-1.20846534770444e-12
12557.676806	56.329486	-61.514674	8.66641248152174e-12	1.95918506001894e-12	-1.95918506001894e-12
12707.336535	92.211536	-93.330244	5.35013634928119e-12	1.20507058534904e-12	-1.20507058534904e-12
12876.798795	103.276377	-77.250723	4.49014543049336e-12	1.09841631531237e-12	-1.09841631531237e-12
13041.712329	63.728843	-61.637157	7.44617089842432e-12	1.66501449072116e-12	-1.66501449072116e-12
13192.517372	95.958080	-87.076200	3.80911728999358e-12	9.93136051389153e-13	-9.93136051389153e-13
13362.606908	78.814923	-74.131457	6.12754835999927e-12	1.38015902445985e-12	-1.38015902445985e-12
13526.084256	68.283936	-84.662425	6.11767471657303e-12	1.38810537303664e-12	-1.38810537303664e-12
13689.939844	87.462408	-95.571652	3.85568664628688e-12	1.01020815758233e-12	-1.01020815758233e-12
13875.379309	54.969123	-97.977057	7.13927707045937e-12	1.50767368798563e-12	-1.50767368798563e-12
14021.166632	64.635319	-90.818201	6.19677353757615e-12	1.39069764230823e-12	-1.39069764230823e-12
14308.148855	161.256857	-222.346903	4.27032518946295e-12	7.38862917090776e-13	-7.38862917090776e-13
18337.625830	150.458222	-127.854806	3.88522613544534e-12	1.01766246178868e-12	-1.01766246178868e-12
18617.311784	264.421847	-129.227733	2.96087939410179e-12	7.41450295367545e-13	-7.41450295367545e-13
19325.511128	338.493895	-443.777496	2.30564419093226e-12	4.64651097917988e-13	-4.64651097917988e-13
35649.407787	79.543705	-116.027255	3.65852478712689e-12	9.53074521123218e-13	-9.53074521123218e-13
35862.164106	109.997466	-133.212614	2.91616217129569e-12	7.66484984481217e-13	-7.66484984481217e-13
36077.949037	149.959075	-105.787465	2.81359829449878e-12	7.28615705326244e-13	-7.28615705326244e-13
36359.308188	91.751164	-131.400076	3.20641950613469e-12	8.35273018068907e-13	-8.35273018068907e-13
36567.232921	127.036031	-116.173569	2.95824437281205e-12	7.68341730325092e-13	-7.68341730325092e-13
36815.271987	167.338145	-121.003035	2.47961938937358e-12	6.49786919050648e-13	-6.49786919050648e-13
37276.618219	295.197213	-294.008087	1.88328164216878e-12	3.96556502344044e-13	-3.96556502344044e-13
41823.659390	244.347721	-480.267319	1.12849716704356e-12	2.9719912301171e-13	-2.9719912301171e-13
42390.056544	284.720867	-322.049433	1.36718647094793e-12	3.56195282935282e-13	-3.56195282935282e-13
43036.425325	292.748347	-361.647914	1.9438810264726e-12	4.09159819990998e-13	-4.09159819990998e-13
60175.852571	396.275660	-468.742840	1.20473288400482e-12	2.67092364066763e-13	-2.67092364066763e-13
66477.954205	4914.655607	-1123.094033	1.10194842397149e-12	2.95803008963682e-13	-2.95803008963682e-13
71776.766609	453.281243	-384.156797	1.45440319717063e-12	2.94655741447714e-13	-2.94655741447714e-13
83118.684016	5038.442015	-7199.582405	6.87089448423669e-13	1.42081738685532e-13	-1.42081738685532e-13
93822.431764	5117.212287	-720.079401	8.88067470116802e-13	2.3455847096508e-13	-2.3455847096508e-13
99997.637449	1105.806503	-1057.993397	6.03268587100984e-13	1.31236786484108e-13	-1.31236786484108e-13
118508.934962	3732.574510	-2242.526710	3.9364573333469e-13	1.07392506807327e-13	-1.07392506807327e-13
123913.117434	6040.877398	-1671.607962	4.99972460024793e-13	1.0037534279973e-13	-1.0037534279973e-13
161152.227582	3457.896570	-19842.093339	4.966917564315e-13	1.18930631658675e-13	-1.18930631658675e-13
169530.170709	851.988963	-1219.040837	4.4133559274492e-13	1.15025043503027e-13	-1.15025043503027e-13
175220.214987	934.518205	-1149.048095	5.31021232767846e-13	1.40091079856087e-13	-1.40091079856087e-13
180806.867685	1119.633747	-916.293853	5.26995980867419e-13	1.24738932034836e-13	-1.24738932034836e-13
207755.221679	14557.458033	-20840.672947	3.45453127218302e-13	7.09128593550268e-14	-7.09128593550268e-14
279131.311315	12008.074057	-12767.645584	2.00131949787926e-13	4.07998467683598e-14	-4.07998467683598e-14
361417.609854	10061.484738	-14313.617882	1.61369665089778e-13	4.19384055965349e-14	-4.19384055965349e-14
488504.291082	135754.045630	-112418.541590	1.07727904109912e-13	2.7367262834387e-14	-2.7367262834387e-14
743439.232890	43177.255962	-107973.091266	8.17610698611651e-14	1.80008939817791e-14	-1.80008939817791e-14
894840.344113	76638.980739	-56119.598681	5.93167963971342e-14	1.6672607827095e-14	-1.6672607827095e-14
1027354.882690	94576.889542	-44478.896938	4.83863172409181e-14	1.38914185581916e-14	-1.38914185581916e-14
1281202.805723	181076.405388	-154547.040580	2.71880974839224e-14	8.15642924517671e-15	-8.15642924517671e-15
