sn1983V  -15.0 -18000       970
sn1983V  -12.0 -19000      1100
sn1983V  -10.0 -19000       880
sn1983V   -2.0 -12000       940
sn1983V    5.9 -10000       460
sn1983V    6.9 -10000       400
sn1983V    7.9 -10000       430
sn1983V    8.9  -9900       540
sn1983V    9.9  -9500       530
sn1983V   10.9  -9300       510
sn1983V   11.9  -9100       550
sn1983V   31.8  -9000       680
sn1990B    4.0  -9200       580
sn1990B    5.0  -8000      1300
sn1990B    5.9  -8400      1800
sn1990B    6.0  -8600       850
sn1990B    7.0  -7800      1600
sn1990B    8.9  -8700       610
sn1990B    9.9  -7400      1700
sn1990B   15.4  -9600      1200
sn1990B   22.3  -8600       870
sn1990B   27.6  -7700       420
sn1990B   38.7  -7400       560
sn1990B   47.4  -6800       590
sn1990B   58.4  -7300       490
sn1990B   64.5  -7200       560
sn1990B   71.5  -7200       490
sn1990B   88.0  -7200       510
sn1990B  100.2  -6900       900
sn1990B  115.9  -6300       700
sn1992ar   3.4  -6800      1800
sn1994I   -8.9 -16000      1200
sn1994I   -5.9 -18000       460
sn1994I   -5.9 -18000      1000
sn1994I   -4.9 -16000      1200
sn1994I   -3.9 -13000      1200
sn1994I   -2.9 -14000      1100
sn1994I   -2.9 -14000      1500
sn1994I   -1.9 -13000       910
sn1994I   -0.9 -12000       950
sn1994I    1.1 -10000       670
sn1994I    2.1  -9800      1900
sn1994I    2.1  -9900       660
sn1994I    3.1 -10000       440
sn1994I    3.1 -10000       450
sn1994I    6.1  -8800       570
sn1994I    7.1  -8700       620
sn1994I   11.1  -9000       330
sn1994I   21.1  -8300       820
sn1994I   22.1  -8500       630
sn1994I   23.1  -8200       730
sn1994I   24.1  -7900       670
sn1994I   25.1  -8200       360
sn1994I   26.1  -8200       810
sn1994I   28.1  -7400      1200
sn1994I   30.1  -8300       640
sn1994I   32.1  -7900       370
sn1994I   33.1  -8000       320
sn1994I   34.1  -8000       280
sn1994I   34.1  -7800       760
sn1994I   36.1  -8100      1300
sn1994I   37.1  -6800       600
sn1994I   38.1  -8400      1200
sn1994I   40.1  -6200      1300
sn1994I   55.1  -7300       350
sn1994I   56.1  -7500       550
sn1994I   68.1  -6900       340
sn1994I   96.1  -6900       380
sn2004dn  31.0  -7600      5200
sn2004dn  34.0  -6200      1800
sn2004dn  53.0  -6400      5400
sn2004dn  55.0  -6000      1300
sn2004fe  -6.8 -14000       840
sn2004fe  -5.8 -13000      2100
sn2004fe  -4.8 -13000      1600
sn2004fe  -0.8 -11000      1400
sn2004fe   0.2  -9300       940
sn2004fe   1.2 -10000       820
sn2004fe   9.2  -7500      1400
sn2004fe  22.2  -8200      1100
sn2004ge  12.2  -2600      4400
sn2004gt  16.5  -6000       730
sn2004gt  18.5  -6000       600
sn2004gt  19.5  -5700       580
sn2004gt  22.5  -5500      1500
sn2004gt  43.5  -6600      1100
sn2004gt  48.5  -5200       900
sn2004gt  70.5  -5900      1100
sn2005az  -7.7 -10000      2100
sn2005az  -6.7  -9800       920
sn2005az  -4.7  -9000       850
sn2005az  -2.7  -8100       730
sn2005az  -0.7  -7200       990
sn2005az   1.3  -7600       640
sn2005az   4.3  -7000       570
sn2005az  17.3  -5900       980
sn2005az  19.3  -6300       590
sn2005az  22.3  -6100       960
sn2005az  24.3  -6000       800
sn2005az  26.3  -6100       770
sn2005az  28.3  -5500       920
sn2005az  30.3  -5900       710
sn2005az  31.3  -5800       660
sn2005az  32.3  -5800      1200
sn2005az  33.3  -5800       780
sn2005az  49.3  -5200       620
sn2005az  57.3  -5500       840
sn2005az  62.3  -5600       830
sn2005az  65.3  -4900       750
sn2005az  87.3  -5000       350
sn2004aw  -5.7 -19000      3700
sn2004aw  -3.7 -19000      2800
sn2004aw  -2.7 -19000      3400
sn2004aw  -1.7 -17000      4700
sn2004aw  -0.7 -17000      1900
sn2004aw   0.3 -13000      2900
sn2004aw   1.3 -13000      2000
sn2004aw   2.3 -16000      8000
sn2004aw   3.1 -12000      1000
sn2004aw   3.3 -12000      1300
sn2004aw   3.6 -12000       870
sn2004aw   5.3 -11000      1000
sn2004aw  12.2  -8700       980
sn2004aw  18.3  -8100      2300
sn2004aw  18.1  -8300      1100
sn2004aw  19.1  -8900      1300
sn2004aw  21.3  -9500      2600
sn2004aw  23.0  -8400      1700
sn2004aw  24.9  -7300      1200
sn2004aw  26.3  -6800      3100
sn2004aw  30.3  -8200      1900
sn2004aw  31.9  -8600      2900
sn2004aw  46.3  -6600      1400
sn2004aw  48.3  -6400      2600
sn2005kl  -4.0  -7700      2900
sn2005kl   5.0  -7800      2100
sn2005kl  39.0  -4400      2300
sn2005kl  70.0  -5200      1100
sn2005mf  -3.0 -12000      4900
sn2005mf  -2.0  -8300      1100
sn2005mf   4.0  -6500      1300
sn2005mf   7.0  -5900       870
sn2007cl  -6.4 -13000      3800
sn2007cl  -5.9 -13000      1100
sn2007gr  -9.0 -12000       400
sn2007gr  -8.0 -11000       460
sn2007gr  -6.0 -10000       510
sn2007gr  -5.0 -10000       380
sn2007gr  -5.0 -10000       370
sn2007gr  -4.0 -10000       410
sn2007gr  -3.0 -10000       270
sn2007gr   0.0  -9400       280
sn2007gr   5.0  -8300       340
sn2007gr   7.0  -8100       370
sn2007gr   8.0  -7800       310
sn2007gr   9.0  -7700       190
sn2007gr  10.0  -7600       190
sn2007gr  10.0  -7600       340
sn2007gr  13.0  -7300       190
sn2007gr  14.0  -7200       200
sn2007gr  15.0  -7100       200
sn2007gr  16.0  -6800       330
sn2007gr  17.0  -6800       320
sn2007gr  18.0  -6900       350
sn2007gr  20.0  -6700       350
sn2007gr  24.0  -6700       330
sn2007gr  25.0  -6700       370
sn2007gr  42.0  -6700       350
sn2007gr  45.0  -6600       320
sn2007gr  47.0  -6600       320
sn2007gr  49.0  -6600       340
sn2007gr  53.0  -6500       360
sn2011bm  -7.6  -8800      1600
sn2011bm  -2.9  -7400       960
sn2011bm  -0.9  -7300      1400
sn2011bm   3.0  -7700       720
sn2011bm  16.4  -8800      1200
sn2011bm  30.3  -7300       920
sn2011bm  49.8  -4800      1200
sn2011bm  60.8  -5600       700
PTF12gzk -10.2 -31000      1800
PTF12gzk  -5.2 -33000      4300
PTF12gzk  -4.2 -26000       700
PTF12gzk  -0.3 -21000      1300
PTF12gzk   1.7 -20000      1000
PTF12gzk   2.7 -19000       870
PTF12gzk   3.6 -19000       940
PTF12gzk   5.6 -18000       910
sn2013dk  -1.0 -13000      4100
sn1998bw  -9.2 -26000 4800 4800
sn1998bw  -8.2 -23000 3900 3900
sn1998bw  -5.2 -19000 4600 4600
sn1998bw  -4.2 -19000 4800 4800
sn1998bw  -3.2 -19000 4800 4800
sn1998bw  -1.2 -17000 4700 4800
sn1998bw   0.8 -16000 3900 3900
sn1998bw   1.8 -17000 2800 2900
sn1998bw   3.8 -17000 2200 2200
sn1998bw   6.8 -17000 2000 2000
sn1998bw   8.8 -16000 1600 3100
sn1998bw   9.8 -18000 2700 2400
sn1998bw  10.8 -15000 2400 2600
sn1998bw  16.8 -15000 1600 1600
sn1998bw  19.8 -13000 1300 1300
sn1998bw  26.8 -13000  870  880
sn1998bw  42.8 -11000  270  320
sn1998bw  49.8 -14000  760  740
sn2003dh  -9.8 -29000 4800 4800
sn2003dh  -9.0 -28000 4800 4800
sn2003dh  -8.1 -25000 4000 4500
sn2003dh  -7.3 -24000 3900 3900
sn2003dh  -6.4 -22000 4600 4600
sn2003dh   5.6 -16000 2100 2100
sn2003dh  12.4 -12000 2800 2700
sn2003dh  14.1 -19000 2800 2900
sn2003dh  30.4 -19000 1100 1100
sn2003dh  56.1  -8600 1100 1100
sn2003lw  -2.0 -16000 4800 4800
sn2003lw   7.1 -16000 2600 3300
sn2006aj  -7.0 -20000 3900 3900
sn2006aj  -6.2 -19000 4700 4700
sn2006aj  -6.0 -23000 4600 4600
sn2006aj  -5.2 -20000 4600 4600
sn2006aj  -5.0 -21000 4600 4600
sn2006aj  -4.2 -23000 6200 4900
sn2006aj  -3.2 -24000 4800 4800
sn2006aj  -3.0 -23000 4800 4800
sn2006aj  -2.2 -23000 4700 4700
sn2006aj  -2.0 -23000 4700 4700
sn2006aj  -1.2 -21000 4700 4700
sn2006aj  -1.0 -19000 4700 5300
sn2006aj  -0.2 -23000 3900 3900
sn2006aj   0.0 -21000 3900 3900
sn2006aj   1.0 -18000 3900 4100
sn2006aj   1.8 -20000 2800 2800
sn2006aj   2.0 -22000 2800 2800
sn2006aj   2.8 -20000 3100 2800
sn2006aj   3.0 -21000 2800 2800
sn2006aj   4.0 -21000 2200 2200
sn2006aj   5.0 -20000 2200 2200
sn2006aj   6.0 -19000 2000 2000
sn2006aj   8.0 -21000 1100 1100
sn2006aj   9.0 -21000 1200 1200
sn2006aj  10.0 -19000 2400 2400
sn2009bb  -5.3 -23000 4600 4600
sn2009bb  -4.4 -24000 4900 4800
sn2009bb   0.6 -17000 3900 4000
sn2009bb   4.5 -16000 2200 2200
sn2009bb  14.6 -17000 2600 2600
sn2009bb  15.6 -17000 1600 1600
sn2009bb  19.6 -17000 1300 1300
sn2009bb  20.6 -16000 1400 1300
sn2009bb  23.6 -14000 1200 1200
sn2009bb  27.6 -14000  810  830
sn2009bb  41.5  -9500  310  310
sn2009nz   0.0 -19000 3900 3900
sn2010bh  -4.4 -49000 4900 4900
sn2010bh  -3.5 -45000 4900 4800
sn2010bh  -2.5 -46000 4800 4800
sn2010bh  -0.7 -46000 4800 4800
sn2010bh   0.3 -41000 3900 3900
sn2010bh   1.2 -41000 5200 4000
sn2010bh   1.2 -39000 4000 4000
sn2010bh   2.2 -38000 2800 2800
sn2010bh   4.1 -36000 2200 2200
sn2010bh   5.9 -37000 2100 2100
sn2010bh   7.8 -37000 1200 1200
sn2010bh   9.7 -30000 2400 2400
sn2010bh  11.6 -28000 2700 2700
sn2010bh  14.4 -26000 2600 2600
sn2010bh  15.4 -22000 4900 2700
sn2010bh  17.3 -25000 1700 1600
sn2010bh  23.9 -20000 1400 1600
sn2012ap  -5.0 -15000 4500 4500
sn2012ap  -3.0 -16000 4800 4800
sn2012ap  -1.0 -15000 4700 4700
sn2012ap   1.0 -14000 3900 3900
sn2012ap   2.0 -16000 2800 2800
sn2012ap   4.0 -15000 2200 2200
sn2012ap   7.0 -14000 2000 2000
sn2012ap   8.0 -14000 1200 1300
sn2012ap  14.0 -14000 2600 2600
sn2012ap  25.0 -10000 1200 1200
sn2012bz   0.8 -23000 4000 3900
sn2012bz   3.9 -23000 2300 2200
sn2012bz   8.6 -24000 1300 1300
sn2013cq  -1.3 -28000 4800 4700
sn2013dx  -5.0 -23000 4600 4600
sn2013dx  -5.0 -20000 4600 4600
sn2013dx  -3.2 -21000 4800 4800
sn2013dx  -1.5 -21000 4700 4700
sn2013dx  -0.7 -20000 4700 4700
sn2013dx   1.3 -19000 4000 3900
sn2013dx   1.3 -19000 3900 3900
sn2013dx   2.3 -18000 2900 2800
sn2013dx   4.6 -19000 2300 2200
sn2013dx   4.6 -18000 2400 2300
sn2013dx   6.4 -14000 2100 2100
sn2013dx  10.7 -18000 2400 2400
sn2013dx  13.4 -16000 2700 2700
sn2013dx  16.9 -17000 1600 1600
sn2013dx  19.5 -15000 1300 1300
sn2013dx  23.0 -15000 1400 1400
sn1997ef -14.2 -21000 4800 4800
sn1997ef -12.2 -19000 4800 4800
sn1997ef -11.2 -20000 4800 4800
sn1997ef -10.2 -18000 4800 4800
sn1997ef  -9.2 -19000 4800 4800
sn1997ef  -6.2 -15000 4600 4600
sn1997ef  -5.2 -16000 4600 4600
sn1997ef  -5.2 -15000 4600 4600
sn1997ef  -4.2 -15000 4800 4800
sn1997ef  12.8 -11000 2700 2700
sn1997ef  13.8 -12000 2600 2600
sn1997ef  15.8  -9600 1600 1600
sn1997ef  16.9  -9700 1600 2500
sn1997ef  18.9  -9500 1500 1500
sn1997ef  19.9  -8000 1400 1400
sn1997ef  21.9  -7400 1300 1300
sn1997ef  23.9  -6600 1100 1200
sn1997ef  26.9  -6800  890  980
sn1997ef  40.9  -6400 1700 1700
sn1997ef  44.9  -6300   61  160
sn1997ef  46.9  -6200  810 2100
sn1997ef  48.9  -6300  810  850
sn2002ap  -5.5 -16000 4600 4600
sn2002ap  -4.5 -16000 4600 4600
sn2002ap  -1.9 -15000 4700 4700
sn2002ap  -0.9 -14000 4700 4700
sn2002ap   0.1 -14000 3900 3900
sn2002ap   1.1 -13000 3900 3900
sn2002ap   2.7 -12000 2800 2800
sn2002ap   4.1 -12000 2200 2700
sn2002ap   5.1 -11000 2200 2500
sn2002ap   6.1 -10000 2000 2000
sn2002ap   7.1  -9600 2000 2000
sn2002ap   9.5 -11000 2300 2400
sn2002ap  12.1  -9400 2700 2700
sn2002ap  26.1  -9700  860  860
sn2002ap  30.1  -9500 1100 1100
sn2002ap  31.1  -9600 1100 1100
sn2003jd  -3.6 -18000 4800 4800
sn2003jd  -2.6 -18000 4800 4800
sn2003jd  -1.6 -17000 4700 4700
sn2003jd  -0.6 -18000 4700 4700
sn2003jd   0.4 -17000 3900 3900
sn2003jd  18.4 -12000 1500 1500
sn2003jd  19.4 -12000 1400 1500
sn2003jd  20.4 -11000 1300 1300
sn2003jd  21.4 -12000 1300 1300
sn2003jd  22.4 -12000 1400 1300
sn2003jd  23.4 -11000 1300 1400
sn2003jd  26.4 -11000  890  980
sn2003jd  27.4 -10000  910  900
sn2003jd  33.4 -11000 1300 1300
sn2003jd  46.4  -6500  860 2100
sn2003jd  47.4  -9300  870  980
sn2003jd  48.4 -10000  800  800
sn2003jd  49.4  -9900  800  810
sn2003jd  49.4  -9400  840  860
sn2003jd  51.4 -11000  800  840
sn2007D   -8.1 -13000 4000 4000
sn2007bg   5.9 -14000 2100 2100
sn2007bg   6.9 -14000 2000 2900
sn2007bg  27.2 -10000  970 1000
sn2007bg  59.1  -6700 1100 1100
sn2007ru  -3.0 -19000 4800 4800
sn2007ru   0.0 -19000 3900 3900
sn2007ru   4.0 -18000 2200 2200
sn2007ru   5.0 -17000 2200 2200
sn2007ru   9.0 -17000 1600 1200
sn2007ru  13.0 -14000 2700 2700
sn2007ru  16.0 -13000 1600 1700
sn2007ru  29.0 -13000  950  990
sn2007ru  36.0 -12000 1500 1500
sn2007ru  59.0 -16000 1100 1100
sn2010ay  15.7 -24000 1600 1600
sn2010ay  25.5 -21000  880  870
PTF10bzf   2.2 -23000 2800 2800
PTF10bzf   7.0 -21000 2000 2100
PTF10qts  -1.2 -18000 4700 4700
PTF10qts   0.6 -20000 3900 3900
PTF10qts   9.8 -24000 2300 2400
PTF10qts  17.1 -19000 1700 1700
PTF10qts  19.9 -13000 1300 1300
PTF10qts  23.6 -19000 2100 2000
PTF10vgv  -6.6 -15000 4000 4100
PTF10vgv   4.2  -8400 2200 2200
PTF10vgv   8.2  -7600 1100 1200
PTF10vgv  36.7  -7400 1500 9000
