3264.9890000000  6.915034E-16
3267.5750000000  -6.036987E-16
3270.1640000000  7.088113E-16
3272.7540000000  -3.108479E-16
3275.3470000000  1.448430E-15
3277.9420000000  9.034287E-16
3280.5390000000  -1.606461E-16
3283.1380000000  -1.336078E-15
3285.7400000000  3.117462E-15
3288.3430000000  5.389135E-15
3290.9490000000  4.427117E-15
3293.5570000000  1.900441E-15
3296.1660000000  3.165475E-15
3298.7780000000  3.233430E-15
3301.3920000000  -1.369991E-16
3304.0080000000  3.512188E-15
3306.6260000000  1.682788E-15
3309.2470000000  2.361895E-15
3311.8690000000  4.259901E-15
3314.4930000000  1.717863E-15
3317.1200000000  8.886474E-16
3319.7490000000  2.100501E-15
3322.3790000000  3.743308E-15
3325.0120000000  3.087159E-15
3327.6470000000  2.816583E-15
3330.2840000000  2.263260E-15
3332.9230000000  9.552271E-16
3335.5640000000  2.549420E-15
3338.2070000000  2.235602E-15
3340.8520000000  2.731795E-15
3343.4990000000  -5.217168E-17
3346.1480000000  3.467867E-15
3348.8000000000  3.269822E-15
3351.4530000000  2.837221E-15
3354.1080000000  3.150847E-15
3356.7660000000  1.835406E-15
3359.4250000000  2.736046E-15
3362.0860000000  2.189782E-15
3364.7500000000  2.334744E-15
3367.4150000000  2.072027E-15
3370.0830000000  2.983216E-15
3372.7520000000  3.359303E-15
3375.4240000000  2.182867E-15
3378.0970000000  1.268964E-15
3380.7730000000  2.234993E-15
3383.4500000000  2.358986E-15
3386.1300000000  1.973126E-15
3388.8120000000  2.348070E-15
3391.4950000000  1.723692E-15
3394.1810000000  2.512525E-15
3396.8680000000  2.183372E-15
3399.5580000000  2.891105E-15
3402.2490000000  2.309249E-15
3404.9430000000  2.690110E-15
3407.6380000000  2.203941E-15
3410.3360000000  2.158433E-15
3413.0350000000  2.452431E-15
3415.7370000000  2.333912E-15
3418.4400000000  2.228219E-15
3421.1450000000  2.514936E-15
3423.8530000000  2.335757E-15
3426.5620000000  2.450567E-15
3429.2730000000  2.343157E-15
3431.9860000000  2.101433E-15
3434.7010000000  1.784300E-15
3437.4180000000  2.401227E-15
3440.1370000000  2.118140E-15
3442.8580000000  1.941663E-15
3445.5810000000  2.373515E-15
3448.3060000000  2.410572E-15
3451.0330000000  2.359204E-15
3453.7610000000  1.936498E-15
3456.4920000000  2.791552E-15
3459.2240000000  2.532017E-15
3461.9590000000  2.322793E-15
3464.6950000000  2.225228E-15
3467.4330000000  1.985326E-15
3470.1740000000  2.327063E-15
3472.9160000000  2.426297E-15
3475.6600000000  2.342523E-15
3478.4060000000  2.101611E-15
3481.1530000000  2.712085E-15
3483.9030000000  2.082832E-15
3486.6550000000  2.393604E-15
3489.4080000000  2.253786E-15
3492.1630000000  2.311409E-15
3494.9200000000  2.131554E-15
3497.6800000000  2.109865E-15
3500.4410000000  1.849390E-15
3503.2030000000  2.149003E-15
3505.9680000000  2.270647E-15
3508.7350000000  2.267140E-15
3511.5030000000  2.273703E-15
3514.2740000000  2.471768E-15
3517.0460000000  1.893957E-15
3519.8200000000  2.321111E-15
3522.5960000000  1.862080E-15
3525.3740000000  2.405322E-15
3528.1530000000  2.394249E-15
3530.9350000000  2.317662E-15
3533.7180000000  1.993505E-15
3536.5030000000  2.378549E-15
3539.2900000000  2.347307E-15
3542.0790000000  2.368821E-15
3544.8700000000  2.381742E-15
3547.6620000000  2.279825E-15
3550.4560000000  2.085894E-15
3553.2520000000  2.184942E-15
3556.0510000000  2.323132E-15
3558.8500000000  2.286976E-15
3561.6520000000  2.091222E-15
3564.4550000000  2.211338E-15
3567.2600000000  2.095757E-15
3570.0670000000  2.110306E-15
3572.8760000000  2.265751E-15
3575.6870000000  2.275576E-15
3578.4990000000  2.169896E-15
3581.3130000000  2.235773E-15
3584.1300000000  2.153544E-15
3586.9470000000  2.370257E-15
3589.7670000000  2.342283E-15
3592.5880000000  2.298824E-15
3595.4110000000  2.429865E-15
3598.2360000000  2.125982E-15
3601.0630000000  2.296144E-15
3603.8920000000  1.981989E-15
3606.7220000000  1.968819E-15
3609.5540000000  2.235493E-15
3612.3880000000  2.355025E-15
3615.2230000000  2.142855E-15
3618.0610000000  2.127762E-15
3620.9000000000  2.045542E-15
3623.7400000000  1.988739E-15
3626.5830000000  2.206905E-15
3629.4270000000  2.207211E-15
3632.2730000000  2.236207E-15
3635.1210000000  2.169999E-15
3637.9710000000  2.289967E-15
3640.8220000000  2.267126E-15
3643.6750000000  2.245174E-15
3646.5300000000  2.037985E-15
3649.3860000000  2.304409E-15
3652.2440000000  2.093568E-15
3655.1040000000  2.234180E-15
3657.9660000000  2.110858E-15
3660.8290000000  2.329895E-15
3663.6940000000  2.212187E-15
3666.5610000000  2.157266E-15
3669.4300000000  2.331933E-15
3672.3000000000  2.217425E-15
3675.1720000000  2.228721E-15
3678.0450000000  2.244279E-15
3680.9210000000  2.032931E-15
3683.7980000000  2.157917E-15
3686.6770000000  1.998325E-15
3689.5570000000  2.158563E-15
3692.4390000000  2.101017E-15
3695.3230000000  2.132488E-15
3698.2080000000  2.069535E-15
3701.0950000000  2.097989E-15
3703.9840000000  2.073639E-15
3706.8750000000  2.191938E-15
3709.7670000000  2.019419E-15
3712.6600000000  2.188976E-15
3715.5560000000  2.077221E-15
3718.4530000000  2.101775E-15
3721.3520000000  2.042415E-15
3724.2520000000  1.927273E-15
3727.1550000000  1.958970E-15
3730.0580000000  2.006460E-15
3732.9640000000  1.998460E-15
3735.8710000000  2.055976E-15
3738.7800000000  1.961470E-15
3741.6900000000  2.003255E-15
3744.6020000000  1.881604E-15
3747.5150000000  2.032786E-15
3750.4310000000  1.970535E-15
3753.3480000000  1.930340E-15
3756.2660000000  1.953159E-15
3759.1860000000  2.025624E-15
3762.1080000000  2.027044E-15
3765.0310000000  1.963887E-15
3767.9570000000  2.007880E-15
3770.8830000000  1.927068E-15
3773.8110000000  2.049295E-15
3776.7410000000  2.060980E-15
3779.6730000000  2.097389E-15
3782.6060000000  1.972407E-15
3785.5400000000  2.086907E-15
3788.4770000000  2.015622E-15
3791.4150000000  2.115069E-15
3794.3540000000  2.108497E-15
3797.2950000000  2.081866E-15
3800.2380000000  2.030264E-15
3803.1820000000  1.898518E-15
3806.1280000000  2.022789E-15
3809.0750000000  2.069771E-15
3812.0240000000  2.088531E-15
3814.9750000000  2.181400E-15
3817.9270000000  2.168120E-15
3820.8800000000  2.107194E-15
3823.8350000000  2.148659E-15
3826.7920000000  2.141993E-15
3829.7510000000  2.138306E-15
3832.7110000000  2.174348E-15
3835.6720000000  2.222937E-15
3838.6350000000  2.187941E-15
3841.6000000000  2.379497E-15
3844.5660000000  2.534700E-15
3847.5340000000  2.581491E-15
3850.5030000000  2.550980E-15
3853.4740000000  2.391723E-15
3856.4460000000  2.219830E-15
3859.4200000000  2.230564E-15
3862.3950000000  2.271503E-15
3865.3720000000  2.199890E-15
3868.3510000000  2.303605E-15
3871.3310000000  2.295612E-15
3874.3120000000  2.326723E-15
3877.2950000000  2.354809E-15
3880.2800000000  2.298544E-15
3883.2660000000  2.297041E-15
3886.2530000000  2.349291E-15
3889.2420000000  2.316067E-15
3892.2330000000  2.366030E-15
3895.2250000000  2.314308E-15
3898.2190000000  2.323480E-15
3901.2140000000  2.284547E-15
3904.2110000000  2.324895E-15
3907.2090000000  2.288967E-15
3910.2080000000  2.345256E-15
3913.2090000000  2.344632E-15
3916.2120000000  2.294745E-15
3919.2160000000  2.324654E-15
3922.2220000000  2.291481E-15
3925.2290000000  2.292256E-15
3928.2370000000  2.268650E-15
3931.2470000000  2.237680E-15
3934.2590000000  2.277660E-15
3937.2710000000  2.184530E-15
3940.2860000000  2.235474E-15
3943.3020000000  2.130180E-15
3946.3190000000  2.224062E-15
3949.3380000000  2.217974E-15
3952.3580000000  2.140687E-15
3955.3800000000  2.232784E-15
3958.4030000000  2.186877E-15
3961.4270000000  2.244429E-15
3964.4540000000  2.155233E-15
3967.4810000000  2.178478E-15
3970.5100000000  2.186459E-15
3973.5410000000  2.176158E-15
3976.5720000000  2.232968E-15
3979.6050000000  2.224556E-15
3982.6400000000  2.181095E-15
3985.6760000000  2.318255E-15
3988.7140000000  2.228754E-15
3991.7530000000  2.346580E-15
3994.7930000000  2.343199E-15
3997.8350000000  2.273977E-15
4000.8780000000  2.276056E-15
4003.9230000000  2.281702E-15
4006.9690000000  2.223239E-15
4010.0170000000  2.215725E-15
4013.0650000000  2.242818E-15
4016.1160000000  2.291888E-15
4019.1670000000  2.184028E-15
4022.2210000000  2.185140E-15
4025.2750000000  2.194370E-15
4028.3310000000  2.153672E-15
4031.3880000000  2.114442E-15
4034.4470000000  2.223858E-15
4037.5070000000  2.210725E-15
4040.5690000000  2.139483E-15
4043.6310000000  2.191032E-15
4046.6960000000  2.095172E-15
4049.7610000000  2.120397E-15
4052.8280000000  2.161330E-15
4055.8960000000  2.119402E-15
4058.9660000000  2.160007E-15
4062.0370000000  2.055932E-15
4065.1100000000  2.136583E-15
4068.1840000000  2.139278E-15
4071.2590000000  2.139713E-15
4074.3350000000  2.069395E-15
4077.4140000000  2.103148E-15
4080.4930000000  2.050605E-15
4083.5730000000  2.055477E-15
4086.6550000000  2.060346E-15
4089.7390000000  2.026027E-15
4092.8230000000  2.023822E-15
4095.9090000000  2.090279E-15
4098.9970000000  2.039804E-15
4102.0850000000  2.088190E-15
4105.1760000000  2.074563E-15
4108.2670000000  2.010215E-15
4111.3600000000  1.943858E-15
4114.4540000000  2.017916E-15
4117.5490000000  2.016327E-15
4120.6460000000  2.051068E-15
4123.7440000000  1.987267E-15
4126.8430000000  1.970161E-15
4129.9440000000  1.976615E-15
4133.0460000000  1.968949E-15
4136.1490000000  1.959064E-15
4139.2530000000  2.023775E-15
4142.3590000000  1.987884E-15
4145.4670000000  1.961669E-15
4148.5750000000  1.935084E-15
4151.6850000000  2.001343E-15
4154.7960000000  1.892691E-15
4157.9090000000  1.980982E-15
4161.0220000000  1.904127E-15
4164.1370000000  1.926545E-15
4167.2530000000  1.872369E-15
4170.3710000000  1.919180E-15
4173.4900000000  1.892528E-15
4176.6100000000  1.877536E-15
4179.7310000000  1.861359E-15
4182.8540000000  1.887012E-15
4185.9790000000  1.858498E-15
4189.1040000000  1.894709E-15
4192.2300000000  1.853921E-15
4195.3580000000  1.903011E-15
4198.4870000000  1.849192E-15
4201.6170000000  1.872249E-15
4204.7490000000  1.844134E-15
4207.8820000000  1.802631E-15
4211.0160000000  1.800967E-15
4214.1510000000  1.800320E-15
4217.2880000000  1.831217E-15
4220.4260000000  1.771247E-15
4223.5650000000  1.768997E-15
4226.7060000000  1.782800E-15
4229.8470000000  1.816613E-15
4232.9900000000  1.818273E-15
4236.1340000000  1.798111E-15
4239.2790000000  1.800971E-15
4242.4260000000  1.752719E-15
4245.5740000000  1.770286E-15
4248.7230000000  1.790631E-15
4251.8730000000  1.751681E-15
4255.0240000000  1.818302E-15
4258.1770000000  1.732492E-15
4261.3310000000  1.738422E-15
4264.4860000000  1.732175E-15
4267.6430000000  1.713159E-15
4270.8000000000  1.763069E-15
4273.9590000000  1.756190E-15
4277.1190000000  1.742938E-15
4280.2800000000  1.679852E-15
4283.4430000000  1.707197E-15
4286.6060000000  1.776701E-15
4289.7710000000  1.749384E-15
4292.9370000000  1.728293E-15
4296.1040000000  1.744942E-15
4299.2730000000  1.728008E-15
4302.4420000000  1.770980E-15
4305.6130000000  1.775894E-15
4308.7860000000  1.735534E-15
4311.9580000000  1.781841E-15
4315.1330000000  1.750947E-15
4318.3090000000  1.740481E-15
4321.4850000000  1.759596E-15
4324.6630000000  1.762687E-15
4327.8420000000  1.785704E-15
4331.0220000000  1.742143E-15
4334.2040000000  1.788824E-15
4337.3870000000  1.778761E-15
4340.5700000000  1.827174E-15
4343.7550000000  1.793849E-15
4346.9410000000  1.776813E-15
4350.1290000000  1.791365E-15
4353.3170000000  1.809019E-15
4356.5070000000  1.826683E-15
4359.6970000000  1.844347E-15
4362.8890000000  1.801334E-15
4366.0830000000  1.826457E-15
4369.2760000000  1.863933E-15
4372.4720000000  1.826930E-15
4375.6680000000  1.832299E-15
4378.8660000000  1.838504E-15
4382.0650000000  1.814950E-15
4385.2650000000  1.870010E-15
4388.4660000000  1.841116E-15
4391.6680000000  1.786552E-15
4394.8710000000  1.861896E-15
4398.0760000000  1.867876E-15
4401.2810000000  1.836064E-15
4404.4880000000  1.867755E-15
4407.6960000000  1.885454E-15
4410.9040000000  1.904161E-15
4414.1150000000  1.900599E-15
4417.3260000000  1.882958E-15
4420.5380000000  1.879409E-15
4423.7510000000  1.919546E-15
4426.9660000000  1.945342E-15
4430.1810000000  1.867412E-15
4433.3980000000  1.859559E-15
4436.6160000000  1.907892E-15
4439.8350000000  1.899430E-15
4443.0550000000  1.873317E-15
4446.2760000000  1.879181E-15
4449.4980000000  1.872810E-15
4452.7210000000  1.877854E-15
4455.9460000000  1.900197E-15
4459.1710000000  1.873275E-15
4462.3970000000  1.900446E-15
4465.6250000000  1.886280E-15
4468.8540000000  1.893448E-15
4472.0840000000  1.878805E-15
4475.3140000000  1.903798E-15
4478.5470000000  1.998522E-15
4481.7800000000  1.969122E-15
4485.0140000000  1.932554E-15
4488.2490000000  1.896634E-15
4491.4850000000  1.874261E-15
4494.7230000000  1.910373E-15
4497.9610000000  1.877177E-15
4501.2000000000  1.896425E-15
4504.4410000000  1.890448E-15
4507.6820000000  1.910353E-15
4510.9250000000  1.855409E-15
4514.1680000000  1.879813E-15
4517.4130000000  1.868557E-15
4520.6590000000  1.874028E-15
4523.9060000000  1.833587E-15
4527.1540000000  1.805075E-15
4530.4020000000  1.804186E-15
4533.6520000000  1.834936E-15
4536.9030000000  1.847571E-15
4540.1550000000  1.843103E-15
4543.4090000000  1.827833E-15
4546.6630000000  1.803828E-15
4549.9170000000  1.807786E-15
4553.1740000000  1.776833E-15
4556.4310000000  1.810025E-15
4559.6890000000  1.826705E-15
4562.9480000000  1.763335E-15
4566.2080000000  1.793746E-15
4569.4700000000  1.798261E-15
4572.7320000000  1.790281E-15
4575.9960000000  1.813750E-15
4579.2600000000  1.784040E-15
4582.5250000000  1.769346E-15
4585.7920000000  1.782060E-15
4589.0590000000  1.746838E-15
4592.3270000000  1.761255E-15
4595.5970000000  1.702836E-15
4598.8670000000  1.759148E-15
4602.1380000000  1.715383E-15
4605.4110000000  1.725519E-15
4608.6840000000  1.705164E-15
4611.9580000000  1.737404E-15
4615.2330000000  1.733086E-15
4618.5100000000  1.694909E-15
4621.7870000000  1.729927E-15
4625.0650000000  1.679075E-15
4628.3450000000  1.700228E-15
4631.6250000000  1.693863E-15
4634.9060000000  1.666294E-15
4638.1880000000  1.693653E-15
4641.4720000000  1.640973E-15
4644.7560000000  1.678953E-15
4648.0410000000  1.668247E-15
4651.3270000000  1.679760E-15
4654.6140000000  1.642826E-15
4657.9020000000  1.621369E-15
4661.1910000000  1.656791E-15
4664.4810000000  1.631475E-15
4667.7720000000  1.642872E-15
4671.0640000000  1.638365E-15
4674.3570000000  1.578959E-15
4677.6510000000  1.606977E-15
4680.9450000000  1.576778E-15
4684.2410000000  1.605206E-15
4687.5380000000  1.620594E-15
4690.8350000000  1.602264E-15
4694.1340000000  1.588334E-15
4697.4340000000  1.573684E-15
4700.7340000000  1.599994E-15
4704.0350000000  1.594098E-15
4707.3380000000  1.584004E-15
4710.6410000000  1.571238E-15
4713.9450000000  1.523141E-15
4717.2500000000  1.565605E-15
4720.5560000000  1.560776E-15
4723.8630000000  1.540441E-15
4727.1710000000  1.494772E-15
4730.4800000000  1.509699E-15
4733.7900000000  1.509218E-15
4737.1010000000  1.531815E-15
4740.4120000000  1.496238E-15
4743.7250000000  1.509667E-15
4747.0380000000  1.530222E-15
4750.3530000000  1.499656E-15
4753.6680000000  1.501666E-15
4756.9840000000  1.498003E-15
4760.3010000000  1.467964E-15
4763.6190000000  1.486357E-15
4766.9380000000  1.499820E-15
4770.2580000000  1.456680E-15
4773.5790000000  1.435299E-15
4776.9000000000  1.467107E-15
4780.2230000000  1.428781E-15
4783.5460000000  1.417618E-15
4786.8700000000  1.405675E-15
4790.1950000000  1.405872E-15
4793.5210000000  1.413495E-15
4796.8490000000  1.386238E-15
4800.1760000000  1.431897E-15
4803.5050000000  1.386108E-15
4806.8340000000  1.404502E-15
4810.1650000000  1.419328E-15
4813.4970000000  1.400342E-15
4816.8290000000  1.423657E-15
4820.1620000000  1.406765E-15
4823.4960000000  1.404789E-15
4826.8310000000  1.393782E-15
4830.1670000000  1.399240E-15
4833.5030000000  1.408239E-15
4836.8410000000  1.373376E-15
4840.1790000000  1.397751E-15
4843.5190000000  1.418898E-15
4846.8580000000  1.362797E-15
4850.1990000000  1.339798E-15
4853.5410000000  1.410966E-15
4856.8840000000  1.373623E-15
4860.2280000000  1.372733E-15
4863.5720000000  1.385871E-15
4866.9170000000  1.403562E-15
4870.2630000000  1.392650E-15
4873.6100000000  1.383950E-15
4876.9580000000  1.361259E-15
4880.3060000000  1.351515E-15
4883.6560000000  1.339395E-15
4887.0060000000  1.364812E-15
4890.3570000000  1.358636E-15
4893.7090000000  1.345789E-15
4897.0620000000  1.397617E-15
4900.4160000000  1.378931E-15
4903.7700000000  1.341226E-15
4907.1250000000  1.367967E-15
4910.4810000000  1.355715E-15
4913.8380000000  1.399712E-15
4917.1960000000  1.335826E-15
4920.5550000000  1.367806E-15
4923.9140000000  1.379514E-15
4927.2740000000  1.343067E-15
4930.6360000000  1.345903E-15
4933.9980000000  1.347102E-15
4937.3600000000  1.362851E-15
4940.7240000000  1.357286E-15
4944.0880000000  1.351513E-15
4947.4530000000  1.358773E-15
4950.8190000000  1.361368E-15
4954.1860000000  1.333923E-15
4957.5530000000  1.337787E-15
4960.9220000000  1.367857E-15
4964.2910000000  1.358347E-15
4967.6610000000  1.333817E-15
4971.0320000000  1.343362E-15
4974.4030000000  1.357499E-15
4977.7750000000  1.359270E-15
4981.1480000000  1.334287E-15
4984.5220000000  1.362909E-15
4987.8970000000  1.344684E-15
4991.2730000000  1.339005E-15
4994.6490000000  1.367191E-15
4998.0260000000  1.365767E-15
5001.4040000000  1.325826E-15
5004.7830000000  1.375318E-15
5008.1620000000  1.388211E-15
5011.5420000000  1.475543E-15
5014.9230000000  1.549547E-15
5018.3050000000  1.586509E-15
5021.6880000000  1.495639E-15
5025.0710000000  1.386531E-15
5028.4550000000  1.366745E-15
5031.8400000000  1.368022E-15
5035.2260000000  1.367492E-15
5038.6120000000  1.374319E-15
5041.9990000000  1.375367E-15
5045.3870000000  1.363599E-15
5048.7750000000  1.367771E-15
5052.1650000000  1.370349E-15
5055.5550000000  1.391654E-15
5058.9460000000  1.378939E-15
5062.3380000000  1.366327E-15
5065.7300000000  1.387784E-15
5069.1240000000  1.397479E-15
5072.5180000000  1.393028E-15
5075.9120000000  1.385772E-15
5079.3080000000  1.374301E-15
5082.7040000000  1.402926E-15
5086.1010000000  1.408960E-15
5089.4980000000  1.392989E-15
5092.8960000000  1.400076E-15
5096.2960000000  1.377427E-15
5099.6960000000  1.392812E-15
5103.0960000000  1.383945E-15
5106.4980000000  1.416035E-15
5109.9000000000  1.529458E-15
5113.3030000000  1.663115E-15
5116.7060000000  1.780040E-15
5120.1100000000  1.748357E-15
5123.5150000000  1.566849E-15
5126.9210000000  1.430392E-15
5130.3280000000  1.387054E-15
5133.7350000000  1.408867E-15
5137.1430000000  1.376338E-15
5140.5510000000  1.388593E-15
5143.9600000000  1.404269E-15
5147.3710000000  1.375189E-15
5150.7810000000  1.398245E-15
5154.1930000000  1.412328E-15
5157.6050000000  1.535543E-15
5161.0180000000  1.937233E-15
5164.4310000000  2.354375E-15
5167.8460000000  2.530242E-15
5171.2610000000  2.248905E-15
5174.6760000000  1.604820E-15
5178.0930000000  1.404443E-15
5181.5100000000  1.384178E-15
5184.9280000000  1.356091E-15
5188.3460000000  1.344127E-15
5191.7650000000  1.347952E-15
5195.1850000000  1.373338E-15
5198.6050000000  1.345918E-15
5202.0270000000  1.358012E-15
5205.4490000000  1.354620E-15
5208.8720000000  1.350900E-15
5212.2950000000  1.355992E-15
5215.7190000000  1.361950E-15
5219.1440000000  1.382979E-15
5222.5690000000  1.347714E-15
5225.9950000000  1.312434E-15
5229.4220000000  1.334325E-15
5232.8490000000  1.332198E-15
5236.2770000000  1.336311E-15
5239.7060000000  1.343068E-15
5243.1350000000  1.344604E-15
5246.5650000000  1.327799E-15
5249.9960000000  1.335411E-15
5253.4280000000  1.337988E-15
5256.8600000000  1.351181E-15
5260.2920000000  1.308448E-15
5263.7260000000  1.325951E-15
5267.1600000000  1.329851E-15
5270.5950000000  1.328651E-15
5274.0300000000  1.345061E-15
5277.4660000000  1.323872E-15
5280.9030000000  1.321952E-15
5284.3400000000  1.318557E-15
5287.7780000000  1.302075E-15
5291.2170000000  1.312613E-15
5294.6570000000  1.296637E-15
5298.0970000000  1.313127E-15
5301.5370000000  1.314596E-15
5304.9790000000  1.288141E-15
5308.4200000000  1.299823E-15
5311.8630000000  1.300509E-15
5315.3060000000  1.298181E-15
5318.7500000000  1.309572E-15
5322.1950000000  1.300877E-15
5325.6400000000  1.288558E-15
5329.0850000000  1.267607E-15
5332.5320000000  1.266515E-15
5335.9790000000  1.276124E-15
5339.4270000000  1.278724E-15
5342.8750000000  1.274909E-15
5346.3240000000  1.290479E-15
5349.7730000000  1.270280E-15
5353.2240000000  1.272420E-15
5356.6750000000  1.282108E-15
5360.1260000000  1.249581E-15
5363.5780000000  1.257603E-15
5367.0310000000  1.254512E-15
5370.4840000000  1.250981E-15
5373.9380000000  1.241291E-15
5377.3930000000  1.235685E-15
5380.8480000000  1.203572E-15
5384.3040000000  1.224579E-15
5387.7600000000  1.231113E-15
5391.2170000000  1.229716E-15
5394.6750000000  1.208719E-15
5398.1330000000  1.221575E-15
5401.5920000000  1.214150E-15
5405.0510000000  1.219246E-15
5408.5110000000  1.212473E-15
5411.9720000000  1.211035E-15
5415.4330000000  1.231763E-15
5418.8950000000  1.198560E-15
5422.3570000000  1.210153E-15
5425.8200000000  1.208412E-15
5429.2840000000  1.218326E-15
5432.7490000000  1.195597E-15
5436.2130000000  1.205928E-15
5439.6790000000  1.190993E-15
5443.1450000000  1.209997E-15
5446.6110000000  1.198922E-15
5450.0790000000  1.185023E-15
5453.5460000000  1.196464E-15
5457.0150000000  1.199901E-15
5460.4840000000  1.204597E-15
5463.9530000000  1.194673E-15
5467.4230000000  1.148287E-15
5470.8940000000  1.179466E-15
5474.3650000000  1.152363E-15
5477.8370000000  1.172475E-15
5481.3100000000  1.168177E-15
5484.7830000000  1.151409E-15
5488.2560000000  1.139386E-15
5491.7300000000  1.161921E-15
5495.2050000000  1.140471E-15
5498.6810000000  1.142480E-15
5502.1570000000  1.153020E-15
5505.6330000000  1.137853E-15
5509.1100000000  1.143778E-15
5512.5870000000  1.147416E-15
5516.0660000000  1.156410E-15
5519.5440000000  1.137115E-15
5523.0240000000  1.112837E-15
5526.5040000000  1.132090E-15
5529.9840000000  1.125310E-15
5533.4650000000  1.137537E-15
5536.9470000000  1.124380E-15
5540.4290000000  1.110309E-15
5543.9110000000  1.103517E-15
5547.3950000000  1.121374E-15
5550.8780000000  1.115606E-15
5554.3630000000  1.124206E-15
5557.8470000000  1.095417E-15
5561.3330000000  1.120326E-15
5564.8190000000  1.094394E-15
5568.3050000000  1.096785E-15
5571.7920000000  1.066444E-15
5575.2800000000  1.083299E-15
5578.7680000000  1.072513E-15
5582.2570000000  1.074545E-15
5585.7460000000  1.079885E-15
5589.2350000000  1.086574E-15
5592.7260000000  1.098009E-15
5596.2170000000  1.091889E-15
5599.7080000000  1.072214E-15
5603.2000000000  1.071874E-15
5606.6920000000  1.080974E-15
5610.1850000000  1.081078E-15
5613.6790000000  1.050765E-15
5617.1730000000  1.046998E-15
5620.6670000000  1.039465E-15
5624.1630000000  1.061806E-15
5627.6580000000  1.066236E-15
5631.1540000000  1.070413E-15
5634.6510000000  1.052363E-15
5638.1480000000  1.059800E-15
5641.6460000000  1.071187E-15
5645.1440000000  1.036691E-15
5648.6430000000  1.055383E-15
5652.1420000000  1.033861E-15
5655.6420000000  1.045269E-15
5659.1420000000  1.039177E-15
5662.6430000000  1.047161E-15
5666.1440000000  1.045976E-15
5669.6460000000  1.022521E-15
5673.1480000000  1.037245E-15
5676.6510000000  1.051885E-15
5680.1540000000  1.026022E-15
5683.6580000000  1.036878E-15
5687.1630000000  1.025212E-15
5690.6670000000  1.013617E-15
5694.1730000000  1.034143E-15
5697.6790000000  1.004838E-15
5701.1850000000  1.002514E-15
5704.6920000000  1.023744E-15
5708.1990000000  1.022941E-15
5711.7070000000  1.025525E-15
5715.2150000000  1.025265E-15
5718.7240000000  1.033998E-15
5722.2330000000  1.015488E-15
5725.7440000000  1.015434E-15
5729.2540000000  1.019744E-15
5732.7650000000  1.017990E-15
5736.2760000000  1.019916E-15
5739.7880000000  9.976937E-16
5743.3000000000  1.003073E-15
5746.8130000000  1.011627E-15
5750.3260000000  1.013894E-15
5753.8400000000  1.013957E-15
5757.3540000000  1.011632E-15
5760.8690000000  9.817029E-16
5764.3840000000  1.002819E-15
5767.9000000000  9.991141E-16
5771.4160000000  1.005167E-15
5774.9330000000  1.004929E-15
5778.4500000000  1.004128E-15
5781.9670000000  9.919721E-16
5785.4850000000  9.879535E-16
5789.0040000000  9.861537E-16
5792.5230000000  9.901813E-16
5796.0420000000  9.753903E-16
5799.5630000000  9.953327E-16
5803.0830000000  9.894198E-16
5806.6040000000  9.860527E-16
5810.1250000000  9.805283E-16
5813.6470000000  9.915759E-16
5817.1690000000  9.643379E-16
5820.6920000000  9.681786E-16
5824.2150000000  9.864256E-16
5827.7390000000  9.770218E-16
5831.2630000000  9.731065E-16
5834.7880000000  9.806024E-16
5838.3130000000  9.657133E-16
5841.8380000000  9.842600E-16
5845.3650000000  9.948320E-16
5848.8910000000  9.609430E-16
5852.4180000000  9.632799E-16
5855.9450000000  9.666483E-16
5859.4730000000  9.690975E-16
5863.0010000000  9.460467E-16
5866.5300000000  9.513617E-16
5870.0600000000  9.692628E-16
5873.5890000000  9.555585E-16
5877.1190000000  9.486339E-16
5880.6490000000  9.415501E-16
5884.1810000000  9.652444E-16
5887.7120000000  9.379855E-16
5891.2440000000  9.384919E-16
5894.7760000000  9.281688E-16
5898.3090000000  9.554972E-16
5901.8420000000  9.616407E-16
5905.3760000000  9.397104E-16
5908.9100000000  9.517766E-16
5912.4440000000  9.458491E-16
5915.9790000000  9.410031E-16
5919.5150000000  9.039003E-16
5923.0510000000  9.052552E-16
5926.5870000000  9.127340E-16
5930.1240000000  9.231825E-16
5933.6610000000  9.144262E-16
5937.1980000000  9.100583E-16
5940.7360000000  8.994270E-16
5944.2740000000  8.897023E-16
5947.8130000000  8.838401E-16
5951.3530000000  8.903568E-16
5954.8930000000  8.913992E-16
5958.4330000000  9.130650E-16
5961.9730000000  8.814100E-16
5965.5140000000  8.903921E-16
5969.0560000000  8.590439E-16
5972.5970000000  9.004948E-16
5976.1400000000  8.650818E-16
5979.6820000000  8.761977E-16
5983.2260000000  8.590909E-16
5986.7690000000  8.507619E-16
5990.3130000000  8.660313E-16
5993.8570000000  8.640365E-16
5997.4020000000  8.649835E-16
6000.9470000000  8.671016E-16
6004.4930000000  8.517483E-16
6008.0390000000  8.312958E-16
6011.5850000000  8.371039E-16
6015.1320000000  8.204036E-16
6018.6790000000  8.290814E-16
6022.2270000000  8.188977E-16
6025.7750000000  8.349020E-16
6029.3230000000  8.131093E-16
6032.8720000000  8.171846E-16
6036.4210000000  8.395723E-16
6039.9710000000  8.368411E-16
6043.5210000000  8.321959E-16
6047.0720000000  8.426244E-16
6050.6230000000  8.169627E-16
6054.1740000000  8.382210E-16
6057.7260000000  8.152588E-16
6061.2780000000  8.399065E-16
6064.8300000000  8.350903E-16
6068.3830000000  8.465149E-16
6071.9370000000  8.278338E-16
6075.4900000000  8.221615E-16
6079.0440000000  8.430599E-16
6082.5990000000  8.184472E-16
6086.1540000000  8.188761E-16
6089.7090000000  8.198076E-16
6093.2650000000  8.103939E-16
6096.8210000000  8.344008E-16
6100.3770000000  8.244373E-16
6103.9340000000  8.126079E-16
6107.4910000000  8.232649E-16
6111.0490000000  8.254542E-16
6114.6070000000  8.346212E-16
6118.1650000000  8.277397E-16
6121.7240000000  8.310254E-16
6125.2830000000  8.307448E-16
6128.8430000000  8.556187E-16
6132.4030000000  8.503046E-16
6135.9630000000  8.627875E-16
6139.5240000000  8.406551E-16
6143.0850000000  8.359702E-16
6146.6460000000  8.316948E-16
6150.2080000000  8.445660E-16
6153.7710000000  8.239223E-16
6157.3330000000  8.622157E-16
6160.8960000000  8.363238E-16
6164.4590000000  8.556563E-16
6168.0230000000  8.468080E-16
6171.5870000000  8.326221E-16
6175.1510000000  8.329080E-16
6178.7160000000  8.545884E-16
6182.2820000000  8.558306E-16
6185.8470000000  8.190457E-16
6189.4130000000  8.290759E-16
6192.9790000000  8.276386E-16
6196.5460000000  8.163911E-16
6200.1130000000  8.232813E-16
6203.6810000000  8.374741E-16
6207.2490000000  8.100198E-16
6210.8170000000  7.991390E-16
6214.3850000000  7.828659E-16
6217.9540000000  8.097670E-16
6221.5230000000  7.930684E-16
6225.0930000000  7.947136E-16
6228.6630000000  7.849457E-16
6232.2330000000  7.758503E-16
6235.8040000000  7.814859E-16
6239.3750000000  7.839593E-16
6242.9470000000  7.717163E-16
6246.5190000000  7.662559E-16
6250.0910000000  7.743300E-16
6253.6630000000  7.594100E-16
6257.2360000000  7.636449E-16
6260.8100000000  7.798523E-16
6264.3830000000  7.650757E-16
6267.9570000000  7.567573E-16
6271.5310000000  7.605857E-16
6275.1060000000  7.459838E-16
6278.6810000000  7.429077E-16
6282.2560000000  7.539278E-16
6285.8320000000  7.560167E-16
6289.4080000000  7.397213E-16
6292.9840000000  7.841765E-16
6296.5610000000  7.654177E-16
6300.1380000000  7.303874E-16
6303.7160000000  7.404201E-16
6307.2930000000  7.436363E-16
6310.8720000000  7.374882E-16
6314.4500000000  7.342275E-16
6318.0290000000  7.464293E-16
6321.6080000000  7.357819E-16
6325.1880000000  7.251318E-16
6328.7680000000  7.435230E-16
6332.3480000000  7.539225E-16
6335.9280000000  7.417132E-16
6339.5090000000  7.430588E-16
6343.0900000000  7.619457E-16
6346.6720000000  7.562717E-16
6350.2540000000  7.831711E-16
6353.8360000000  7.725650E-16
6357.4180000000  7.651071E-16
6361.0010000000  7.680402E-16
6364.5850000000  7.543511E-16
6368.1680000000  7.644536E-16
6371.7520000000  7.814714E-16
6375.3370000000  7.893453E-16
6378.9210000000  7.817529E-16
6382.5060000000  7.746791E-16
6386.0910000000  7.725198E-16
6389.6770000000  7.599137E-16
6393.2630000000  7.712726E-16
6396.8490000000  7.791664E-16
6400.4360000000  7.869031E-16
6404.0230000000  7.946398E-16
6407.6100000000  7.915106E-16
6411.1980000000  7.892909E-16
6414.7860000000  7.783531E-16
6418.3740000000  7.954072E-16
6421.9620000000  7.964019E-16
6425.5510000000  7.940785E-16
6429.1410000000  7.876668E-16
6432.7300000000  7.679311E-16
6436.3200000000  7.995001E-16
6439.9100000000  7.788598E-16
6443.5000000000  7.865475E-16
6447.0910000000  7.937183E-16
6450.6830000000  7.995070E-16
6454.2740000000  8.024257E-16
6457.8660000000  7.926488E-16
6461.4580000000  7.890679E-16
6465.0500000000  8.089274E-16
6468.6430000000  7.923223E-16
6472.2360000000  7.841519E-16
6475.8300000000  8.005613E-16
6479.4230000000  7.855553E-16
6483.0170000000  7.958130E-16
6486.6120000000  7.874941E-16
6490.2060000000  7.866481E-16
6493.8010000000  7.764573E-16
6497.3960000000  7.852385E-16
6500.9920000000  7.875489E-16
6504.5880000000  7.866500E-16
6508.1840000000  7.986921E-16
6511.7810000000  7.864184E-16
6515.3770000000  7.884247E-16
6518.9750000000  7.869987E-16
6522.5720000000  7.647024E-16
6526.1700000000  7.836632E-16
6529.7680000000  7.879733E-16
6533.3670000000  7.687140E-16
6536.9650000000  7.674295E-16
6540.5640000000  7.688214E-16
6544.1640000000  7.638892E-16
6547.7630000000  7.845898E-16
6551.3630000000  7.935052E-16
6554.9630000000  7.630746E-16
6558.5640000000  7.830047E-16
6562.1650000000  8.013391E-16
6565.7660000000  7.726690E-16
6569.3670000000  7.755186E-16
6572.9690000000  7.822105E-16
6576.5710000000  7.702804E-16
6580.1740000000  7.556379E-16
6583.7760000000  7.871185E-16
6587.3790000000  7.707939E-16
6590.9820000000  7.700233E-16
6594.5860000000  7.638679E-16
6598.1900000000  7.466341E-16
6601.7940000000  7.784854E-16
6605.3980000000  7.814955E-16
6609.0030000000  7.620735E-16
6612.6080000000  7.550828E-16
6616.2140000000  7.640609E-16
6619.8190000000  7.453296E-16
6623.4250000000  7.688776E-16
6627.0320000000  7.474447E-16
6630.6380000000  7.624280E-16
6634.2450000000  7.631682E-16
6637.8530000000  7.532766E-16
6641.4600000000  7.496091E-16
6645.0670000000  7.287454E-16
6648.6760000000  7.587849E-16
6652.2840000000  7.271411E-16
6655.8930000000  7.278326E-16
6659.5010000000  7.414381E-16
6663.1110000000  7.543999E-16
6666.7200000000  7.420020E-16
6670.3300000000  7.201241E-16
6673.9400000000  7.366852E-16
6677.5500000000  7.234307E-16
6681.1610000000  7.349541E-16
6684.7720000000  7.343555E-16
6688.3830000000  7.263986E-16
6691.9950000000  7.226995E-16
6695.6060000000  7.234015E-16
6699.2190000000  7.312917E-16
6702.8310000000  7.368498E-16
6706.4440000000  7.251236E-16
6710.0570000000  7.320540E-16
6713.6700000000  7.192399E-16
6717.2840000000  7.141938E-16
6720.8970000000  6.931632E-16
6724.5110000000  7.237364E-16
6728.1260000000  7.125800E-16
6731.7410000000  7.081956E-16
6735.3550000000  7.139123E-16
6738.9710000000  7.118556E-16
6742.5860000000  7.155031E-16
6746.2020000000  7.205117E-16
6749.8180000000  7.129925E-16
6753.4350000000  7.203788E-16
6757.0510000000  7.279728E-16
6760.6680000000  7.231470E-16
6764.2850000000  7.820938E-16
6767.9030000000  1.038133E-15
6771.5210000000  1.227925E-15
6775.1390000000  1.317190E-15
6778.7570000000  1.145595E-15
6782.3750000000  7.989520E-16
6785.9950000000  7.130300E-16
6789.6140000000  6.933169E-16
6793.2330000000  7.234432E-16
6796.8530000000  7.181054E-16
6800.4730000000  6.987383E-16
6804.0930000000  6.930770E-16
6807.7140000000  6.854426E-16
6811.3340000000  6.981984E-16
6814.9560000000  6.837425E-16
6818.5770000000  6.811809E-16
6822.1990000000  6.904172E-16
6825.8210000000  6.831538E-16
6829.4430000000  6.886573E-16
6833.0650000000  6.728100E-16
6836.6880000000  6.733582E-16
6840.3120000000  6.815772E-16
6843.9350000000  6.631240E-16
6847.5580000000  6.661704E-16
6851.1820000000  6.736653E-16
6854.8060000000  6.567455E-16
6858.4310000000  6.529979E-16
6862.0550000000  6.607053E-16
6865.6800000000  6.606801E-16
6869.3060000000  6.447791E-16
6872.9310000000  6.258428E-16
6876.5570000000  6.458134E-16
6880.1830000000  6.453278E-16
6883.8090000000  6.573944E-16
6887.4360000000  6.642909E-16
6891.0630000000  6.385798E-16
6894.6900000000  6.252018E-16
6898.3170000000  6.207789E-16
6901.9450000000  6.177489E-16
6905.5730000000  6.073724E-16
6909.2010000000  6.338513E-16
6912.8300000000  6.287497E-16
6916.4580000000  6.204307E-16
6920.0870000000  6.088925E-16
6923.7160000000  6.305681E-16
6927.3460000000  6.467749E-16
6930.9760000000  6.289939E-16
6934.6060000000  6.521748E-16
6938.2360000000  6.330187E-16
6941.8670000000  6.159131E-16
6945.4980000000  6.024307E-16
6949.1290000000  6.286983E-16
6952.7600000000  6.327995E-16
6956.3920000000  5.855466E-16
6960.0240000000  5.941585E-16
6963.6560000000  6.069276E-16
6967.2890000000  5.920749E-16
6970.9210000000  5.935676E-16
6974.5540000000  5.877628E-16
6978.1870000000  5.855273E-16
6981.8210000000  5.849074E-16
6985.4550000000  5.844333E-16
6989.0890000000  5.925408E-16
6992.7240000000  5.716933E-16
6996.3580000000  5.720288E-16
6999.9930000000  5.762204E-16
7003.6280000000  5.690494E-16
7007.2630000000  5.912673E-16
7010.8990000000  5.858116E-16
7014.5350000000  5.862124E-16
7018.1710000000  5.800301E-16
7021.8080000000  5.882115E-16
7025.4440000000  5.798494E-16
7029.0810000000  5.645654E-16
7032.7180000000  5.717984E-16
7036.3560000000  5.761037E-16
7039.9940000000  5.673710E-16
7043.6320000000  5.631424E-16
7047.2700000000  5.687528E-16
7050.9080000000  5.615133E-16
7054.5470000000  5.569250E-16
7058.1860000000  5.460173E-16
7061.8260000000  5.767119E-16
7065.4650000000  5.761756E-16
7069.1050000000  5.580656E-16
7072.7450000000  5.591187E-16
7076.3850000000  5.610833E-16
7080.0260000000  5.530981E-16
7083.6670000000  5.398408E-16
7087.3080000000  5.604733E-16
7090.9490000000  5.246959E-16
7094.5910000000  5.481600E-16
7098.2330000000  5.297403E-16
7101.8750000000  5.244728E-16
7105.5180000000  5.468422E-16
7109.1600000000  5.370248E-16
7112.8030000000  5.449715E-16
7116.4460000000  5.506834E-16
7120.0900000000  5.231086E-16
7123.7330000000  5.404766E-16
7127.3770000000  5.161473E-16
7131.0220000000  5.418274E-16
7134.6670000000  5.464901E-16
7138.3110000000  5.338966E-16
7141.9560000000  5.309881E-16
7145.6010000000  5.201305E-16
7149.2470000000  5.198549E-16
7152.8930000000  5.327942E-16
7156.5390000000  5.272528E-16
7160.1850000000  5.179933E-16
7163.8320000000  5.114046E-16
7167.4790000000  5.088442E-16
7171.1250000000  5.005126E-16
7174.7730000000  4.706937E-16
7178.4200000000  4.801346E-16
7182.0680000000  4.793806E-16
7185.7160000000  4.692849E-16
7189.3650000000  4.587256E-16
7193.0130000000  4.930604E-16
7196.6620000000  4.796640E-16
7200.3120000000  4.716075E-16
7203.9610000000  4.723291E-16
7207.6100000000  4.759635E-16
7211.2600000000  4.930553E-16
7214.9110000000  5.106329E-16
7218.5610000000  4.954498E-16
7222.2110000000  4.844930E-16
7225.8620000000  5.061074E-16
7229.5140000000  4.558802E-16
7233.1650000000  4.736234E-16
7236.8170000000  4.677496E-16
7240.4690000000  4.750055E-16
7244.1210000000  4.617502E-16
7247.7730000000  4.391681E-16
7251.4260000000  4.604050E-16
7255.0790000000  4.748807E-16
7258.7320000000  4.754474E-16
7262.3860000000  4.397058E-16
7266.0400000000  4.522752E-16
7269.6940000000  4.545023E-16
7273.3480000000  4.562776E-16
7277.0020000000  4.580526E-16
7280.6570000000  4.598283E-16
7284.3130000000  4.616043E-16
7287.9680000000  4.677864E-16
7291.6230000000  4.522693E-16
7295.2790000000  4.368985E-16
7298.9350000000  4.315868E-16
7302.5910000000  4.198163E-16
7306.2480000000  4.284349E-16
7309.9050000000  4.351791E-16
7313.5620000000  4.391267E-16
7317.2190000000  4.475356E-16
7320.8770000000  4.443052E-16
7324.5350000000  4.704117E-16
7328.1930000000  4.491773E-16
7331.8510000000  4.458856E-16
7335.5100000000  4.455935E-16
7339.1690000000  4.367514E-16
7342.8280000000  4.380648E-16
7346.4870000000  4.506250E-16
7350.1470000000  4.312393E-16
7353.8070000000  4.385388E-16
7357.4670000000  4.540543E-16
7361.1270000000  4.660347E-16
7364.7880000000  4.691737E-16
7368.4490000000  4.521634E-16
7372.1100000000  4.572895E-16
7375.7720000000  4.473655E-16
7379.4340000000  4.363217E-16
7383.0960000000  4.415957E-16
7386.7580000000  4.350584E-16
7390.4200000000  4.358664E-16
7394.0830000000  4.355234E-16
7397.7460000000  4.487262E-16
7401.4090000000  4.480441E-16
7405.0730000000  4.551515E-16
7408.7370000000  4.436931E-16
7412.4010000000  4.472088E-16
7416.0650000000  4.425343E-16
7419.7290000000  4.322746E-16
7423.3950000000  4.522536E-16
7427.0600000000  4.395251E-16
7430.7250000000  4.399141E-16
7434.3910000000  4.489522E-16
7438.0570000000  4.452207E-16
7441.7230000000  4.464499E-16
7445.3890000000  4.467172E-16
7449.0560000000  4.308592E-16
7452.7230000000  4.584561E-16
7456.3900000000  4.520382E-16
7460.0570000000  4.567196E-16
7463.7250000000  4.622549E-16
7467.3930000000  4.473977E-16
7471.0610000000  4.694415E-16
7474.7290000000  4.682136E-16
7478.3980000000  4.663840E-16
7482.0670000000  4.594468E-16
7485.7360000000  4.588521E-16
7489.4060000000  4.698952E-16
7493.0760000000  4.786828E-16
7496.7460000000  4.927725E-16
7500.4160000000  4.919838E-16
7504.0860000000  4.832090E-16
7507.7570000000  5.087720E-16
7511.4290000000  5.238409E-16
7515.1000000000  5.256097E-16
7518.7710000000  5.280176E-16
7522.4430000000  5.403628E-16
7526.1160000000  5.516167E-16
7529.7880000000  5.793111E-16
7533.4600000000  5.760515E-16
7537.1340000000  5.931680E-16
7540.8070000000  5.464869E-16
7544.4800000000  5.156154E-16
7548.1540000000  5.273203E-16
7551.8280000000  5.166930E-16
7555.5020000000  5.179042E-16
7559.1770000000  4.973508E-16
7562.8520000000  4.831894E-16
7566.5260000000  4.727915E-16
7570.2020000000  4.813123E-16
7573.8770000000  4.617133E-16
7577.5530000000  4.750268E-16
7581.2290000000  4.945244E-16
7584.9060000000  4.936929E-16
7588.5830000000  5.157756E-16
7592.2590000000  5.277878E-16
7595.9370000000  5.636608E-16
7599.6140000000  5.780205E-16
7603.2920000000  6.070334E-16
7606.9700000000  5.390752E-16
7610.6480000000  5.105062E-16
7614.3270000000  5.131785E-16
7618.0050000000  5.398487E-16
7621.6850000000  5.229217E-16
7625.3640000000  5.657927E-16
7629.0430000000  5.239391E-16
7632.7230000000  5.143808E-16
7636.4030000000  5.319813E-16
7640.0840000000  5.451890E-16
7643.7650000000  5.345169E-16
7647.4450000000  5.168680E-16
7651.1260000000  5.076043E-16
7654.8080000000  5.285524E-16
7658.4900000000  5.074521E-16
7662.1720000000  5.111688E-16
7665.8540000000  5.007282E-16
7669.5370000000  5.268809E-16
7673.2200000000  5.259486E-16
7676.9030000000  5.080686E-16
7680.5860000000  5.169897E-16
7684.2700000000  5.048885E-16
7687.9540000000  4.805510E-16
7691.6380000000  4.847358E-16
7695.3230000000  5.050844E-16
7699.0070000000  5.098310E-16
7702.6920000000  4.733121E-16
7706.3780000000  4.762997E-16
7710.0630000000  4.639133E-16
7713.7490000000  4.936174E-16
7717.4360000000  5.038578E-16
7721.1220000000  5.015085E-16
7724.8090000000  4.818878E-16
7728.4960000000  4.894635E-16
7732.1830000000  5.244596E-16
7735.8700000000  5.304623E-16
7739.5580000000  5.147245E-16
7743.2460000000  5.060505E-16
7746.9350000000  5.119341E-16
7750.6230000000  5.046713E-16
7754.3120000000  4.992663E-16
7758.0010000000  4.983916E-16
7761.6910000000  5.015026E-16
7765.3810000000  4.638230E-16
7769.0710000000  4.861091E-16
7772.7610000000  4.579861E-16
7776.4520000000  4.794084E-16
7780.1430000000  4.803866E-16
7783.8340000000  4.932081E-16
7787.5250000000  4.676478E-16
7791.2170000000  4.770174E-16
7794.9090000000  4.592665E-16
7798.6020000000  4.810680E-16
7802.2940000000  4.526225E-16
7805.9870000000  4.742305E-16
7809.6800000000  4.790496E-16
7813.3740000000  4.715709E-16
7817.0670000000  4.658275E-16
7820.7610000000  4.723698E-16
7824.4560000000  4.402408E-16
7828.1500000000  4.884206E-16
7831.8450000000  4.748446E-16
7835.5400000000  4.599013E-16
7839.2360000000  4.686182E-16
7842.9320000000  4.739060E-16
7846.6270000000  4.588851E-16
7850.3240000000  4.391607E-16
7854.0210000000  4.529445E-16
7857.7170000000  4.724165E-16
7861.4150000000  4.287546E-16
7865.1120000000  4.682908E-16
7868.8100000000  4.480474E-16
7872.5080000000  4.421387E-16
7876.2070000000  4.365436E-16
7879.9050000000  4.448909E-16
7883.6040000000  4.482289E-16
7887.3030000000  4.277389E-16
7891.0030000000  4.553713E-16
7894.7030000000  4.528997E-16
7898.4030000000  4.478671E-16
7902.1030000000  4.480146E-16
7905.8040000000  4.546698E-16
7909.5050000000  4.367639E-16
7913.2060000000  4.167557E-16
7916.9080000000  4.525174E-16
7920.6100000000  4.139844E-16
7924.3120000000  4.446880E-16
7928.0150000000  4.381208E-16
7931.7170000000  4.442648E-16
7935.4200000000  4.497690E-16
7939.1240000000  4.375606E-16
7942.8280000000  4.373558E-16
7946.5320000000  4.360119E-16
7950.2360000000  4.275016E-16
7953.9400000000  4.406759E-16
7957.6460000000  4.275394E-16
7961.3510000000  4.206633E-16
7965.0560000000  4.232703E-16
7968.7620000000  4.480801E-16
7972.4680000000  4.238120E-16
7976.1750000000  4.427730E-16
7979.8810000000  4.318860E-16
7983.5880000000  4.356971E-16
7987.2960000000  4.266798E-16
7991.0030000000  4.086847E-16
7994.7110000000  4.281984E-16
7998.4200000000  4.185332E-16
8002.1280000000  4.454875E-16
8005.8370000000  4.311838E-16
8009.5460000000  4.309796E-16
8013.2560000000  4.259526E-16
8016.9660000000  4.206385E-16
8020.6760000000  4.071111E-16
8024.3860000000  4.383899E-16
8028.0970000000  4.112580E-16
8031.8080000000  4.252111E-16
8035.5200000000  4.011711E-16
8039.2310000000  4.173538E-16
8042.9430000000  4.039411E-16
8046.6560000000  4.147507E-16
8050.3690000000  4.288318E-16
8054.0820000000  4.380599E-16
8057.7940000000  4.156659E-16
8061.5080000000  4.089600E-16
8065.2220000000  4.173846E-16
8068.9370000000  4.286563E-16
8072.6510000000  4.274606E-16
8076.3660000000  4.136403E-16
8080.0810000000  4.338399E-16
8083.7960000000  4.159219E-16
8087.5120000000  4.207086E-16
8091.2290000000  4.140113E-16
8094.9450000000  4.190477E-16
8098.6620000000  4.225388E-16
8102.3790000000  4.258851E-16
8106.0970000000  4.147507E-16
8109.8140000000  3.994044E-16
8113.5320000000  4.164710E-16
8117.2510000000  4.152127E-16
8120.9700000000  4.210405E-16
8124.6880000000  4.200196E-16
8128.4080000000  4.224341E-16
8132.1280000000  4.097197E-16
8135.8480000000  4.141283E-16
8139.5680000000  4.101190E-16
8143.2890000000  4.100307E-16
8147.0100000000  3.913783E-16
8150.7310000000  3.813197E-16
8154.4530000000  4.146340E-16
8158.1750000000  3.851130E-16
8161.8970000000  3.888543E-16
8165.6200000000  3.780204E-16
8169.3430000000  3.877719E-16
8173.0670000000  4.016335E-16
8176.7910000000  4.115895E-16
8180.5150000000  3.923322E-16
8184.2390000000  4.014802E-16
8187.9640000000  3.920368E-16
8191.6890000000  4.168000E-16
8195.4140000000  3.930689E-16
8199.1400000000  4.123112E-16
8202.8660000000  4.083553E-16
8206.5930000000  4.207834E-16
8210.3190000000  4.190161E-16
8214.0470000000  4.322653E-16
8217.7730000000  4.134779E-16
8221.5020000000  4.186007E-16
8225.2290000000  4.157008E-16
8228.9580000000  3.872461E-16
8232.6880000000  3.912872E-16
8236.4160000000  4.168915E-16
8240.1460000000  4.196401E-16
8243.8760000000  4.240876E-16
8247.6060000000  4.335461E-16
8251.3370000000  4.462210E-16
8255.0670000000  4.294507E-16
8258.7990000000  4.165330E-16
8262.5300000000  4.153419E-16
8266.2630000000  4.091552E-16
8269.9950000000  4.178172E-16
8273.7280000000  4.190460E-16
8277.4610000000  3.941252E-16
8281.1940000000  4.086947E-16
8284.9280000000  4.165266E-16
8288.6620000000  3.990309E-16
8292.3960000000  4.145932E-16
8296.1310000000  4.194386E-16
8299.8660000000  4.271582E-16
8303.6020000000  4.098887E-16
8307.3380000000  4.219756E-16
8311.0740000000  4.161644E-16
8314.8110000000  4.112761E-16
8318.5480000000  4.152712E-16
8322.2850000000  4.100359E-16
8326.0220000000  4.091771E-16
8329.7610000000  4.136735E-16
8333.4990000000  4.031500E-16
8337.2380000000  4.292378E-16
8340.9780000000  3.941860E-16
8344.7170000000  3.879386E-16
8348.4570000000  4.266415E-16
8352.1970000000  4.305225E-16
8355.9380000000  3.968630E-16
8359.6790000000  4.101630E-16
8363.4200000000  4.066870E-16
8367.1620000000  4.055880E-16
8370.9030000000  4.171368E-16
8374.6460000000  4.174101E-16
8378.3900000000  4.238228E-16
8382.1330000000  4.141574E-16
8385.8760000000  4.007596E-16
8389.6200000000  4.220440E-16
8393.3640000000  4.405305E-16
8397.1090000000  4.465779E-16
8400.8540000000  3.995873E-16
8404.6000000000  4.147095E-16
8408.3460000000  4.008922E-16
8412.0920000000  4.008768E-16
8415.8390000000  4.074958E-16
8419.5860000000  4.099615E-16
8423.3330000000  4.163171E-16
8427.0810000000  3.880589E-16
8430.8290000000  3.862187E-16
8434.5780000000  3.920183E-16
8438.3270000000  4.098529E-16
8442.0760000000  3.981660E-16
8445.8260000000  4.025932E-16
8449.5760000000  4.114923E-16
8453.3260000000  3.904478E-16
8457.0770000000  4.168597E-16
8460.8290000000  3.843401E-16
8464.5800000000  3.824444E-16
8468.3330000000  3.880868E-16
8472.0850000000  4.019911E-16
8475.8380000000  3.897978E-16
8479.5910000000  3.781524E-16
8483.3450000000  3.830342E-16
8487.0990000000  3.757810E-16
8490.8540000000  3.796404E-16
8494.6080000000  3.984013E-16
8498.3630000000  3.840499E-16
8502.1190000000  3.785965E-16
8505.8750000000  3.712206E-16
8509.6320000000  3.663234E-16
8513.3890000000  3.944602E-16
8517.1460000000  3.581708E-16
8520.9030000000  3.818488E-16
8524.6620000000  3.820491E-16
8528.4200000000  3.730106E-16
8532.1800000000  3.775107E-16
8535.9380000000  3.744524E-16
8539.6980000000  3.822969E-16
8543.4590000000  3.715643E-16
8547.2190000000  3.800567E-16
8550.9800000000  3.872183E-16
8554.7410000000  3.734601E-16
8558.5030000000  3.664477E-16
8562.2660000000  3.688382E-16
8566.0280000000  3.687764E-16
8569.7910000000  3.687146E-16
8573.5550000000  3.686529E-16
8577.3180000000  3.685911E-16
8581.0830000000  3.685293E-16
8584.8480000000  3.684675E-16
8588.6120000000  3.556701E-16
8592.3780000000  3.646969E-16
8596.1450000000  3.651593E-16
8599.9100000000  3.705234E-16
8603.6780000000  3.679335E-16
8607.4440000000  3.601961E-16
8611.2130000000  3.639552E-16
8614.9800000000  3.640171E-16
8618.7490000000  3.557582E-16
8622.5190000000  3.452151E-16
8626.2870000000  3.435678E-16
8630.0580000000  3.447200E-16
8633.8280000000  3.688551E-16
8637.5990000000  3.425500E-16
8641.3690000000  3.416580E-16
8645.1420000000  3.649364E-16
8648.9130000000  3.404152E-16
8652.6860000000  3.372983E-16
8656.4590000000  3.407947E-16
8660.2310000000  3.212078E-16
8664.0060000000  3.404539E-16
8667.7800000000  3.261370E-16
8671.5550000000  3.282574E-16
8675.3300000000  3.285351E-16
8679.1050000000  3.255661E-16
8682.8810000000  3.238421E-16
8686.6570000000  3.373433E-16
8690.4350000000  3.348562E-16
8694.2120000000  3.277450E-16
8697.9890000000  3.151079E-16
8701.7680000000  3.336129E-16
8705.5470000000  3.334960E-16
8709.3260000000  3.313318E-16
8713.1050000000  3.203170E-16
8716.8860000000  3.168956E-16
8720.6660000000  3.093299E-16
8724.4470000000  3.184248E-16
8728.2290000000  3.114809E-16
8732.0100000000  3.112554E-16
8735.7930000000  3.118017E-16
8739.5750000000  3.177389E-16
8743.3580000000  3.184467E-16
8747.1430000000  3.142972E-16
8750.9270000000  3.286577E-16
8754.7110000000  3.276484E-16
8758.4960000000  3.282129E-16
8762.2820000000  3.194797E-16
8766.0680000000  2.927342E-16
8769.8540000000  3.155772E-16
8773.6420000000  2.805624E-16
8777.4290000000  3.334716E-16
8781.2170000000  2.995054E-16
8785.0050000000  3.175389E-16
8788.7940000000  3.018616E-16
8792.5840000000  3.105868E-16
8796.3730000000  3.358585E-16
8800.1640000000  3.264536E-16
8803.9540000000  3.060355E-16
8807.7460000000  3.074733E-16
8811.5370000000  3.062233E-16
8815.3300000000  2.993782E-16
8819.1220000000  3.095194E-16
8822.9160000000  2.739370E-16
8826.7090000000  2.931604E-16
8830.5040000000  3.091782E-16
8834.2980000000  3.057061E-16
8838.0940000000  3.228480E-16
8841.8890000000  2.952197E-16
8845.6860000000  3.325552E-16
8849.4810000000  3.190444E-16
8853.2790000000  3.168648E-16
8857.0760000000  3.274981E-16
8860.8750000000  3.055670E-16
8864.6730000000  2.947205E-16
8868.4730000000  3.207912E-16
8872.2710000000  3.136035E-16
8876.0720000000  3.115721E-16
8879.8720000000  3.199833E-16
8883.6740000000  3.173578E-16
8887.4760000000  3.169787E-16
8891.2770000000  3.011494E-16
8895.0800000000  3.192082E-16
8898.8830000000  3.403113E-16
8902.6870000000  3.267143E-16
8906.4910000000  3.275866E-16
8910.2960000000  3.214883E-16
8914.1010000000  3.252359E-16
8917.9060000000  3.231120E-16
8921.7130000000  3.181244E-16
8925.5200000000  2.804787E-16
8929.3260000000  3.416622E-16
8933.1340000000  3.328107E-16
8936.9420000000  3.276226E-16
8940.7510000000  3.207892E-16
8944.5610000000  3.066964E-16
8948.3700000000  3.228366E-16
8952.1810000000  3.426487E-16
8955.9910000000  3.017256E-16
8959.8030000000  3.149646E-16
8963.6140000000  3.098537E-16
8967.4270000000  3.176095E-16
8971.2400000000  3.151022E-16
8975.0540000000  2.905754E-16
8978.8670000000  3.265439E-16
8982.6820000000  3.120276E-16
8986.4970000000  3.021957E-16
8990.3130000000  2.940065E-16
8994.1290000000  2.943349E-16
8997.9450000000  2.812889E-16
9001.7630000000  2.996726E-16
9005.5800000000  3.258243E-16
9009.3980000000  3.230509E-16
9013.2180000000  2.980037E-16
9017.0370000000  3.006807E-16
9020.8560000000  3.075320E-16
9024.6780000000  2.890901E-16
9028.4980000000  2.990316E-16
9032.3200000000  3.022142E-16
9036.1420000000  3.085537E-16
9039.9650000000  3.102262E-16
9043.7880000000  2.951741E-16
9047.6110000000  2.954466E-16
9051.4360000000  3.004944E-16
9055.2610000000  3.118085E-16
9059.0860000000  2.950496E-16
9062.9120000000  2.806322E-16
9066.7390000000  2.809981E-16
9070.5660000000  2.803065E-16
9074.3940000000  2.641320E-16
9078.2220000000  2.620182E-16
9082.0510000000  3.242589E-16
9085.8800000000  3.328342E-16
9089.7100000000  3.174224E-16
9093.5400000000  3.470622E-16
9097.3710000000  3.188978E-16
9101.2030000000  3.017939E-16
9105.0350000000  3.263872E-16
9108.8680000000  3.194012E-16
9112.7010000000  3.081488E-16
9116.5350000000  3.361265E-16
9120.3700000000  2.809057E-16
9124.2050000000  3.224960E-16
9128.0410000000  3.056427E-16
9131.8770000000  2.823292E-16
9135.7140000000  2.820006E-16
9139.5510000000  2.782875E-16
9143.3890000000  2.952736E-16
9147.2280000000  2.792140E-16
9151.0660000000  3.009249E-16
9154.9060000000  2.819250E-16
9158.7470000000  2.550540E-16
9162.5880000000  2.621156E-16
9166.4300000000  2.746146E-16
9170.2710000000  2.615364E-16
9174.1140000000  2.735800E-16
9177.9570000000  2.720519E-16
9181.8010000000  2.763654E-16
9185.6460000000  2.473908E-16
9189.4910000000  2.386896E-16
9193.3370000000  2.609183E-16
9197.1830000000  2.377944E-16
9201.0290000000  2.589637E-16
