3400.0 2.0163e-15
3401.525 2.0578e-15
3403.05 1.7792e-15
3404.575 1.738e-15
3406.1 1.8815e-15
3407.625 1.8477e-15
3409.15 1.6138e-15
3410.675 1.6536e-15
3412.2 1.6528e-15
3413.725 1.5533e-15
3415.25 1.4353e-15
3416.775 1.5977e-15
3418.3 1.8737e-15
3419.825 1.7164e-15
3421.35 1.584e-15
3422.875 1.4875e-15
3424.4 1.5409e-15
3425.925 1.6288e-15
3427.45 1.5771e-15
3428.975 1.5346e-15
3430.5 1.4712e-15
3432.025 1.3939e-15
3433.55 1.4682e-15
3435.075 1.5893e-15
3436.6 1.6967e-15
3438.125 1.7603e-15
3439.65 1.5879e-15
3441.175 1.6746e-15
3442.7 1.6996e-15
3444.225 1.6867e-15
3445.75 1.7845e-15
3447.275 1.7116e-15
3448.8 1.7771e-15
3450.325 1.9175e-15
3451.85 1.8066e-15
3453.375 1.8434e-15
3454.9 1.7919e-15
3456.425 1.8405e-15
3457.95 1.699e-15
3459.475 1.6406e-15
3461.0 1.7688e-15
3462.525 1.9527e-15
3464.05 1.7436e-15
3465.575 1.7291e-15
3467.1 1.847e-15
3468.625 1.8297e-15
3470.15 1.796e-15
3471.675 1.7476e-15
3473.2 1.9217e-15
3474.725 1.9557e-15
3476.25 1.687e-15
3477.775 1.7174e-15
3479.3 1.7403e-15
3480.825 1.7539e-15
3482.35 1.8516e-15
3483.875 1.8073e-15
3485.4 1.8939e-15
3486.925 1.7766e-15
3488.45 1.6708e-15
3489.975 1.7211e-15
3491.5 1.8043e-15
3493.025 1.7432e-15
3494.55 1.7912e-15
3496.075 1.7569e-15
3497.6 1.7815e-15
3499.125 1.791e-15
3500.65 1.7983e-15
3502.175 1.8585e-15
3503.7 1.8433e-15
3505.225 1.6569e-15
3506.75 1.6483e-15
3508.275 1.8226e-15
3509.8 1.8444e-15
3511.325 1.8652e-15
3512.85 1.8499e-15
3514.375 1.7933e-15
3515.9 1.8632e-15
3517.425 1.8186e-15
3518.95 1.9145e-15
3520.475 1.7902e-15
3522.0 1.814e-15
3523.525 1.8347e-15
3525.05 1.9689e-15
3526.575 1.767e-15
3528.1 1.8849e-15
3529.625 1.8531e-15
3531.15 1.9619e-15
3532.675 1.8169e-15
3534.2 1.8031e-15
3535.725 1.8697e-15
3537.25 1.858e-15
3538.775 1.9244e-15
3540.3 1.8933e-15
3541.825 2.0684e-15
3543.35 1.8912e-15
3544.875 1.9038e-15
3546.4 1.8013e-15
3547.925 1.8641e-15
3549.45 1.8617e-15
3550.975 1.7962e-15
3552.5 1.7982e-15
3554.025 1.6926e-15
3555.55 1.5366e-15
3557.075 1.6826e-15
3558.6 1.6366e-15
3560.125 1.6604e-15
3561.65 1.6422e-15
3563.175 1.716e-15
3564.7 1.7013e-15
3566.225 1.6394e-15
3567.75 1.8799e-15
3569.275 1.8834e-15
3570.8 1.7791e-15
3572.325 1.838e-15
3573.85 1.8125e-15
3575.375 1.9208e-15
3576.9 1.8156e-15
3578.425 1.8684e-15
3579.95 1.9013e-15
3581.475 1.9326e-15
3583.0 1.9045e-15
3584.525 1.9652e-15
3586.05 1.9155e-15
3587.575 1.9446e-15
3589.1 1.8267e-15
3590.625 1.8992e-15
3592.15 1.9107e-15
3593.675 1.9109e-15
3595.2 1.8115e-15
3596.725 1.9239e-15
3598.25 1.9867e-15
3599.775 1.9821e-15
3601.3 1.9162e-15
3602.825 1.9703e-15
3604.35 1.9929e-15
3605.875 2.094e-15
3607.4 2.0112e-15
3608.925 2.0038e-15
3610.45 1.9556e-15
3611.975 1.9777e-15
3613.5 2.0644e-15
3615.025 1.9662e-15
3616.55 2.0106e-15
3618.075 2.027e-15
3619.6 1.9491e-15
3621.125 1.8938e-15
3622.65 1.8917e-15
3624.175 1.9217e-15
3625.7 1.929e-15
3627.225 1.9473e-15
3628.75 1.8175e-15
3630.275 1.9511e-15
3631.8 1.9659e-15
3633.325 1.9429e-15
3634.85 1.9448e-15
3636.375 2.0029e-15
3637.9 1.9247e-15
3639.425 1.9347e-15
3640.95 2.0245e-15
3642.475 1.9226e-15
3644.0 1.8523e-15
3645.525 1.8242e-15
3647.05 1.8774e-15
3648.575 1.9052e-15
3650.1 1.9739e-15
3651.625 1.9071e-15
3653.15 1.9519e-15
3654.675 1.8795e-15
3656.2 1.8965e-15
3657.725 1.8086e-15
3659.25 1.7534e-15
3660.775 1.8022e-15
3662.3 1.9037e-15
3663.825 1.8715e-15
3665.35 1.8617e-15
3666.875 1.943e-15
3668.4 1.9317e-15
3669.925 1.9269e-15
3671.45 1.9119e-15
3672.975 1.9153e-15
3674.5 1.8527e-15
3676.025 1.8496e-15
3677.55 1.9874e-15
3679.075 1.9773e-15
3680.6 1.9666e-15
3682.125 1.8966e-15
3683.65 1.9242e-15
3685.175 1.8353e-15
3686.7 1.8909e-15
3688.225 1.9615e-15
3689.75 1.8846e-15
3691.275 1.8428e-15
3692.8 1.9263e-15
3694.325 1.9023e-15
3695.85 1.9434e-15
3697.375 1.8848e-15
3698.9 1.774e-15
3700.425 1.8569e-15
3701.95 1.8407e-15
3703.475 1.8802e-15
3705.0 1.8454e-15
3706.525 1.8315e-15
3708.05 1.9496e-15
3709.575 1.9729e-15
3711.1 1.9005e-15
3712.625 1.7788e-15
3714.15 1.7802e-15
3715.675 1.8446e-15
3717.2 1.8497e-15
3718.725 1.7836e-15
3720.25 1.7612e-15
3721.775 1.8658e-15
3723.3 1.7273e-15
3724.825 1.7544e-15
3726.35 1.7578e-15
3727.875 1.8271e-15
3729.4 1.8154e-15
3730.925 1.8082e-15
3732.45 1.7713e-15
3733.975 1.8671e-15
3735.5 1.8029e-15
3737.025 1.8039e-15
3738.55 1.7029e-15
3740.075 1.7476e-15
3741.6 1.7478e-15
3743.125 1.7709e-15
3744.65 1.7573e-15
3746.175 1.7556e-15
3747.7 1.7727e-15
3749.225 1.7947e-15
3750.75 1.763e-15
3752.275 1.7549e-15
3753.8 1.7731e-15
3755.325 1.7875e-15
3756.85 1.748e-15
3758.375 1.7855e-15
3759.9 1.8107e-15
3761.425 1.812e-15
3762.95 1.8422e-15
3764.475 1.8637e-15
3766.0 1.84e-15
3767.525 1.8261e-15
3769.05 1.7738e-15
3770.575 1.873e-15
3772.1 1.9222e-15
3773.625 1.8618e-15
3775.15 1.8659e-15
3776.675 1.8318e-15
3778.2 1.876e-15
3779.725 1.8668e-15
3781.25 1.8209e-15
3782.775 1.7755e-15
3784.3 1.8179e-15
3785.825 1.8804e-15
3787.35 1.8765e-15
3788.875 1.8358e-15
3790.4 1.8865e-15
3791.925 1.8502e-15
3793.45 1.8101e-15
3794.975 1.8502e-15
3796.5 1.8116e-15
3798.025 1.795e-15
3799.55 1.8534e-15
3801.075 1.8514e-15
3802.6 1.931e-15
3804.125 1.9359e-15
3805.65 1.9273e-15
3807.175 2.0256e-15
3808.7 2.0547e-15
3810.225 2.0116e-15
3811.75 2.0222e-15
3813.275 2.0969e-15
3814.8 2.0579e-15
3816.325 2.0303e-15
3817.85 2.0489e-15
3819.375 2.0401e-15
3820.9 2.0404e-15
3822.425 2.0932e-15
3823.95 2.0838e-15
3825.475 2.0862e-15
3827.0 2.045e-15
3828.525 2.0383e-15
3830.05 2.0305e-15
3831.575 2.0667e-15
3833.1 2.1313e-15
3834.625 2.0865e-15
3836.15 2.0308e-15
3837.675 2.0862e-15
3839.2 2.074e-15
3840.725 2.1269e-15
3842.25 2.2691e-15
3843.775 2.2712e-15
3845.3 2.4187e-15
3846.825 2.7089e-15
3848.35 2.8919e-15
3849.875 2.9096e-15
3851.4 2.4636e-15
3852.925 2.2277e-15
3854.45 2.1773e-15
3855.975 2.2682e-15
3857.5 2.2043e-15
3859.025 2.1179e-15
3860.55 2.0861e-15
3862.075 2.1402e-15
3863.6 2.1793e-15
3865.125 2.1531e-15
3866.65 2.1267e-15
3868.175 2.1355e-15
3869.7 2.055e-15
3871.225 2.0409e-15
3872.75 2.0789e-15
3874.275 2.1152e-15
3875.8 2.097e-15
3877.325 2.0788e-15
3878.85 2.1452e-15
3880.375 2.1782e-15
3881.9 2.1631e-15
3883.425 2.2037e-15
3884.95 2.2215e-15
3886.475 2.2719e-15
3888.0 2.2944e-15
3889.525 2.2773e-15
3891.05 2.2395e-15
3892.575 2.2499e-15
3894.1 2.1985e-15
3895.625 2.1812e-15
3897.15 2.2428e-15
3898.675 2.294e-15
3900.2 2.2707e-15
3901.725 2.224e-15
3903.25 2.2072e-15
3904.775 2.1929e-15
3906.3 2.2244e-15
3907.825 2.2622e-15
3909.35 2.201e-15
3910.875 2.1953e-15
3912.4 2.1701e-15
3913.925 2.1656e-15
3915.45 2.1558e-15
3916.975 2.1524e-15
3918.5 2.1702e-15
3920.025 2.2219e-15
3921.55 2.2077e-15
3923.075 2.2278e-15
3924.6 2.243e-15
3926.125 2.2072e-15
3927.65 2.1608e-15
3929.175 2.1319e-15
3930.7 2.1488e-15
3932.225 2.1574e-15
3933.75 2.0831e-15
3935.275 2.0539e-15
3936.8 2.1263e-15
3938.325 2.1895e-15
3939.85 2.1615e-15
3941.375 2.1467e-15
3942.9 2.141e-15
3944.425 2.1569e-15
3945.95 2.106e-15
3947.475 2.0935e-15
3949.0 2.0835e-15
3950.525 2.113e-15
3952.05 2.1201e-15
3953.575 2.0582e-15
3955.1 2.0087e-15
3956.625 2.1549e-15
3958.15 2.1836e-15
3959.675 2.1591e-15
3961.2 2.092e-15
3962.725 2.1143e-15
3964.25 2.0531e-15
3965.775 2.1671e-15
3967.3 2.1798e-15
3968.825 2.0392e-15
3970.35 2.1262e-15
3971.875 2.1526e-15
3973.4 2.1335e-15
3974.925 2.1463e-15
3976.45 2.1412e-15
3977.975 2.1451e-15
3979.5 2.1878e-15
3981.025 2.1464e-15
3982.55 2.0983e-15
3984.075 2.1844e-15
3985.6 2.2345e-15
3987.125 2.1688e-15
3988.65 2.1811e-15
3990.175 2.2178e-15
3991.7 2.2494e-15
3993.225 2.4185e-15
3994.75 2.4452e-15
3996.275 2.3222e-15
3997.8 2.1931e-15
3999.325 2.1578e-15
4000.85 2.1579e-15
4002.375 2.0543e-15
4003.9 2.1109e-15
4005.425 2.1132e-15
4006.95 2.148e-15
4008.475 2.1037e-15
4010.0 2.1467e-15
4011.525 2.1169e-15
4013.05 2.2351e-15
4014.575 2.2932e-15
4016.1 2.259e-15
4017.625 2.22e-15
4019.15 2.1355e-15
4020.675 2.2004e-15
4022.2 2.2004e-15
4023.725 2.2202e-15
4025.25 2.2701e-15
4026.775 2.1859e-15
4028.3 2.1261e-15
4029.825 2.1297e-15
4031.35 2.156e-15
4032.875 2.2315e-15
4034.4 2.1822e-15
4035.925 2.1616e-15
4037.45 2.1792e-15
4038.975 2.2024e-15
4040.5 2.1905e-15
4042.025 2.188e-15
4043.55 2.1248e-15
4045.075 2.1554e-15
4046.6 2.2166e-15
4048.125 2.1773e-15
4049.65 2.0816e-15
4051.175 2.0681e-15
4052.7 2.1632e-15
4054.225 2.1244e-15
4055.75 2.1193e-15
4057.275 2.1703e-15
4058.8 2.1413e-15
4060.325 2.1349e-15
4061.85 2.1009e-15
4063.375 2.1074e-15
4064.9 2.1331e-15
4066.425 2.1293e-15
4067.95 2.0654e-15
4069.475 2.0244e-15
4071.0 1.9762e-15
4072.525 2.0594e-15
4074.05 2.165e-15
4075.575 2.1088e-15
4077.1 2.041e-15
4078.625 2.0962e-15
4080.15 2.0592e-15
4081.675 2.0703e-15
4083.2 1.9993e-15
4084.725 1.8912e-15
4086.25 1.9219e-15
4087.775 1.9834e-15
4089.3 2.0188e-15
4090.825 2.0006e-15
4092.35 1.9604e-15
4093.875 1.9946e-15
4095.4 2.0224e-15
4096.925 2.1057e-15
4098.45 2.1343e-15
4099.975 2.0519e-15
4101.5 2.0245e-15
4103.025 2.1023e-15
4104.55 2.1011e-15
4106.075 2.0416e-15
4107.6 2.0444e-15
4109.125 2.1007e-15
4110.65 2.0649e-15
4112.175 1.9978e-15
4113.7 2.0412e-15
4115.225 2.0398e-15
4116.75 2.0333e-15
4118.275 2.0463e-15
4119.8 2.0717e-15
4121.325 2.0207e-15
4122.85 1.9912e-15
4124.375 1.9948e-15
4125.9 1.9701e-15
4127.425 2.0867e-15
4128.95 2.0361e-15
4130.475 1.9968e-15
4132.0 2.0004e-15
4133.525 2.0286e-15
4135.05 1.9424e-15
4136.575 1.9504e-15
4138.1 1.9754e-15
4139.625 2.0047e-15
4141.15 1.9565e-15
4142.675 1.962e-15
4144.2 1.9493e-15
4145.725 1.9711e-15
4147.25 1.9659e-15
4148.775 1.9352e-15
4150.3 1.9625e-15
4151.825 1.9767e-15
4153.35 1.9517e-15
4154.875 1.9168e-15
4156.4 1.947e-15
4157.925 1.9646e-15
4159.45 1.9275e-15
4160.975 1.9459e-15
4162.5 1.9566e-15
4164.025 1.8983e-15
4165.55 1.9216e-15
4167.075 1.9066e-15
4168.6 1.9062e-15
4170.125 1.8567e-15
4171.65 1.8963e-15
4173.175 1.8523e-15
4174.7 1.8373e-15
4176.225 1.8619e-15
4177.75 1.8135e-15
4179.275 1.8543e-15
4180.8 1.8337e-15
4182.325 1.8285e-15
4183.85 1.8598e-15
4185.375 1.8449e-15
4186.9 1.8327e-15
4188.425 1.837e-15
4189.95 1.8552e-15
4191.475 1.9009e-15
4193.0 1.8439e-15
4194.525 1.8336e-15
4196.05 1.8294e-15
4197.575 1.8571e-15
4199.1 1.8765e-15
4200.625 1.8932e-15
4202.15 1.8538e-15
4203.675 1.821e-15
4205.2 1.8396e-15
4206.725 1.7957e-15
4208.25 1.7979e-15
4209.775 1.8335e-15
4211.3 1.8938e-15
4212.825 1.8321e-15
4214.35 1.823e-15
4215.875 1.8863e-15
4217.4 1.8068e-15
4218.925 1.7912e-15
4220.45 1.7907e-15
4221.975 1.7788e-15
4223.5 1.736e-15
4225.025 1.7892e-15
4226.55 1.7555e-15
4228.075 1.8168e-15
4229.6 1.7904e-15
4231.125 1.8045e-15
4232.65 1.9053e-15
4234.175 1.947e-15
4235.7 1.8982e-15
4237.225 1.8338e-15
4238.75 1.7918e-15
4240.275 1.807e-15
4241.8 1.8584e-15
4243.325 1.796e-15
4244.85 1.762e-15
4246.375 1.8438e-15
4247.9 1.7807e-15
4249.425 1.7982e-15
4250.95 1.7636e-15
4252.475 1.7826e-15
4254.0 1.7276e-15
4255.525 1.7597e-15
4257.05 1.7515e-15
4258.575 1.7378e-15
4260.1 1.7433e-15
4261.625 1.778e-15
4263.15 1.7646e-15
4264.675 1.7212e-15
4266.2 1.7396e-15
4267.725 1.8104e-15
4269.25 1.798e-15
4270.775 1.7362e-15
4272.3 1.7132e-15
4273.825 1.7302e-15
4275.35 1.7093e-15
4276.875 1.7116e-15
4278.4 1.7571e-15
4279.925 1.781e-15
4281.45 1.7567e-15
4282.975 1.771e-15
4284.5 1.7242e-15
4286.025 1.7109e-15
4287.55 1.7175e-15
4289.075 1.7543e-15
4290.6 1.6827e-15
4292.125 1.6888e-15
4293.65 1.6929e-15
4295.175 1.701e-15
4296.7 1.7001e-15
4298.225 1.6992e-15
4299.75 1.6957e-15
4301.275 1.6826e-15
4302.8 1.7091e-15
4304.325 1.6982e-15
4305.85 1.7238e-15
4307.375 1.6788e-15
4308.9 1.6783e-15
4310.425 1.7201e-15
4311.95 1.7296e-15
4313.475 1.7016e-15
4315.0 1.678e-15
4316.525 1.6749e-15
4318.05 1.7297e-15
4319.575 1.7393e-15
4321.1 1.7586e-15
4322.625 1.7269e-15
4324.15 1.7111e-15
4325.675 1.7149e-15
4327.2 1.6843e-15
4328.725 1.6866e-15
4330.25 1.6658e-15
4331.775 1.6349e-15
4333.3 1.6862e-15
4334.825 1.6803e-15
4336.35 1.704e-15
4337.875 1.6835e-15
4339.4 1.666e-15
4340.925 1.6588e-15
4342.45 1.7072e-15
4343.975 1.6618e-15
4345.5 1.655e-15
4347.025 1.7001e-15
4348.55 1.7149e-15
4350.075 1.7365e-15
4351.6 1.6915e-15
4353.125 1.7316e-15
4354.65 1.7608e-15
4356.175 1.7876e-15
4357.7 1.88e-15
4359.225 1.8489e-15
4360.75 1.7493e-15
4362.275 1.7487e-15
4363.8 1.8057e-15
4365.325 1.8299e-15
4366.85 1.8294e-15
4368.375 1.7917e-15
4369.9 1.8351e-15
4371.425 1.8767e-15
4372.95 1.8818e-15
4374.475 1.8408e-15
4376.0 1.8654e-15
4377.525 1.8706e-15
4379.05 1.8651e-15
4380.575 1.8525e-15
4382.1 1.846e-15
4383.625 1.8223e-15
4385.15 1.8497e-15
4386.675 1.8901e-15
4388.2 1.8215e-15
4389.725 1.8227e-15
4391.25 1.8536e-15
4392.775 1.8683e-15
4394.3 1.905e-15
4395.825 1.8583e-15
4397.35 1.8823e-15
4398.875 1.8642e-15
4400.4 1.9011e-15
4401.925 1.9058e-15
4403.45 1.8854e-15
4404.975 1.8545e-15
4406.5 1.8968e-15
4408.025 1.9554e-15
4409.55 1.9594e-15
4411.075 1.9671e-15
4412.6 1.9563e-15
4414.125 1.9824e-15
4415.65 1.95e-15
4417.175 1.9335e-15
4418.7 1.9166e-15
4420.225 1.9479e-15
4421.75 1.9236e-15
4423.275 1.8908e-15
4424.8 1.8914e-15
4426.325 1.9359e-15
4427.85 1.9331e-15
4429.375 1.9222e-15
4430.9 1.9615e-15
4432.425 1.9888e-15
4433.95 1.9667e-15
4435.475 1.9663e-15
4437.0 1.963e-15
4438.525 1.9249e-15
4440.05 1.9617e-15
4441.575 1.9657e-15
4443.1 1.9184e-15
4444.625 1.9471e-15
4446.15 1.9725e-15
4447.675 1.9913e-15
4449.2 1.9734e-15
4450.725 1.9823e-15
4452.25 2.0118e-15
4453.775 2.0343e-15
4455.3 1.9768e-15
4456.825 1.975e-15
4458.35 1.9945e-15
4459.875 2.0197e-15
4461.4 2.0094e-15
4462.925 1.9912e-15
4464.45 2.0287e-15
4465.975 2.0133e-15
4467.5 1.9456e-15
4469.025 1.9953e-15
4470.55 1.9977e-15
4472.075 1.974e-15
4473.6 1.9901e-15
4475.125 1.9833e-15
4476.65 1.9667e-15
4478.175 2.0511e-15
4479.7 2.2525e-15
4481.225 2.2024e-15
4482.75 2.0948e-15
4484.275 1.9775e-15
4485.8 1.9912e-15
4487.325 1.9962e-15
4488.85 1.9903e-15
4490.375 2.0096e-15
4491.9 1.9821e-15
4493.425 1.9261e-15
4494.95 1.8765e-15
4496.475 1.9408e-15
4498.0 1.9129e-15
4499.525 1.9345e-15
4501.05 2.0083e-15
4502.575 1.9957e-15
4504.1 2.0251e-15
4505.625 1.9727e-15
4507.15 1.9146e-15
4508.675 1.8942e-15
4510.2 1.9096e-15
4511.725 1.9643e-15
4513.25 1.955e-15
4514.775 1.9089e-15
4516.3 1.9254e-15
4517.825 1.9492e-15
4519.35 1.9217e-15
4520.875 1.972e-15
4522.4 1.948e-15
4523.925 1.9529e-15
4525.45 1.9809e-15
4526.975 1.9225e-15
4528.5 1.9176e-15
4530.025 1.937e-15
4531.55 1.9108e-15
4533.075 1.9488e-15
4534.6 1.9583e-15
4536.125 1.9085e-15
4537.65 1.9658e-15
4539.175 1.9899e-15
4540.7 1.9216e-15
4542.225 1.9677e-15
4543.75 1.9362e-15
4545.275 1.9579e-15
4546.8 1.9598e-15
4548.325 1.9513e-15
4549.85 1.9325e-15
4551.375 1.9663e-15
4552.9 1.9573e-15
4554.425 1.9252e-15
4555.95 1.8991e-15
4557.475 1.9024e-15
4559.0 1.9595e-15
4560.525 1.8983e-15
4562.05 1.8869e-15
4563.575 1.8771e-15
4565.1 1.863e-15
4566.625 1.8485e-15
4568.15 1.8772e-15
4569.675 1.8982e-15
4571.2 1.8956e-15
4572.725 1.8585e-15
4574.25 1.8332e-15
4575.775 1.8353e-15
4577.3 1.855e-15
4578.825 1.8661e-15
4580.35 1.8652e-15
4581.875 1.9119e-15
4583.4 1.8242e-15
4584.925 1.8644e-15
4586.45 1.8427e-15
4587.975 1.8605e-15
4589.5 1.8956e-15
4591.025 1.8953e-15
4592.55 1.806e-15
4594.075 1.8338e-15
4595.6 1.8002e-15
4597.125 1.7549e-15
4598.65 1.8449e-15
4600.175 1.8347e-15
4601.7 1.8052e-15
4603.225 1.7764e-15
4604.75 1.8272e-15
4606.275 1.8695e-15
4607.8 1.8263e-15
4609.325 1.8065e-15
4610.85 1.7927e-15
4612.375 1.8246e-15
4613.9 1.776e-15
4615.425 1.8868e-15
4616.95 1.8818e-15
4618.475 1.843e-15
4620.0 1.8353e-15
4621.525 1.8294e-15
4623.05 1.8195e-15
4624.575 1.8164e-15
4626.1 1.7798e-15
4627.625 1.7954e-15
4629.15 1.823e-15
4630.675 1.7903e-15
4632.2 1.7625e-15
4633.725 1.7609e-15
4635.25 1.8106e-15
4636.775 1.768e-15
4638.3 1.7901e-15
4639.825 1.7946e-15
4641.35 1.7899e-15
4642.875 1.7768e-15
4644.4 1.75e-15
4645.925 1.7981e-15
4647.45 1.7764e-15
4648.975 1.78e-15
4650.5 1.7527e-15
4652.025 1.7929e-15
4653.55 1.8195e-15
4655.075 1.7692e-15
4656.6 1.7524e-15
4658.125 1.743e-15
4659.65 1.7993e-15
4661.175 1.7783e-15
4662.7 1.7353e-15
4664.225 1.7733e-15
4665.75 1.7357e-15
4667.275 1.727e-15
4668.8 1.7523e-15
4670.325 1.7643e-15
4671.85 1.7829e-15
4673.375 1.749e-15
4674.9 1.7325e-15
4676.425 1.7399e-15
4677.95 1.7142e-15
4679.475 1.6923e-15
4681.0 1.6875e-15
4682.525 1.6971e-15
4684.05 1.7131e-15
4685.575 1.6746e-15
4687.1 1.6817e-15
4688.625 1.668e-15
4690.15 1.7137e-15
4691.675 1.7008e-15
4693.2 1.6944e-15
4694.725 1.7043e-15
4696.25 1.7099e-15
4697.775 1.7676e-15
4699.3 1.7341e-15
4700.825 1.6974e-15
4702.35 1.7361e-15
4703.875 1.7588e-15
4705.4 1.7233e-15
4706.925 1.7194e-15
4708.45 1.7085e-15
4709.975 1.7537e-15
4711.5 1.7165e-15
4713.025 1.7365e-15
4714.55 1.7166e-15
4716.075 1.7409e-15
4717.6 1.6928e-15
4719.125 1.6958e-15
4720.65 1.7108e-15
4722.175 1.7061e-15
4723.7 1.7395e-15
4725.225 1.675e-15
4726.75 1.6263e-15
4728.275 1.7108e-15
4729.8 1.7453e-15
4731.325 1.7233e-15
4732.85 1.6976e-15
4734.375 1.658e-15
4735.9 1.6657e-15
4737.425 1.6766e-15
4738.95 1.6631e-15
4740.475 1.6569e-15
4742.0 1.6256e-15
4743.525 1.638e-15
4745.05 1.6434e-15
4746.575 1.6496e-15
4748.1 1.6535e-15
4749.625 1.6535e-15
4751.15 1.6487e-15
4752.675 1.6275e-15
4754.2 1.6341e-15
4755.725 1.6364e-15
4757.25 1.6426e-15
4758.775 1.6387e-15
4760.3 1.6624e-15
4761.825 1.644e-15
4763.35 1.6109e-15
4764.875 1.6135e-15
4766.4 1.5965e-15
4767.925 1.6147e-15
4769.45 1.6209e-15
4770.975 1.5622e-15
4772.5 1.553e-15
4774.025 1.583e-15
4775.55 1.5903e-15
4777.075 1.6066e-15
4778.6 1.5907e-15
4780.125 1.5689e-15
4781.65 1.5471e-15
4783.175 1.58e-15
4784.7 1.588e-15
4786.225 1.5771e-15
4787.75 1.5752e-15
4789.275 1.565e-15
4790.8 1.5351e-15
4792.325 1.5444e-15
4793.85 1.5581e-15
4795.375 1.5794e-15
4796.9 1.5272e-15
4798.425 1.5028e-15
4799.95 1.5781e-15
4801.475 1.5113e-15
4803.0 1.5104e-15
4804.525 1.5573e-15
4806.05 1.5922e-15
4807.575 1.5596e-15
4809.1 1.5151e-15
4810.625 1.536e-15
4812.15 1.5312e-15
4813.675 1.57e-15
4815.2 1.5354e-15
4816.725 1.4917e-15
4818.25 1.5408e-15
4819.775 1.5732e-15
4821.3 1.518e-15
4822.825 1.4889e-15
4824.35 1.4918e-15
4825.875 1.5208e-15
4827.4 1.4704e-15
4828.925 1.4938e-15
4830.45 1.4783e-15
4831.975 1.4842e-15
4833.5 1.468e-15
4835.025 1.4791e-15
4836.55 1.53e-15
4838.075 1.5075e-15
4839.6 1.4974e-15
4841.125 1.498e-15
4842.65 1.4855e-15
4844.175 1.5032e-15
4845.7 1.518e-15
4847.225 1.592e-15
4848.75 1.5439e-15
4850.275 1.535e-15
4851.8 1.5413e-15
4853.325 1.6093e-15
4854.85 1.5721e-15
4856.375 1.5956e-15
4857.9 1.5911e-15
4859.425 1.5224e-15
4860.95 1.5426e-15
4862.475 1.569e-15
4864.0 1.5444e-15
4865.525 1.5577e-15
4867.05 1.529e-15
4868.575 1.5249e-15
4870.1 1.5105e-15
4871.625 1.4837e-15
4873.15 1.4884e-15
4874.675 1.5096e-15
4876.2 1.5578e-15
4877.725 1.5529e-15
4879.25 1.5254e-15
4880.775 1.5456e-15
4882.3 1.5486e-15
4883.825 1.5079e-15
4885.35 1.5358e-15
4886.875 1.5577e-15
4888.4 1.5344e-15
4889.925 1.5129e-15
4891.45 1.5151e-15
4892.975 1.4728e-15
4894.5 1.5183e-15
4896.025 1.5554e-15
4897.55 1.5224e-15
4899.075 1.5199e-15
4900.6 1.4718e-15
4902.125 1.4947e-15
4903.65 1.49e-15
4905.175 1.459e-15
4906.7 1.4572e-15
4908.225 1.4753e-15
4909.75 1.4565e-15
4911.275 1.5266e-15
4912.8 1.5805e-15
4914.325 1.5511e-15
4915.85 1.4909e-15
4917.375 1.5016e-15
4918.9 1.495e-15
4920.425 1.5381e-15
4921.95 1.5097e-15
4923.475 1.473e-15
4925.0 1.5264e-15
4926.525 1.5509e-15
4928.05 1.5126e-15
4929.575 1.4697e-15
4931.1 1.5181e-15
4932.625 1.4883e-15
4934.15 1.4914e-15
4935.675 1.5089e-15
4937.2 1.477e-15
4938.725 1.4874e-15
4940.25 1.4872e-15
4941.775 1.4821e-15
4943.3 1.4784e-15
4944.825 1.4655e-15
4946.35 1.476e-15
4947.875 1.5159e-15
4949.4 1.5312e-15
4950.925 1.5272e-15
4952.45 1.4977e-15
4953.975 1.491e-15
4955.5 1.4969e-15
4957.025 1.4589e-15
4958.55 1.5414e-15
4960.075 1.5355e-15
4961.6 1.518e-15
4963.125 1.4865e-15
4964.65 1.4601e-15
4966.175 1.4184e-15
4967.7 1.4756e-15
4969.225 1.5005e-15
4970.75 1.4719e-15
4972.275 1.5172e-15
4973.8 1.5225e-15
4975.325 1.5271e-15
4976.85 1.5468e-15
4978.375 1.546e-15
4979.9 1.5181e-15
4981.425 1.5408e-15
4982.95 1.524e-15
4984.475 1.4951e-15
4986.0 1.5298e-15
4987.525 1.5173e-15
4989.05 1.4786e-15
4990.575 1.5189e-15
4992.1 1.5038e-15
4993.625 1.5303e-15
4995.15 1.507e-15
4996.675 1.5203e-15
4998.2 1.5622e-15
4999.725 1.5809e-15
5001.25 1.5569e-15
5002.775 1.5107e-15
5004.3 1.5642e-15
5005.825 1.5223e-15
5007.35 1.5402e-15
5008.875 1.565e-15
5010.4 1.5605e-15
5011.925 1.533e-15
5013.45 1.4903e-15
5014.975 1.618e-15
5016.5 1.9602e-15
5018.025 2.2276e-15
5019.55 1.9855e-15
5021.075 1.6992e-15
5022.6 1.561e-15
5024.125 1.5464e-15
5025.65 1.5756e-15
5027.175 1.5639e-15
5028.7 1.5502e-15
5030.225 1.5776e-15
5031.75 1.5944e-15
5033.275 1.5682e-15
5034.8 1.5812e-15
5036.325 1.5367e-15
5037.85 1.5501e-15
5039.375 1.5594e-15
5040.9 1.5525e-15
5042.425 1.5765e-15
5043.95 1.5972e-15
5045.475 1.5724e-15
5047.0 1.5539e-15
5048.525 1.5591e-15
5050.05 1.579e-15
5051.575 1.5376e-15
5053.1 1.5548e-15
5054.625 1.5516e-15
5056.15 1.5956e-15
5057.675 1.5876e-15
5059.2 1.5371e-15
5060.725 1.5645e-15
5062.25 1.5698e-15
5063.775 1.5951e-15
5065.3 1.5936e-15
5066.825 1.6111e-15
5068.35 1.5785e-15
5069.875 1.534e-15
5071.4 1.5535e-15
5072.925 1.5769e-15
5074.45 1.5945e-15
5075.975 1.5337e-15
5077.5 1.5594e-15
5079.025 1.4907e-15
5080.55 1.574e-15
5082.075 1.5837e-15
5083.6 1.6353e-15
5085.125 1.6102e-15
5086.65 1.6206e-15
5088.175 1.61e-15
5089.7 1.6028e-15
5091.225 1.5833e-15
5092.75 1.5756e-15
5094.275 1.6068e-15
5095.8 1.6216e-15
5097.325 1.5993e-15
5098.85 1.5986e-15
5100.375 1.6183e-15
5101.9 1.6197e-15
5103.425 1.5833e-15
5104.95 1.6377e-15
5106.475 1.6165e-15
5108.0 1.5888e-15
5109.525 1.5982e-15
5111.05 1.6549e-15
5112.575 1.613e-15
5114.1 1.6457e-15
5115.625 1.6955e-15
5117.15 2.2323e-15
5118.675 2.7992e-15
5120.2 2.4883e-15
5121.725 1.974e-15
5123.25 1.7506e-15
5124.775 1.6938e-15
5126.3 1.631e-15
5127.825 1.6102e-15
5129.35 1.6083e-15
5130.875 1.6356e-15
5132.4 1.6133e-15
5133.925 1.6101e-15
5135.45 1.6204e-15
5136.975 1.6213e-15
5138.5 1.6068e-15
5140.025 1.6418e-15
5141.55 1.6472e-15
5143.075 1.6751e-15
5144.6 1.6281e-15
5146.125 1.6554e-15
5147.65 1.6408e-15
5149.175 1.6304e-15
5150.7 1.5891e-15
5152.225 1.5943e-15
5153.75 1.6641e-15
5155.275 1.6361e-15
5156.8 1.6174e-15
5158.325 1.6244e-15
5159.85 1.6081e-15
5161.375 1.5909e-15
5162.9 1.5768e-15
5164.425 1.7141e-15
5165.95 2.646e-15
5167.475 4.6687e-15
5169.0 4.7879e-15
5170.525 3.2062e-15
5172.05 2.2892e-15
5173.575 1.9582e-15
5175.1 1.7481e-15
5176.625 1.6444e-15
5178.15 1.6736e-15
5179.675 1.6852e-15
5181.2 1.6684e-15
5182.725 1.5937e-15
5184.25 1.6045e-15
5185.775 1.6183e-15
5187.3 1.6488e-15
5188.825 1.6347e-15
5190.35 1.6009e-15
5191.875 1.6239e-15
5193.4 1.6153e-15
5194.925 1.551e-15
5196.45 1.5742e-15
5197.975 1.632e-15
5199.5 1.6062e-15
5201.025 1.5949e-15
5202.55 1.6528e-15
5204.075 1.6002e-15
5205.6 1.6e-15
5207.125 1.648e-15
5208.65 1.6484e-15
5210.175 1.6128e-15
5211.7 1.6113e-15
5213.225 1.5888e-15
5214.75 1.5848e-15
5216.275 1.5778e-15
5217.8 1.5586e-15
5219.325 1.5862e-15
5220.85 1.5738e-15
5222.375 1.6141e-15
5223.9 1.6123e-15
5225.425 1.5669e-15
5226.95 1.5986e-15
5228.475 1.5822e-15
5230.0 1.5266e-15
5231.525 1.4898e-15
5233.05 1.5698e-15
5234.575 1.5355e-15
5236.1 1.5506e-15
5237.625 1.5373e-15
5239.15 1.5404e-15
5240.675 1.5977e-15
5242.2 1.5636e-15
5243.725 1.5568e-15
5245.25 1.5869e-15
5246.775 1.5768e-15
5248.3 1.5804e-15
5249.825 1.5506e-15
5251.35 1.5128e-15
5252.875 1.5807e-15
5254.4 1.5829e-15
5255.925 1.6161e-15
5257.45 1.5603e-15
5258.975 1.5623e-15
5260.5 1.6145e-15
5262.025 1.6121e-15
5263.55 1.5843e-15
5265.075 1.5702e-15
5266.6 1.5343e-15
5268.125 1.5812e-15
5269.65 1.6054e-15
5271.175 1.5454e-15
5272.7 1.5598e-15
5274.225 1.5989e-15
5275.75 1.5323e-15
5277.275 1.5316e-15
5278.8 1.4972e-15
5280.325 1.5044e-15
5281.85 1.5796e-15
5283.375 1.559e-15
5284.9 1.5388e-15
5286.425 1.5059e-15
5287.95 1.5405e-15
5289.475 1.5245e-15
5291.0 1.5325e-15
5292.525 1.5637e-15
5294.05 1.5932e-15
5295.575 1.5941e-15
5297.1 1.5836e-15
5298.625 1.5782e-15
5300.15 1.565e-15
5301.675 1.5164e-15
5303.2 1.5091e-15
5304.725 1.5581e-15
5306.25 1.5802e-15
5307.775 1.5732e-15
5309.3 1.5562e-15
5310.825 1.5591e-15
5312.35 1.547e-15
5313.875 1.544e-15
5315.4 1.4991e-15
5316.925 1.5422e-15
5318.45 1.5847e-15
5319.975 1.5023e-15
5321.5 1.549e-15
5323.025 1.558e-15
5324.55 1.5843e-15
5326.075 1.5795e-15
5327.6 1.5765e-15
5329.125 1.5619e-15
5330.65 1.5646e-15
5332.175 1.5875e-15
5333.7 1.5712e-15
5335.225 1.5292e-15
5336.75 1.5862e-15
5338.275 1.6085e-15
5339.8 1.5752e-15
5341.325 1.569e-15
5342.85 1.5317e-15
5344.375 1.5403e-15
5345.9 1.5357e-15
5347.425 1.5407e-15
5348.95 1.5574e-15
5350.475 1.5871e-15
5352.0 1.5165e-15
5353.525 1.5133e-15
5355.05 1.5628e-15
5356.575 1.5807e-15
5358.1 1.5868e-15
5359.625 1.5516e-15
5361.15 1.5828e-15
5362.675 1.5725e-15
5364.2 1.5285e-15
5365.725 1.5485e-15
5367.25 1.5654e-15
5368.775 1.555e-15
5370.3 1.5505e-15
5371.825 1.5642e-15
5373.35 1.5477e-15
5374.875 1.5168e-15
5376.4 1.5066e-15
5377.925 1.5161e-15
5379.45 1.5312e-15
5380.975 1.5812e-15
5382.5 1.4994e-15
5384.025 1.4755e-15
5385.55 1.5516e-15
5387.075 1.5111e-15
5388.6 1.5142e-15
5390.125 1.4548e-15
5391.65 1.5057e-15
5393.175 1.5254e-15
5394.7 1.4697e-15
5396.225 1.4576e-15
5397.75 1.419e-15
5399.275 1.4884e-15
5400.8 1.492e-15
5402.325 1.4674e-15
5403.85 1.4627e-15
5405.375 1.4014e-15
5406.9 1.422e-15
5408.425 1.4595e-15
5409.95 1.4948e-15
5411.475 1.5923e-15
5413.0 1.5329e-15
5414.525 1.4633e-15
5416.05 1.4601e-15
5417.575 1.4479e-15
5419.1 1.4314e-15
5420.625 1.3865e-15
5422.15 1.4551e-15
5423.675 1.505e-15
5425.2 1.516e-15
5426.725 1.4668e-15
5428.25 1.437e-15
5429.775 1.487e-15
5431.3 1.4634e-15
5432.825 1.4528e-15
5434.35 1.5061e-15
5435.875 1.4789e-15
5437.4 1.4796e-15
5438.925 1.4786e-15
5440.45 1.4989e-15
5441.975 1.4965e-15
5443.5 1.5029e-15
5445.025 1.5107e-15
5446.55 1.4545e-15
5448.075 1.5075e-15
5449.6 1.4798e-15
5451.125 1.4767e-15
5452.65 1.487e-15
5454.175 1.5052e-15
5455.7 1.5397e-15
5457.225 1.5217e-15
5458.75 1.4894e-15
5460.275 1.5877e-15
5461.8 1.5605e-15
5463.325 1.5087e-15
5464.85 1.5158e-15
5466.375 1.4784e-15
5467.9 1.516e-15
5469.425 1.515e-15
5470.95 1.4177e-15
5472.475 1.5179e-15
5474.0 1.5522e-15
5475.525 1.5303e-15
5477.05 1.5193e-15
5478.575 1.4779e-15
5480.1 1.4831e-15
5481.625 1.5101e-15
5483.15 1.5004e-15
5484.675 1.5209e-15
5486.2 1.5472e-15
5487.725 1.5642e-15
5489.25 1.5432e-15
5490.775 1.5176e-15
5492.3 1.5785e-15
5493.825 1.5295e-15
5495.35 1.4996e-15
5496.875 1.5366e-15
5498.4 1.5661e-15
5499.925 1.4703e-15
5501.45 1.4343e-15
5502.975 1.4703e-15
5504.5 1.5048e-15
5506.025 1.4759e-15
5507.55 1.4681e-15
5509.075 1.5036e-15
5510.6 1.5017e-15
5512.125 1.4714e-15
5513.65 1.4892e-15
5515.175 1.5078e-15
5516.7 1.523e-15
5518.225 1.5333e-15
5519.75 1.5069e-15
5521.275 1.5593e-15
5522.8 1.553e-15
5524.325 1.5172e-15
5525.85 1.493e-15
5527.375 1.4756e-15
5528.9 1.479e-15
5530.425 1.519e-15
5531.95 1.5277e-15
5533.475 1.5026e-15
5535.0 1.5516e-15
5536.525 1.5383e-15
5538.05 1.5352e-15
5539.575 1.5385e-15
5541.1 1.5255e-15
5542.625 1.5191e-15
5544.15 1.4745e-15
5545.675 1.5226e-15
5547.2 1.5348e-15
5548.725 1.5162e-15
5550.25 1.5322e-15
5551.775 1.5171e-15
5553.3 1.4605e-15
5554.825 1.4791e-15
5556.35 1.534e-15
5557.875 1.5527e-15
5559.4 1.564e-15
5560.925 1.5451e-15
5562.45 1.5216e-15
5563.975 1.503e-15
5565.5 1.5055e-15
5567.025 1.4941e-15
5568.55 1.4973e-15
5570.075 1.4864e-15
5571.6 1.5134e-15
5573.125 1.5328e-15
5574.65 1.5237e-15
5576.175 1.5444e-15
5577.7 1.5494e-15
5579.225 1.523e-15
5580.75 1.4981e-15
5582.275 1.4913e-15
5583.8 1.5228e-15
5585.325 1.5172e-15
5586.85 1.4872e-15
5588.375 1.5026e-15
5589.9 1.488e-15
5591.425 1.434e-15
5592.95 1.4368e-15
5594.475 1.4603e-15
5596.0 1.4553e-15
5597.525 1.4663e-15
5599.05 1.4655e-15
5600.575 1.4484e-15
5602.1 1.4427e-15
5603.625 1.4519e-15
5605.15 1.4767e-15
5606.675 1.456e-15
5608.2 1.4926e-15
5609.725 1.4612e-15
5611.25 1.412e-15
5612.775 1.4491e-15
5614.3 1.4323e-15
5615.825 1.451e-15
5617.35 1.4788e-15
5618.875 1.4552e-15
5620.4 1.4213e-15
5621.925 1.4023e-15
5623.45 1.4341e-15
5624.975 1.4428e-15
5626.5 1.4488e-15
5628.025 1.435e-15
5629.55 1.4146e-15
5631.075 1.4527e-15
5632.6 1.4788e-15
5634.125 1.442e-15
5635.65 1.3989e-15
5637.175 1.4221e-15
5638.7 1.4576e-15
5640.225 1.412e-15
5641.75 1.3863e-15
5643.275 1.4382e-15
5644.8 1.4846e-15
5646.325 1.4399e-15
5647.85 1.434e-15
5649.375 1.4267e-15
5650.9 1.4284e-15
5652.425 1.3955e-15
5653.95 1.4403e-15
5655.475 1.4457e-15
5657.0 1.4356e-15
5658.525 1.4628e-15
5660.05 1.4206e-15
5661.575 1.3946e-15
5663.1 1.414e-15
5664.625 1.4429e-15
5666.15 1.4512e-15
5667.675 1.4734e-15
5669.2 1.442e-15
5670.725 1.4315e-15
5672.25 1.4358e-15
5673.775 1.4267e-15
5675.3 1.4306e-15
5676.825 1.4275e-15
5678.35 1.4268e-15
5679.875 1.4614e-15
5681.4 1.4455e-15
5682.925 1.4045e-15
5684.45 1.3812e-15
5685.975 1.4209e-15
5687.5 1.4265e-15
5689.025 1.4087e-15
5690.55 1.3972e-15
5692.075 1.4023e-15
5693.6 1.4047e-15
5695.125 1.3864e-15
5696.65 1.3926e-15
5698.175 1.4217e-15
5699.7 1.4252e-15
5701.225 1.4141e-15
5702.75 1.4048e-15
5704.275 1.3891e-15
5705.8 1.4065e-15
5707.325 1.4131e-15
5708.85 1.4013e-15
5710.375 1.3818e-15
5711.9 1.3713e-15
5713.425 1.3685e-15
5714.95 1.3687e-15
5716.475 1.3704e-15
5718.0 1.3743e-15
5719.525 1.3653e-15
5721.05 1.3913e-15
5722.575 1.4006e-15
5724.1 1.3842e-15
5725.625 1.3873e-15
5727.15 1.3881e-15
5728.675 1.3822e-15
5730.2 1.3781e-15
5731.725 1.376e-15
5733.25 1.3865e-15
5734.775 1.3752e-15
5736.3 1.3502e-15
5737.825 1.3521e-15
5739.35 1.3643e-15
5740.875 1.3584e-15
5742.4 1.3589e-15
5743.925 1.3828e-15
5745.45 1.3976e-15
5746.975 1.3765e-15
5748.5 1.3493e-15
5750.025 1.3418e-15
5751.55 1.3683e-15
5753.075 1.3782e-15
5754.6 1.374e-15
5756.125 1.3738e-15
5757.65 1.359e-15
5759.175 1.3504e-15
5760.7 1.3392e-15
5762.225 1.3492e-15
5763.75 1.3613e-15
5765.275 1.3572e-15
5766.8 1.3339e-15
5768.325 1.3062e-15
5769.85 1.3406e-15
5771.375 1.3743e-15
5772.9 1.3452e-15
5774.425 1.3363e-15
5775.95 1.3663e-15
5777.475 1.3675e-15
5779.0 1.366e-15
5780.525 1.3695e-15
5782.05 1.3348e-15
5783.575 1.3297e-15
5785.1 1.3369e-15
5786.625 1.3437e-15
5788.15 1.3661e-15
5789.675 1.3552e-15
5791.2 1.3508e-15
5792.725 1.3679e-15
5794.25 1.3639e-15
5795.775 1.3439e-15
5797.3 1.3325e-15
5798.825 1.3201e-15
5800.35 1.3197e-15
5801.875 1.3081e-15
5803.4 1.2946e-15
5804.925 1.2967e-15
5806.45 1.3065e-15
5807.975 1.3029e-15
5809.5 1.3012e-15
5811.025 1.3044e-15
5812.55 1.3045e-15
5814.075 1.3235e-15
5815.6 1.3309e-15
5817.125 1.3095e-15
5818.65 1.3198e-15
5820.175 1.3265e-15
5821.7 1.2982e-15
5823.225 1.3212e-15
5824.75 1.3502e-15
5826.275 1.3145e-15
5827.8 1.2821e-15
5829.325 1.2877e-15
5830.85 1.2905e-15
5832.375 1.2861e-15
5833.9 1.2875e-15
5835.425 1.3039e-15
5836.95 1.33e-15
5838.475 1.3357e-15
5840.0 1.3366e-15
5841.525 1.3395e-15
5843.05 1.3093e-15
5844.575 1.3058e-15
5846.1 1.3272e-15
5847.625 1.3276e-15
5849.15 1.2927e-15
5850.675 1.2928e-15
5852.2 1.3083e-15
5853.725 1.3188e-15
5855.25 1.317e-15
5856.775 1.284e-15
5858.3 1.2685e-15
5859.825 1.2775e-15
5861.35 1.3085e-15
5862.875 1.3188e-15
5864.4 1.3092e-15
5865.925 1.3068e-15
5867.45 1.2852e-15
5868.975 1.2625e-15
5870.5 1.2826e-15
5872.025 1.3015e-15
5873.55 1.2961e-15
5875.075 1.2454e-15
5876.6 1.2425e-15
5878.125 1.2803e-15
5879.65 1.2898e-15
5881.175 1.2879e-15
5882.7 1.2643e-15
5884.225 1.2467e-15
5885.75 1.2467e-15
5887.275 1.2808e-15
5888.8 1.3211e-15
5890.325 1.3287e-15
5891.85 1.3156e-15
5893.375 1.2923e-15
5894.9 1.3071e-15
5896.425 1.3087e-15
5897.95 1.2731e-15
5899.475 1.2804e-15
5901.0 1.2896e-15
5902.525 1.2829e-15
5904.05 1.2632e-15
5905.575 1.2641e-15
5907.1 1.2599e-15
5908.625 1.2622e-15
5910.15 1.277e-15
5911.675 1.2621e-15
5913.2 1.2502e-15
5914.725 1.2549e-15
5916.25 1.2537e-15
5917.775 1.2517e-15
5919.3 1.2479e-15
5920.825 1.242e-15
5922.35 1.2537e-15
5923.875 1.2485e-15
5925.4 1.2204e-15
5926.925 1.2167e-15
5928.45 1.2436e-15
5929.975 1.2436e-15
5931.5 1.2414e-15
5933.025 1.2469e-15
5934.55 1.228e-15
5936.075 1.2143e-15
5937.6 1.224e-15
5939.125 1.2305e-15
5940.65 1.2197e-15
5942.175 1.2215e-15
5943.7 1.2286e-15
5945.225 1.2253e-15
5946.75 1.2344e-15
5948.275 1.2419e-15
5949.8 1.2546e-15
5951.325 1.2372e-15
5952.85 1.21e-15
5954.375 1.2336e-15
5955.9 1.2343e-15
5957.425 1.2055e-15
5958.95 1.215e-15
5960.475 1.2334e-15
5962.0 1.2374e-15
5963.525 1.2286e-15
5965.05 1.2161e-15
5966.575 1.2041e-15
5968.1 1.1972e-15
5969.625 1.199e-15
5971.15 1.209e-15
5972.675 1.2139e-15
5974.2 1.2015e-15
5975.725 1.1987e-15
5977.25 1.1976e-15
5978.775 1.1935e-15
5980.3 1.1961e-15
5981.825 1.2128e-15
5983.35 1.2016e-15
5984.875 1.164e-15
5986.4 1.1676e-15
5987.925 1.1788e-15
5989.45 1.1708e-15
5990.975 1.1913e-15
5992.5 1.2139e-15
5994.025 1.1827e-15
5995.55 1.1646e-15
5997.075 1.1884e-15
5998.6 1.1826e-15
6000.125 1.167e-15
6001.65 1.1583e-15
6003.175 1.1867e-15
6004.7 1.2016e-15
6006.225 1.176e-15
6007.75 1.1612e-15
6009.275 1.162e-15
6010.8 1.1657e-15
6012.325 1.179e-15
6013.85 1.1785e-15
6015.375 1.1607e-15
6016.9 1.1384e-15
6018.425 1.1558e-15
6019.95 1.176e-15
6021.475 1.1579e-15
6023.0 1.128e-15
6024.525 1.1217e-15
6026.05 1.155e-15
6027.575 1.146e-15
6029.1 1.1287e-15
6030.625 1.143e-15
6032.15 1.138e-15
6033.675 1.1337e-15
6035.2 1.1327e-15
6036.725 1.1296e-15
6038.25 1.1041e-15
6039.775 1.0854e-15
6041.3 1.1087e-15
6042.825 1.111e-15
6044.35 1.1133e-15
6045.875 1.103e-15
6047.4 1.094e-15
6048.925 1.1123e-15
6050.45 1.136e-15
6051.975 1.1346e-15
6053.5 1.1078e-15
6055.025 1.1084e-15
6056.55 1.1251e-15
6058.075 1.1454e-15
6059.6 1.1556e-15
6061.125 1.1675e-15
6062.65 1.1631e-15
6064.175 1.1582e-15
6065.7 1.1248e-15
6067.225 1.1072e-15
6068.75 1.1039e-15
6070.275 1.1215e-15
6071.8 1.133e-15
6073.325 1.149e-15
6074.85 1.1822e-15
6076.375 1.1824e-15
6077.9 1.1615e-15
6079.425 1.1354e-15
6080.95 1.1224e-15
6082.475 1.1266e-15
6084.0 1.1249e-15
6085.525 1.1296e-15
6087.05 1.1213e-15
6088.575 1.1138e-15
6090.1 1.123e-15
6091.625 1.1225e-15
6093.15 1.104e-15
6094.675 1.1116e-15
6096.2 1.1166e-15
6097.725 1.1232e-15
6099.25 1.1203e-15
6100.775 1.1135e-15
6102.3 1.1223e-15
6103.825 1.109e-15
6105.35 1.1004e-15
6106.875 1.1165e-15
6108.4 1.1184e-15
6109.925 1.1367e-15
6111.45 1.1488e-15
6112.975 1.1713e-15
6114.5 1.182e-15
6116.025 1.1524e-15
6117.55 1.1545e-15
6119.075 1.1444e-15
6120.6 1.1071e-15
6122.125 1.1186e-15
6123.65 1.1274e-15
6125.175 1.1154e-15
6126.7 1.1075e-15
6128.225 1.1344e-15
6129.75 1.1564e-15
6131.275 1.1443e-15
6132.8 1.1438e-15
6134.325 1.1408e-15
6135.85 1.1376e-15
6137.375 1.1451e-15
6138.9 1.1388e-15
6140.425 1.1436e-15
6141.95 1.1653e-15
6143.475 1.1647e-15
6145.0 1.1599e-15
6146.525 1.1605e-15
6148.05 1.1739e-15
6149.575 1.1861e-15
6151.1 1.1675e-15
6152.625 1.1371e-15
6154.15 1.1438e-15
6155.675 1.1498e-15
6157.2 1.1511e-15
6158.725 1.134e-15
6160.25 1.1306e-15
6161.775 1.1521e-15
6163.3 1.1656e-15
6164.825 1.1604e-15
6166.35 1.151e-15
6167.875 1.1784e-15
6169.4 1.157e-15
6170.925 1.1304e-15
6172.45 1.1456e-15
6173.975 1.162e-15
6175.5 1.1541e-15
6177.025 1.1503e-15
6178.55 1.1483e-15
6180.075 1.1589e-15
6181.6 1.1678e-15
6183.125 1.1502e-15
6184.65 1.1466e-15
6186.175 1.1461e-15
6187.7 1.1448e-15
6189.225 1.1483e-15
6190.75 1.1546e-15
6192.275 1.1628e-15
6193.8 1.1711e-15
6195.325 1.1542e-15
6196.85 1.1501e-15
6198.375 1.1662e-15
6199.9 1.1523e-15
6201.425 1.1472e-15
6202.95 1.1534e-15
6204.475 1.1483e-15
6206.0 1.1413e-15
6207.525 1.1485e-15
6209.05 1.1481e-15
6210.575 1.1461e-15
6212.1 1.1462e-15
6213.625 1.1546e-15
6215.15 1.1645e-15
6216.675 1.1528e-15
6218.2 1.1476e-15
6219.725 1.1267e-15
6221.25 1.1073e-15
6222.775 1.1244e-15
6224.3 1.1236e-15
6225.825 1.114e-15
6227.35 1.1185e-15
6228.875 1.1052e-15
6230.4 1.0968e-15
6231.925 1.1166e-15
6233.45 1.1332e-15
6234.975 1.127e-15
6236.5 1.1228e-15
6238.025 1.1119e-15
6239.55 1.1161e-15
6241.075 1.1289e-15
6242.6 1.1101e-15
6244.125 1.0933e-15
6245.65 1.0973e-15
6247.175 1.1062e-15
6248.7 1.1231e-15
6250.225 1.1101e-15
6251.75 1.0843e-15
6253.275 1.0935e-15
6254.8 1.1078e-15
6256.325 1.0986e-15
6257.85 1.0995e-15
6259.375 1.0957e-15
6260.9 1.0895e-15
6262.425 1.1056e-15
6263.95 1.1205e-15
6265.475 1.1072e-15
6267.0 1.0782e-15
6268.525 1.0957e-15
6270.05 1.0885e-15
6271.575 1.0578e-15
6273.1 1.06e-15
6274.625 1.0708e-15
6276.15 1.0752e-15
6277.675 1.0766e-15
6279.2 1.0755e-15
6280.725 1.0705e-15
6282.25 1.0757e-15
6283.775 1.0883e-15
6285.3 1.089e-15
6286.825 1.0673e-15
6288.35 1.0632e-15
6289.875 1.0664e-15
6291.4 1.0629e-15
6292.925 1.0697e-15
6294.45 1.0681e-15
6295.975 1.0773e-15
6297.5 1.0989e-15
6299.025 1.0922e-15
6300.55 1.0803e-15
6302.075 1.0812e-15
6303.6 1.0862e-15
6305.125 1.0917e-15
6306.65 1.0746e-15
6308.175 1.0689e-15
6309.7 1.0773e-15
6311.225 1.0591e-15
6312.75 1.0361e-15
6314.275 1.0408e-15
6315.8 1.0814e-15
6317.325 1.0976e-15
6318.85 1.0894e-15
6320.375 1.0895e-15
6321.9 1.0874e-15
6323.425 1.0994e-15
6324.95 1.0851e-15
6326.475 1.0622e-15
6328.0 1.0725e-15
6329.525 1.0876e-15
6331.05 1.0952e-15
6332.575 1.0979e-15
6334.1 1.1195e-15
6335.625 1.1254e-15
6337.15 1.0948e-15
6338.675 1.0842e-15
6340.2 1.1042e-15
6341.725 1.1042e-15
6343.25 1.088e-15
6344.775 1.105e-15
6346.3 1.116e-15
6347.825 1.1209e-15
6349.35 1.1346e-15
6350.875 1.1249e-15
6352.4 1.1172e-15
6353.925 1.1283e-15
6355.45 1.1294e-15
6356.975 1.1177e-15
6358.5 1.1067e-15
6360.025 1.0931e-15
6361.55 1.0953e-15
6363.075 1.139e-15
6364.6 1.1382e-15
6366.125 1.1057e-15
6367.65 1.1199e-15
6369.175 1.1357e-15
6370.7 1.1174e-15
6372.225 1.1132e-15
6373.75 1.1292e-15
6375.275 1.1325e-15
6376.8 1.1429e-15
6378.325 1.1451e-15
6379.85 1.1466e-15
6381.375 1.1336e-15
6382.9 1.1279e-15
6384.425 1.1218e-15
6385.95 1.1416e-15
6387.475 1.1693e-15
6389.0 1.1623e-15
6390.525 1.1548e-15
6392.05 1.1493e-15
6393.575 1.1461e-15
6395.1 1.1515e-15
6396.625 1.1496e-15
6398.15 1.152e-15
6399.675 1.1665e-15
6401.2 1.1697e-15
6402.725 1.1686e-15
6404.25 1.1587e-15
6405.775 1.1458e-15
6407.3 1.1477e-15
6408.825 1.1651e-15
6410.35 1.1706e-15
6411.875 1.1438e-15
6413.4 1.1415e-15
6414.925 1.1643e-15
6416.45 1.1898e-15
6417.975 1.1789e-15
6419.5 1.15e-15
6421.025 1.1604e-15
6422.55 1.185e-15
6424.075 1.1791e-15
6425.6 1.1898e-15
6427.125 1.2036e-15
6428.65 1.2017e-15
6430.175 1.1969e-15
6431.7 1.1838e-15
6433.225 1.1886e-15
6434.75 1.2013e-15
6436.275 1.2025e-15
6437.8 1.1918e-15
6439.325 1.1912e-15
6440.85 1.1627e-15
6442.375 1.1685e-15
6443.9 1.1874e-15
6445.425 1.1775e-15
6446.95 1.1647e-15
6448.475 1.1552e-15
6450.0 1.171e-15
6451.525 1.1768e-15
6453.05 1.1594e-15
6454.575 1.1697e-15
6456.1 1.1537e-15
6457.625 1.1573e-15
6459.15 1.172e-15
6460.675 1.1647e-15
6462.2 1.1647e-15
6463.725 1.1636e-15
6465.25 1.1746e-15
6466.775 1.187e-15
6468.3 1.1733e-15
6469.825 1.1583e-15
6471.35 1.1556e-15
6472.875 1.1977e-15
6474.4 1.2109e-15
6475.925 1.1916e-15
6477.45 1.1806e-15
6478.975 1.1623e-15
6480.5 1.161e-15
6482.025 1.1753e-15
6483.55 1.1784e-15
6485.075 1.1831e-15
6486.6 1.2011e-15
6488.125 1.175e-15
6489.65 1.1539e-15
6491.175 1.1714e-15
6492.7 1.1645e-15
6494.225 1.1764e-15
6495.75 1.1885e-15
6497.275 1.1889e-15
6498.8 1.2053e-15
6500.325 1.2023e-15
6501.85 1.17e-15
6503.375 1.1675e-15
6504.9 1.1742e-15
6506.425 1.1901e-15
6507.95 1.1856e-15
6509.475 1.1826e-15
6511.0 1.1873e-15
6512.525 1.1852e-15
6514.05 1.1831e-15
6515.575 1.1737e-15
6517.1 1.1479e-15
6518.625 1.1492e-15
6520.15 1.1456e-15
6521.675 1.1698e-15
6523.2 1.185e-15
6524.725 1.1746e-15
6526.25 1.1761e-15
6527.775 1.18e-15
6529.3 1.1831e-15
6530.825 1.1862e-15
6532.35 1.1698e-15
6533.875 1.1549e-15
6535.4 1.171e-15
6536.925 1.2083e-15
6538.45 1.1948e-15
6539.975 1.1865e-15
6541.5 1.1885e-15
6543.025 1.2109e-15
6544.55 1.2175e-15
6546.075 1.2272e-15
6547.6 1.2386e-15
6549.125 1.2527e-15
6550.65 1.2635e-15
6552.175 1.2941e-15
6553.7 1.321e-15
6555.225 1.359e-15
6556.75 1.3938e-15
6558.275 1.4176e-15
6559.8 1.3796e-15
6561.325 1.3376e-15
6562.85 1.3359e-15
6564.375 1.3819e-15
6565.9 1.4125e-15
6567.425 1.3952e-15
6568.95 1.3023e-15
6570.475 1.2594e-15
6572.0 1.2781e-15
6573.525 1.266e-15
6575.05 1.2396e-15
6576.575 1.2284e-15
6578.1 1.218e-15
6579.625 1.2161e-15
6581.15 1.1929e-15
6582.675 1.1947e-15
6584.2 1.195e-15
6585.725 1.1814e-15
6587.25 1.1714e-15
6588.775 1.1673e-15
6590.3 1.1675e-15
6591.825 1.1577e-15
6593.35 1.1549e-15
6594.875 1.1646e-15
6596.4 1.1621e-15
6597.925 1.1481e-15
6599.45 1.1407e-15
6600.975 1.1248e-15
6602.5 1.14e-15
6604.025 1.1523e-15
6605.55 1.1534e-15
6607.075 1.1605e-15
6608.6 1.1656e-15
6610.125 1.1405e-15
6611.65 1.116e-15
6613.175 1.1024e-15
6614.7 1.1039e-15
6616.225 1.1237e-15
6617.75 1.1365e-15
6619.275 1.1184e-15
6620.8 1.109e-15
6622.325 1.1314e-15
6623.85 1.1215e-15
6625.375 1.0941e-15
6626.9 1.0988e-15
6628.425 1.0979e-15
6629.95 1.1017e-15
6631.475 1.1156e-15
6633.0 1.1136e-15
6634.525 1.1184e-15
6636.05 1.1357e-15
6637.575 1.1277e-15
6639.1 1.1154e-15
6640.625 1.1123e-15
6642.15 1.1118e-15
6643.675 1.1144e-15
6645.2 1.1274e-15
6646.725 1.1163e-15
6648.25 1.1001e-15
6649.775 1.0956e-15
6651.3 1.0902e-15
6652.825 1.0981e-15
6654.35 1.1031e-15
6655.875 1.094e-15
6657.4 1.1113e-15
6658.925 1.1145e-15
6660.45 1.0948e-15
6661.975 1.0978e-15
6663.5 1.1078e-15
6665.025 1.1133e-15
6666.55 1.1104e-15
6668.075 1.0971e-15
6669.6 1.0941e-15
6671.125 1.0938e-15
6672.65 1.0694e-15
6674.175 1.0606e-15
6675.7 1.0631e-15
6677.225 1.0704e-15
6678.75 1.0827e-15
6680.275 1.071e-15
6681.8 1.0789e-15
6683.325 1.0937e-15
6684.85 1.0867e-15
6686.375 1.0739e-15
6687.9 1.055e-15
6689.425 1.053e-15
6690.95 1.0702e-15
6692.475 1.0734e-15
6694.0 1.0773e-15
6695.525 1.086e-15
6697.05 1.0757e-15
6698.575 1.0663e-15
6700.1 1.0698e-15
6701.625 1.0701e-15
6703.15 1.0703e-15
6704.675 1.0829e-15
6706.2 1.0901e-15
6707.725 1.0899e-15
6709.25 1.0881e-15
6710.775 1.0775e-15
6712.3 1.0741e-15
6713.825 1.0685e-15
6715.35 1.0829e-15
6716.875 1.0932e-15
6718.4 1.0765e-15
6719.925 1.0732e-15
6721.45 1.0725e-15
6722.975 1.0741e-15
6724.5 1.0691e-15
6726.025 1.0635e-15
6727.55 1.0614e-15
6729.075 1.0554e-15
6730.6 1.0486e-15
6732.125 1.0525e-15
6733.65 1.0602e-15
6735.175 1.0721e-15
6736.7 1.085e-15
6738.225 1.079e-15
6739.75 1.0756e-15
6741.275 1.0674e-15
6742.8 1.0382e-15
6744.325 1.0332e-15
6745.85 1.0577e-15
6747.375 1.0623e-15
6748.9 1.0598e-15
6750.425 1.0705e-15
6751.95 1.0687e-15
6753.475 1.0678e-15
6755.0 1.0905e-15
6756.525 1.094e-15
6758.05 1.0781e-15
6759.575 1.0659e-15
6761.1 1.072e-15
6762.625 1.0834e-15
6764.15 1.064e-15
6765.675 1.1636e-15
6767.2 1.7475e-15
6768.725 2.6801e-15
6770.25 3.0796e-15
6771.775 2.621e-15
6773.3 1.8088e-15
6774.825 1.3104e-15
6776.35 1.1205e-15
6777.875 1.0675e-15
6779.4 1.0631e-15
6780.925 1.0723e-15
6782.45 1.0862e-15
6783.975 1.0711e-15
6785.5 1.0655e-15
6787.025 1.0656e-15
6788.55 1.0805e-15
6790.075 1.1068e-15
6791.6 1.1221e-15
6793.125 1.0982e-15
6794.65 1.0859e-15
6796.175 1.0682e-15
6797.7 1.0394e-15
6799.225 1.0424e-15
6800.75 1.0537e-15
6802.275 1.0642e-15
6803.8 1.0774e-15
6805.325 1.0641e-15
6806.85 1.0519e-15
6808.375 1.0537e-15
6809.9 1.0554e-15
6811.425 1.0388e-15
6812.95 1.0581e-15
6814.475 1.0819e-15
6816.0 1.0664e-15
6817.525 1.0596e-15
6819.05 1.0474e-15
6820.575 1.0458e-15
6822.1 1.0521e-15
6823.625 1.0672e-15
6825.15 1.0727e-15
6826.675 1.0655e-15
6828.2 1.0556e-15
6829.725 1.0558e-15
6831.25 1.0566e-15
6832.775 1.0481e-15
6834.3 1.053e-15
6835.825 1.0697e-15
6837.35 1.063e-15
6838.875 1.0513e-15
6840.4 1.0702e-15
6841.925 1.0679e-15
6843.45 1.0584e-15
6844.975 1.0764e-15
6846.5 1.0582e-15
6848.025 1.0362e-15
6849.55 1.0354e-15
6851.075 1.0633e-15
6852.6 1.0603e-15
6854.125 1.0489e-15
6855.65 1.0483e-15
6857.175 1.0434e-15
6858.7 1.038e-15
6860.225 1.0491e-15
6861.75 1.0366e-15
6863.275 9.828e-16
6864.8 9.4411e-16
6866.325 9.6674e-16
6867.85 1.0187e-15
6869.375 1.0473e-15
6870.9 1.0546e-15
6872.425 1.0625e-15
6873.95 1.0452e-15
6875.475 1.0563e-15
6877.0 1.0697e-15
6878.525 1.0405e-15
6880.05 1.0364e-15
6881.575 1.0359e-15
6883.1 1.0257e-15
6884.625 1.0316e-15
6886.15 1.0539e-15
6887.675 1.0449e-15
6889.2 1.0341e-15
6890.725 1.0413e-15
6892.25 1.0286e-15
6893.775 1.0056e-15
6895.3 9.9884e-16
6896.825 9.9858e-16
6898.35 1.0054e-15
6899.875 1.017e-15
6901.4 1.0204e-15
6902.925 1.0138e-15
6904.45 1.0014e-15
6905.975 1.0069e-15
6907.5 1.0029e-15
6909.025 9.7762e-16
6910.55 9.8661e-16
6912.075 1.0219e-15
6913.6 1.0202e-15
6915.125 9.8995e-16
6916.65 9.9593e-16
6918.175 1.0102e-15
6919.7 9.8732e-16
6921.225 9.8027e-16
6922.75 9.7967e-16
6924.275 9.593e-16
6925.8 9.8227e-16
6927.325 1.0609e-15
6928.85 1.0987e-15
6930.375 1.0605e-15
6931.9 9.9752e-16
6933.425 9.6233e-16
6934.95 9.4526e-16
6936.475 9.4197e-16
6938.0 9.3923e-16
6939.525 9.2535e-16
6941.05 9.674e-16
6942.575 1.0351e-15
6944.1 1.04e-15
6945.625 1.0106e-15
6947.15 9.7249e-16
6948.675 9.4359e-16
6950.2 9.3608e-16
6951.725 9.3031e-16
6953.25 9.3849e-16
6954.775 9.5951e-16
6956.3 9.5651e-16
6957.825 9.1709e-16
6959.35 9.0012e-16
6960.875 9.2197e-16
6962.4 9.3715e-16
6963.925 9.1363e-16
6965.45 8.9072e-16
6966.975 9.0823e-16
6968.5 9.1014e-16
6970.025 9.176e-16
6971.55 9.4635e-16
6973.075 9.4015e-16
6974.6 9.3089e-16
6976.125 9.2687e-16
6977.65 9.0204e-16
6979.175 9.1302e-16
6980.7 9.1649e-16
6982.225 9.0062e-16
6983.75 9.0724e-16
6985.275 9.13e-16
6986.8 9.113e-16
6988.325 9.0477e-16
6989.85 9.1778e-16
6991.375 9.136e-16
6992.9 8.9055e-16
6994.425 8.9741e-16
6995.95 9.0293e-16
6997.475 9.0164e-16
6999.0 8.9435e-16
7000.525 8.8937e-16
7002.05 8.8897e-16
7003.575 8.7447e-16
7005.1 8.7866e-16
7006.625 8.8063e-16
7008.15 8.6866e-16
7009.675 8.8367e-16
7011.2 8.8764e-16
7012.725 8.653e-16
7014.25 8.6791e-16
7015.775 8.8319e-16
7017.3 8.7935e-16
7018.825 8.6771e-16
7020.35 8.6984e-16
7021.875 8.8568e-16
7023.4 8.9659e-16
7024.925 8.8181e-16
7026.45 8.7901e-16
7027.975 8.7996e-16
7029.5 8.7787e-16
7031.025 8.8662e-16
7032.55 8.8035e-16
7034.075 8.7108e-16
7035.6 8.5928e-16
7037.125 8.7207e-16
7038.65 8.7756e-16
7040.175 8.8011e-16
7041.7 8.7717e-16
7043.225 8.6231e-16
7044.75 8.5752e-16
7046.275 8.7115e-16
7047.8 8.5529e-16
7049.325 8.3079e-16
7050.85 8.3197e-16
7052.375 8.2413e-16
7053.9 8.4519e-16
7055.425 8.6624e-16
7056.95 8.5925e-16
7058.475 8.412e-16
7060.0 8.4064e-16
7061.525 8.463e-16
7063.05 8.5592e-16
7064.575 8.6117e-16
7066.1 8.4578e-16
7067.625 8.3763e-16
7069.15 8.3509e-16
7070.675 8.3712e-16
7072.2 8.3162e-16
7073.725 8.2306e-16
7075.25 8.3316e-16
7076.775 8.6071e-16
7078.3 8.5839e-16
7079.825 8.3434e-16
7081.35 8.3244e-16
7082.875 8.1709e-16
7084.4 7.9641e-16
7085.925 7.9484e-16
7087.45 8.1192e-16
7088.975 8.2477e-16
7090.5 8.2831e-16
7092.025 8.236e-16
7093.55 8.2834e-16
7095.075 8.1626e-16
7096.6 8.0585e-16
7098.125 8.0337e-16
7099.65 8.0042e-16
7101.175 7.946e-16
7102.7 7.9721e-16
7104.225 8.0047e-16
7105.75 8.0511e-16
7107.275 7.8549e-16
7108.8 7.8154e-16
7110.325 8.1743e-16
7111.85 8.2322e-16
7113.375 8.1311e-16
7114.9 8.2109e-16
7116.425 7.9777e-16
7117.95 7.7973e-16
7119.475 7.913e-16
7121.0 8.0287e-16
7122.525 7.9395e-16
7124.05 7.8526e-16
7125.575 7.807e-16
7127.1 7.818e-16
7128.625 7.8444e-16
7130.15 7.8421e-16
7131.675 7.9448e-16
7133.2 8.0975e-16
7134.725 8.0166e-16
7136.25 7.9554e-16
7137.775 7.896e-16
7139.3 7.7674e-16
7140.825 7.8042e-16
7142.35 7.7405e-16
7143.875 7.6394e-16
7145.4 7.7259e-16
7146.925 7.8138e-16
7148.45 7.7535e-16
7149.975 7.7756e-16
7151.5 7.8618e-16
7153.025 7.8594e-16
7154.55 7.8031e-16
7156.075 7.701e-16
7157.6 7.689e-16
7159.125 7.7195e-16
7160.65 7.7934e-16
7162.175 7.8526e-16
7163.7 7.7578e-16
7165.225 7.7061e-16
7166.75 7.7353e-16
7168.275 7.6194e-16
7169.8 7.4876e-16
7171.325 7.5962e-16
7172.85 7.6741e-16
7174.375 7.5663e-16
7175.9 7.6574e-16
7177.425 7.8325e-16
7178.95 7.7164e-16
7180.475 7.4463e-16
7182.0 7.3536e-16
7183.525 7.2996e-16
7185.05 7.4846e-16
7186.575 7.5107e-16
7188.1 7.3654e-16
7189.625 7.3822e-16
7191.15 7.4403e-16
7192.675 7.4882e-16
7194.2 7.6104e-16
7195.725 7.4966e-16
7197.25 7.2168e-16
7198.775 7.3296e-16
7200.3 7.4542e-16
7201.825 7.2984e-16
7203.35 7.2089e-16
7204.875 7.3539e-16
7206.4 7.3713e-16
7207.925 7.427e-16
7209.45 7.3452e-16
7210.975 7.3414e-16
7212.5 7.2113e-16
7214.025 7.1074e-16
7215.55 7.3003e-16
7217.075 7.4286e-16
7218.6 7.4689e-16
7220.125 7.493e-16
7221.65 7.4521e-16
7223.175 7.3632e-16
7224.7 7.3487e-16
7226.225 7.2056e-16
7227.75 7.1983e-16
7229.275 7.2248e-16
7230.8 7.1833e-16
7232.325 7.1292e-16
7233.85 7.1398e-16
7235.375 7.1226e-16
7236.9 7.0078e-16
7238.425 7.1718e-16
7239.95 7.0856e-16
7241.475 6.9526e-16
7243.0 7.0765e-16
7244.525 6.9794e-16
7246.05 6.9764e-16
7247.575 6.9591e-16
7249.1 6.8432e-16
7250.625 6.8424e-16
7252.15 7.0535e-16
7253.675 7.0802e-16
7255.2 7.1895e-16
7256.725 7.1313e-16
7258.25 6.9465e-16
7259.775 6.7209e-16
7261.3 6.6225e-16
7262.825 6.6964e-16
7264.35 6.7327e-16
7265.875 6.7338e-16
7267.4 6.9836e-16
7268.925 6.9061e-16
7270.45 6.7796e-16
7271.975 6.8182e-16
7273.5 6.6383e-16
7275.025 6.7133e-16
7276.55 7.0148e-16
7278.075 6.9594e-16
7279.6 6.925e-16
7281.125 6.9122e-16
7282.65 6.9728e-16
7284.175 7.0005e-16
7285.7 6.9358e-16
7287.225 6.8019e-16
7288.75 6.8486e-16
7290.275 6.9141e-16
7291.8 6.8724e-16
7293.325 6.9308e-16
7294.85 6.9901e-16
7296.375 6.8778e-16
7297.9 6.7202e-16
7299.425 6.5404e-16
7300.95 6.5195e-16
7302.475 6.641e-16
7304.0 6.7242e-16
7305.525 6.7206e-16
7307.05 6.6037e-16
7308.575 6.5583e-16
7310.1 6.7037e-16
7311.625 6.7622e-16
7313.15 6.7723e-16
7314.675 6.81e-16
7316.2 6.6799e-16
7317.725 6.6766e-16
7319.25 6.8537e-16
7320.775 6.6978e-16
7322.3 6.54e-16
7323.825 6.6619e-16
7325.35 6.7828e-16
7326.875 6.8555e-16
7328.4 6.7955e-16
7329.925 6.5908e-16
7331.45 6.4603e-16
7332.975 6.5083e-16
7334.5 6.5959e-16
7336.025 6.6691e-16
7337.55 6.7027e-16
7339.075 6.7728e-16
7340.6 6.7462e-16
7342.125 6.5608e-16
7343.65 6.5305e-16
7345.175 6.6916e-16
7346.7 6.8379e-16
7348.225 6.8329e-16
7349.75 6.7969e-16
7351.275 6.7275e-16
7352.8 6.6424e-16
7354.325 6.6262e-16
7355.85 6.7403e-16
7357.375 6.7958e-16
7358.9 6.756e-16
7360.425 7.067e-16
7361.95 7.0373e-16
7363.475 6.644e-16
7365.0 6.6395e-16
7366.525 6.822e-16
7368.05 6.7329e-16
7369.575 6.7521e-16
7371.1 6.7768e-16
7372.625 6.6814e-16
7374.15 6.7671e-16
7375.675 6.6781e-16
7377.2 6.5803e-16
7378.725 6.5788e-16
7380.25 6.5737e-16
7381.775 6.581e-16
7383.3 6.6077e-16
7384.825 6.643e-16
7386.35 6.6964e-16
7387.875 6.8215e-16
7389.4 6.6563e-16
7390.925 6.5626e-16
7392.45 6.6699e-16
7393.975 6.5787e-16
7395.5 6.6402e-16
7397.025 7.9585e-16
7398.55 9.36e-16
7400.075 7.9411e-16
7401.6 6.8164e-16
7403.125 6.7062e-16
7404.65 6.7994e-16
7406.175 6.8516e-16
7407.7 6.819e-16
7409.225 6.7197e-16
7410.75 6.6023e-16
7412.275 6.4921e-16
7413.8 6.6483e-16
7415.325 6.8779e-16
7416.85 6.8939e-16
7418.375 6.9343e-16
7419.9 6.9121e-16
7421.425 6.8447e-16
7422.95 6.7193e-16
7424.475 6.6723e-16
7426.0 6.8107e-16
7427.525 6.7658e-16
7429.05 6.7877e-16
7430.575 6.8259e-16
7432.1 6.6442e-16
7433.625 6.7894e-16
7435.15 6.8301e-16
7436.675 6.8132e-16
7438.2 6.8997e-16
7439.725 6.8118e-16
7441.25 6.7128e-16
7442.775 6.8579e-16
7444.3 6.9334e-16
7445.825 6.8225e-16
7447.35 6.8367e-16
7448.875 6.9952e-16
7450.4 7.0748e-16
7451.925 7.0247e-16
7453.45 6.9825e-16
7454.975 7.0885e-16
7456.5 6.9645e-16
7458.025 6.9403e-16
7459.55 7.2047e-16
7461.075 7.2479e-16
7462.6 7.1307e-16
7464.125 7.1781e-16
7465.65 7.2211e-16
7467.175 7.1711e-16
7468.7 7.1598e-16
7470.225 7.2e-16
7471.75 7.2249e-16
7473.275 7.1001e-16
7474.8 7.013e-16
7476.325 7.105e-16
7477.85 7.1233e-16
7479.375 7.0989e-16
7480.9 7.0767e-16
7482.425 7.0863e-16
7483.95 7.3066e-16
7485.475 7.3372e-16
7487.0 7.0967e-16
7488.525 7.0806e-16
7490.05 7.1031e-16
7491.575 7.1146e-16
7493.1 7.3487e-16
7494.625 7.4787e-16
7496.15 7.3744e-16
7497.675 7.2489e-16
7499.2 7.1898e-16
7500.725 7.2813e-16
7502.25 7.301e-16
7503.775 7.182e-16
7505.3 7.2165e-16
7506.825 7.2723e-16
7508.35 7.4071e-16
7509.875 7.5297e-16
7511.4 7.5519e-16
7512.925 7.449e-16
7514.45 7.3678e-16
7515.975 7.3604e-16
7517.5 7.4445e-16
7519.025 7.4797e-16
7520.55 7.3578e-16
7522.075 7.4169e-16
7523.6 7.6592e-16
7525.125 7.6646e-16
7526.65 7.5338e-16
7528.175 7.4186e-16
7529.7 7.4224e-16
7531.225 7.2945e-16
7532.75 7.3188e-16
7534.275 7.4133e-16
7535.8 7.6249e-16
7537.325 7.5994e-16
7538.85 7.4729e-16
7540.375 7.4309e-16
7541.9 7.4443e-16
7543.425 7.4906e-16
7544.95 7.5439e-16
7546.475 7.6801e-16
7548.0 7.7631e-16
7549.525 7.7206e-16
7551.05 7.5355e-16
7552.575 7.51e-16
7554.1 7.5724e-16
7555.625 7.6299e-16
7557.15 7.7465e-16
7558.675 7.765e-16
7560.2 7.747e-16
7561.725 7.8935e-16
7563.25 7.805e-16
7564.775 7.7673e-16
7566.3 7.8907e-16
7567.825 7.8934e-16
7569.35 7.8111e-16
7570.875 7.6669e-16
7572.4 7.6509e-16
7573.925 7.7655e-16
7575.45 7.8219e-16
7576.975 7.7143e-16
7578.5 7.8633e-16
7580.025 7.9656e-16
7581.55 7.8123e-16
7583.075 7.7072e-16
7584.6 7.7895e-16
7586.125 7.8064e-16
7587.65 7.7672e-16
7589.175 7.6377e-16
7590.7 7.5601e-16
7592.225 7.4387e-16
7593.75 7.0259e-16
7595.275 7.0558e-16
7596.8 7.3003e-16
7598.325 7.5922e-16
7599.85 6.8361e-16
7601.375 6.3736e-16
7602.9 6.9818e-16
7604.425 6.73e-16
7605.95 6.2581e-16
7607.475 6.5717e-16
7609.0 7.0754e-16
7610.525 7.2294e-16
7612.05 7.421e-16
7613.575 7.8769e-16
7615.1 7.8858e-16
7616.625 7.7642e-16
7618.15 7.751e-16
7619.675 7.7242e-16
7621.2 7.709e-16
7622.725 7.6475e-16
7624.25 7.5188e-16
7625.775 7.6848e-16
7627.3 7.7146e-16
7628.825 7.4808e-16
7630.35 7.4152e-16
7631.875 7.3106e-16
7633.4 7.5555e-16
7634.925 7.9234e-16
7636.45 7.7054e-16
7637.975 7.4109e-16
7639.5 7.6194e-16
7641.025 7.7523e-16
7642.55 7.7483e-16
7644.075 8.0336e-16
7645.6 8.1217e-16
7647.125 7.957e-16
7648.65 7.9035e-16
7650.175 7.7747e-16
7651.7 7.7313e-16
7653.225 8.049e-16
7654.75 8.1848e-16
7656.275 7.7626e-16
7657.8 7.7775e-16
7659.325 8.1791e-16
7660.85 8.0906e-16
7662.375 8.0637e-16
7663.9 8.3413e-16
7665.425 8.2461e-16
7666.95 7.838e-16
7668.475 7.8503e-16
7670.0 8.108e-16
7671.525 8.2297e-16
7673.05 7.9702e-16
7674.575 7.9048e-16
7676.1 8.1551e-16
7677.625 8.2349e-16
7679.15 8.1771e-16
7680.675 8.0334e-16
7682.2 7.916e-16
7683.725 7.8806e-16
7685.25 8.0674e-16
7686.775 7.9933e-16
7688.3 7.8343e-16
7689.825 7.9123e-16
7691.35 7.87e-16
7692.875 7.8021e-16
7694.4 7.7494e-16
7695.925 7.7589e-16
7697.45 7.8021e-16
7698.975 7.9289e-16
7700.5 7.8351e-16
7702.025 7.9004e-16
7703.55 7.9207e-16
7705.075 7.9673e-16
7706.6 7.7962e-16
7708.125 7.7237e-16
7709.65 7.91e-16
7711.175 7.9281e-16
7712.7 7.6942e-16
7714.225 7.6002e-16
7715.75 7.621e-16
7717.275 7.8298e-16
7718.8 7.8577e-16
7720.325 7.786e-16
7721.85 7.9231e-16
7723.375 7.8904e-16
7724.9 7.7394e-16
7726.425 7.8356e-16
7727.95 7.8791e-16
7729.475 7.7028e-16
7731.0 7.6828e-16
7732.525 7.6737e-16
7734.05 7.6281e-16
7735.575 7.7833e-16
7737.1 7.7996e-16
7738.625 7.6902e-16
7740.15 7.7883e-16
7741.675 7.7323e-16
7743.2 7.7615e-16
7744.725 7.7504e-16
7746.25 7.6833e-16
7747.775 7.7498e-16
7749.3 7.8521e-16
7750.825 7.8455e-16
7752.35 7.7806e-16
7753.875 7.7596e-16
7755.4 7.7067e-16
7756.925 7.5237e-16
7758.45 7.458e-16
7759.975 7.4624e-16
7761.5 7.5774e-16
7763.025 7.7338e-16
7764.55 7.825e-16
7766.075 7.9619e-16
7767.6 7.8757e-16
7769.125 7.7307e-16
7770.65 7.734e-16
7772.175 7.7931e-16
7773.7 7.8576e-16
7775.225 7.8538e-16
7776.75 7.7789e-16
7778.275 7.6566e-16
7779.8 7.7802e-16
7781.325 7.901e-16
7782.85 7.7934e-16
7784.375 7.735e-16
7785.9 7.7159e-16
7787.425 7.6765e-16
7788.95 7.6716e-16
7790.475 7.8465e-16
7792.0 7.67e-16
7793.525 7.5107e-16
7795.05 7.694e-16
7796.575 7.6126e-16
7798.1 7.5447e-16
7799.625 7.7512e-16
7801.15 7.6675e-16
7802.675 7.5271e-16
7804.2 7.5036e-16
7805.725 7.5739e-16
7807.25 7.5559e-16
7808.775 7.5286e-16
7810.3 7.7411e-16
7811.825 7.7309e-16
7813.35 7.5696e-16
7814.875 7.436e-16
7816.4 7.2501e-16
7817.925 7.227e-16
7819.45 7.1631e-16
7820.975 7.2423e-16
7822.5 7.4666e-16
7824.025 7.425e-16
7825.55 7.313e-16
7827.075 7.4637e-16
7828.6 7.4725e-16
7830.125 7.4707e-16
7831.65 7.6806e-16
7833.175 7.5988e-16
7834.7 7.3962e-16
7836.225 7.5551e-16
7837.75 7.6181e-16
7839.275 7.3032e-16
7840.8 7.2484e-16
7842.325 7.467e-16
7843.85 7.4738e-16
7845.375 7.4416e-16
7846.9 7.3574e-16
7848.425 7.3774e-16
7849.95 7.6035e-16
7851.475 7.7085e-16
7853.0 7.5079e-16
7854.525 7.3929e-16
7856.05 7.2777e-16
7857.575 7.3275e-16
7859.1 7.4879e-16
7860.625 7.515e-16
7862.15 7.2459e-16
7863.675 7.1933e-16
7865.2 7.3785e-16
7866.725 7.3556e-16
7868.25 7.1809e-16
7869.775 7.2656e-16
7871.3 7.3477e-16
7872.825 7.2011e-16
7874.35 7.1428e-16
7875.875 7.0808e-16
7877.4 7.0323e-16
7878.925 7.1166e-16
7880.45 7.2606e-16
7881.975 7.2457e-16
7883.5 7.0524e-16
7885.025 7.0934e-16
7886.55 7.2567e-16
7888.075 7.2392e-16
7889.6 7.3096e-16
7891.125 7.3033e-16
7892.65 7.1205e-16
7894.175 7.0249e-16
7895.7 7.0847e-16
7897.225 7.1985e-16
7898.75 7.1409e-16
7900.275 7.0738e-16
7901.8 7.1331e-16
7903.325 7.0906e-16
7904.85 6.9674e-16
7906.375 7.1219e-16
7907.9 7.2885e-16
7909.425 7.2547e-16
7910.95 7.0943e-16
7912.475 6.9475e-16
7914.0 7.1538e-16
7915.525 7.112e-16
7917.05 6.9211e-16
7918.575 6.886e-16
7920.1 6.8221e-16
7921.625 6.8495e-16
7923.15 7.0745e-16
7924.675 6.9428e-16
7926.2 6.8661e-16
7927.725 6.943e-16
7929.25 7.0447e-16
7930.775 7.0513e-16
7932.3 7.0584e-16
7933.825 7.0039e-16
7935.35 6.9102e-16
7936.875 6.8418e-16
7938.4 6.8008e-16
7939.925 7.0429e-16
7941.45 7.1231e-16
7942.975 6.9606e-16
7944.5 6.8346e-16
7946.025 6.9417e-16
7947.55 6.8915e-16
7949.075 6.5564e-16
7950.6 6.717e-16
7952.125 6.9175e-16
7953.65 6.817e-16
7955.175 6.8128e-16
7956.7 6.9528e-16
7958.225 6.7977e-16
7959.75 6.789e-16
7961.275 7.0544e-16
7962.8 7.2016e-16
7964.325 7.0802e-16
7965.85 6.8822e-16
7967.375 6.759e-16
7968.9 6.7766e-16
7970.425 6.6627e-16
7971.95 6.7998e-16
7973.475 7.02e-16
7975.0 6.7742e-16
7976.525 6.6748e-16
7978.05 7.0265e-16
7979.575 6.9285e-16
7981.1 6.7716e-16
7982.625 6.9732e-16
7984.15 6.9408e-16
7985.675 6.7799e-16
7987.2 6.6963e-16
7988.725 6.6046e-16
7990.25 6.8419e-16
7991.775 6.8565e-16
7993.3 7.0077e-16
7994.825 7.1208e-16
7996.35 6.8949e-16
7997.875 6.7086e-16
7999.4 6.7509e-16
8000.925 6.8213e-16
8002.45 6.7111e-16
8003.975 6.7522e-16
8005.5 6.817e-16
8007.025 6.8247e-16
8008.55 6.7932e-16
8010.075 6.677e-16
8011.6 6.6173e-16
8013.125 6.6559e-16
8014.65 6.6053e-16
8016.175 6.5795e-16
8017.7 6.5293e-16
8019.225 6.5082e-16
8020.75 6.5718e-16
8022.275 6.5701e-16
8023.8 6.6715e-16
8025.325 6.7606e-16
8026.85 6.681e-16
8028.375 6.7211e-16
8029.9 6.8014e-16
8031.425 6.6422e-16
8032.95 6.4811e-16
8034.475 6.474e-16
8036.0 6.5401e-16
8037.525 6.6468e-16
8039.05 6.6195e-16
8040.575 6.5944e-16
8042.1 6.576e-16
8043.625 6.4929e-16
8045.15 6.6621e-16
8046.675 6.7356e-16
8048.2 6.6008e-16
8049.725 6.6622e-16
8051.25 6.8556e-16
8052.775 6.9406e-16
8054.3 6.865e-16
8055.825 6.6477e-16
8057.35 6.6148e-16
8058.875 6.6863e-16
8060.4 6.7688e-16
8061.925 6.5649e-16
8063.45 6.3646e-16
8064.975 6.4793e-16
8066.5 6.5667e-16
8068.025 6.5083e-16
8069.55 6.534e-16
8071.075 6.7059e-16
8072.6 6.8908e-16
8074.125 6.861e-16
8075.65 6.7373e-16
8077.175 6.6952e-16
8078.7 6.5879e-16
8080.225 6.5793e-16
8081.75 6.7008e-16
8083.275 6.6159e-16
8084.8 6.7894e-16
8086.325 6.8837e-16
8087.85 6.6658e-16
8089.375 6.5319e-16
8090.9 6.5512e-16
8092.425 6.6025e-16
8093.95 6.7168e-16
8095.475 6.7418e-16
8097.0 6.7764e-16
8098.525 6.7014e-16
8100.05 6.5967e-16
8101.575 6.6719e-16
8103.1 6.7426e-16
8104.625 6.6855e-16
8106.15 6.6371e-16
8107.675 6.6952e-16
8109.2 6.7382e-16
8110.725 6.7079e-16
8112.25 6.6832e-16
8113.775 6.6015e-16
8115.3 6.7104e-16
8116.825 6.7096e-16
8118.35 6.6843e-16
8119.875 6.724e-16
8121.4 6.592e-16
8122.925 6.5967e-16
8124.45 6.753e-16
8125.975 6.6001e-16
8127.5 6.3623e-16
8129.025 6.5496e-16
8130.55 6.7324e-16
8132.075 6.7202e-16
8133.6 6.5219e-16
8135.125 6.3721e-16
8136.65 6.411e-16
8138.175 6.4651e-16
8139.7 6.4434e-16
8141.225 6.4556e-16
8142.75 6.5843e-16
8144.275 6.6891e-16
8145.8 6.5325e-16
8147.325 6.3758e-16
8148.85 6.4786e-16
8150.375 6.6565e-16
8151.9 6.6664e-16
8153.425 6.5186e-16
8154.95 6.5156e-16
8156.475 6.6704e-16
8158.0 6.5105e-16
8159.525 6.2202e-16
8161.05 6.4333e-16
8162.575 6.7263e-16
8164.1 6.7345e-16
8165.625 6.6204e-16
8167.15 6.5351e-16
8168.675 6.6135e-16
8170.2 6.7015e-16
8171.725 6.6391e-16
8173.25 6.4927e-16
8174.775 6.3947e-16
8176.3 6.5199e-16
8177.825 6.6e-16
8179.35 6.5223e-16
8180.875 6.5378e-16
8182.4 6.632e-16
8183.925 6.6491e-16
8185.45 6.5171e-16
8186.975 6.5458e-16
8188.5 6.5551e-16
8190.025 6.4384e-16
8191.55 6.3624e-16
8193.075 6.4882e-16
8194.6 6.5905e-16
8196.125 6.627e-16
8197.65 6.549e-16
8199.175 6.6657e-16
8200.7 6.6999e-16
8202.225 6.7037e-16
8203.75 6.9624e-16
8205.275 7.1208e-16
8206.8 7.0443e-16
8208.325 6.7628e-16
8209.85 6.5289e-16
8211.375 6.7524e-16
8212.9 6.8695e-16
8214.425 6.7267e-16
8215.95 6.6565e-16
8217.475 6.7861e-16
8219.0 6.8007e-16
8220.525 6.8313e-16
8222.05 6.8512e-16
8223.575 6.7783e-16
8225.1 6.8708e-16
8226.625 7.0608e-16
8228.15 6.8967e-16
8229.675 6.9227e-16
8231.2 6.9239e-16
8232.725 6.7818e-16
8234.25 6.875e-16
8235.775 7.0098e-16
8237.3 7.0464e-16
8238.825 7.1317e-16
8240.35 7.0921e-16
8241.875 6.8397e-16
8243.4 6.7759e-16
8244.925 6.7419e-16
8246.45 6.7728e-16
8247.975 6.9144e-16
8249.5 6.9017e-16
8251.025 6.8022e-16
8252.55 6.7192e-16
8254.075 6.7279e-16
8255.6 6.7599e-16
8257.125 6.8277e-16
8258.65 6.7515e-16
8260.175 6.618e-16
8261.7 6.7046e-16
8263.225 6.8087e-16
8264.75 6.7569e-16
8266.275 6.6819e-16
8267.8 6.5584e-16
8269.325 6.535e-16
8270.85 6.6133e-16
8272.375 6.5193e-16
8273.9 6.5301e-16
8275.425 6.734e-16
8276.95 6.7203e-16
8278.475 6.6078e-16
8280.0 6.7474e-16
8281.525 6.8359e-16
8283.05 6.715e-16
8284.575 6.6796e-16
8286.1 6.658e-16
8287.625 6.6337e-16
8289.15 6.7291e-16
8290.675 6.6738e-16
8292.2 6.6066e-16
8293.725 6.7928e-16
8295.25 6.804e-16
8296.775 6.71e-16
8298.3 6.6923e-16
8299.825 6.8277e-16
8301.35 6.7228e-16
8302.875 6.579e-16
8304.4 6.5309e-16
8305.925 6.4596e-16
8307.45 6.6355e-16
8308.975 6.7482e-16
8310.5 6.7711e-16
8312.025 6.8913e-16
8313.55 6.8628e-16
8315.075 6.7271e-16
8316.6 6.6721e-16
8318.125 6.6265e-16
8319.65 6.6064e-16
8321.175 6.7303e-16
8322.7 6.7534e-16
8324.225 6.8445e-16
8325.75 6.9001e-16
8327.275 6.745e-16
8328.8 6.777e-16
8330.325 6.5654e-16
8331.85 6.4691e-16
8333.375 6.5704e-16
8334.9 6.6514e-16
8336.425 6.7441e-16
8337.95 6.6914e-16
8339.475 6.7501e-16
8341.0 6.8733e-16
8342.525 6.934e-16
8344.05 6.9265e-16
8345.575 6.924e-16
8347.1 6.9854e-16
8348.625 6.8454e-16
8350.15 6.7965e-16
8351.675 6.8932e-16
8353.2 6.8088e-16
8354.725 6.4843e-16
8356.25 6.3871e-16
8357.775 6.6261e-16
8359.3 6.8426e-16
8360.825 6.8267e-16
8362.35 6.8225e-16
8363.875 6.8397e-16
8365.4 6.8353e-16
8366.925 6.738e-16
8368.45 6.7459e-16
8369.975 6.8413e-16
8371.5 6.819e-16
8373.025 6.8238e-16
8374.55 6.688e-16
8376.075 6.5987e-16
8377.6 6.6044e-16
8379.125 6.6282e-16
8380.65 6.7348e-16
8382.175 6.7422e-16
8383.7 6.721e-16
8385.225 6.6803e-16
8386.75 6.4963e-16
8388.275 6.3675e-16
8389.8 6.423e-16
8391.325 6.5494e-16
8392.85 6.5719e-16
8394.375 6.4206e-16
8395.9 6.4029e-16
8397.425 6.806e-16
8398.95 7.1787e-16
8400.475 6.9901e-16
8402.0 6.6866e-16
8403.525 6.6963e-16
8405.05 6.6654e-16
8406.575 6.5557e-16
8408.1 6.7305e-16
8409.625 6.7934e-16
8411.15 6.4339e-16
8412.675 6.4128e-16
8414.2 6.6637e-16
8415.725 6.7151e-16
8417.25 6.7177e-16
8418.775 6.8116e-16
8420.3 6.7288e-16
8421.825 6.6491e-16
8423.35 6.5938e-16
8424.875 6.5782e-16
8426.4 6.6331e-16
8427.925 6.7973e-16
8429.45 6.925e-16
8430.975 6.8286e-16
8432.5 6.7751e-16
8434.025 6.8194e-16
8435.55 6.6186e-16
8437.075 6.5381e-16
8438.6 6.571e-16
8440.125 6.5751e-16
8441.65 6.6266e-16
8443.175 6.5129e-16
8444.7 6.4916e-16
8446.225 6.6248e-16
8447.75 6.6899e-16
8449.275 6.7647e-16
8450.8 6.6472e-16
8452.325 6.5339e-16
8453.85 6.6935e-16
8455.375 6.7418e-16
8456.9 6.682e-16
8458.425 6.6879e-16
8459.95 6.5961e-16
8461.475 6.5457e-16
8463.0 6.685e-16
8464.525 6.8466e-16
8466.05 6.7033e-16
8467.575 6.5513e-16
8469.1 6.6348e-16
8470.625 6.6709e-16
8472.15 6.7379e-16
8473.675 6.5902e-16
8475.2 6.359e-16
8476.725 6.4555e-16
8478.25 6.6e-16
8479.775 6.4061e-16
8481.3 6.4097e-16
8482.825 6.5089e-16
8484.35 6.5547e-16
8485.875 6.516e-16
8487.4 6.5903e-16
8488.925 6.5719e-16
8490.45 6.4909e-16
8491.975 6.4952e-16
8493.5 6.3691e-16
8495.025 6.337e-16
8496.55 6.3907e-16
8498.075 6.4492e-16
8499.6 6.4201e-16
8501.125 6.37e-16
8502.65 6.4449e-16
8504.175 6.5878e-16
8505.7 6.6926e-16
8507.225 6.617e-16
8508.75 6.4985e-16
8510.275 6.4741e-16
8511.8 6.4416e-16
8513.325 6.434e-16
8514.85 6.5994e-16
8516.375 6.6539e-16
8517.9 6.4881e-16
8519.425 6.2767e-16
8520.95 6.2681e-16
8522.475 6.4416e-16
8524.0 6.4095e-16
8525.525 6.466e-16
8527.05 6.6513e-16
8528.575 6.6401e-16
8530.1 6.3595e-16
8531.625 6.293e-16
8533.15 6.3786e-16
8534.675 6.3949e-16
8536.2 6.333e-16
8537.725 6.2564e-16
8539.25 6.3082e-16
8540.775 6.3178e-16
8542.3 6.2948e-16
8543.825 6.3774e-16
8545.35 6.5082e-16
8546.875 6.4173e-16
8548.4 6.2043e-16
8549.925 6.1322e-16
8551.45 6.1131e-16
8552.975 6.311e-16
8554.5 6.3308e-16
8556.025 6.2715e-16
8557.55 6.1157e-16
8559.075 6.1696e-16
8560.6 6.2177e-16
8562.125 6.2079e-16
8563.65 6.2332e-16
8565.175 6.2774e-16
8566.7 6.3919e-16
8568.225 6.2545e-16
8569.75 6.2168e-16
8571.275 6.2789e-16
8572.8 6.2474e-16
8574.325 6.2851e-16
8575.85 6.4043e-16
8577.375 6.2204e-16
8578.9 6.1742e-16
8580.425 6.2959e-16
8581.95 6.2288e-16
8583.475 6.0776e-16
8585.0 6.1151e-16
8586.525 6.0969e-16
8588.05 6.044e-16
8589.575 6.1223e-16
8591.1 6.0883e-16
8592.625 6.0146e-16
8594.15 6.245e-16
8595.675 6.2658e-16
8597.2 5.9884e-16
8598.725 6.0116e-16
8600.25 6.1717e-16
8601.775 6.3047e-16
8603.3 6.206e-16
8604.825 6.0161e-16
8606.35 5.9525e-16
8607.875 6.0269e-16
8609.4 6.0918e-16
8610.925 5.9451e-16
8612.45 5.8345e-16
8613.975 5.9049e-16
8615.5 6.0904e-16
8617.025 6.0585e-16
8618.55 5.9726e-16
8620.075 6.0929e-16
8621.6 6.0396e-16
8623.125 5.8698e-16
8624.65 5.8528e-16
8626.175 5.9594e-16
8627.7 6.0335e-16
8629.225 6.1173e-16
8630.75 6.0881e-16
8632.275 5.9147e-16
8633.8 5.8486e-16
8635.325 5.6675e-16
8636.85 5.5603e-16
8638.375 5.6421e-16
8639.9 5.7267e-16
8641.425 5.7501e-16
8642.95 5.6557e-16
8644.475 5.8326e-16
8646.0 5.8186e-16
8647.525 5.6809e-16
8649.05 5.7325e-16
8650.575 5.7151e-16
8652.1 5.6431e-16
8653.625 5.6866e-16
8655.15 5.7439e-16
8656.675 5.7815e-16
8658.2 5.5845e-16
8659.725 5.452e-16
8661.25 5.6277e-16
8662.775 5.9812e-16
8664.3 5.893e-16
8665.825 5.7489e-16
8667.35 5.6935e-16
8668.875 5.7604e-16
8670.4 5.7774e-16
8671.925 5.7345e-16
8673.45 5.8415e-16
8674.975 5.7973e-16
8676.5 5.6759e-16
8678.025 5.6147e-16
8679.55 5.5563e-16
8681.075 5.6365e-16
8682.6 5.6134e-16
8684.125 5.4924e-16
8685.65 5.4429e-16
8687.175 5.5094e-16
8688.7 5.6159e-16
8690.225 5.6336e-16
8691.75 5.5781e-16
8693.275 5.5484e-16
8694.8 5.5856e-16
8696.325 5.623e-16
8697.85 5.6001e-16
8699.375 5.4383e-16
8700.9 5.3131e-16
8702.425 5.5888e-16
8703.95 5.7053e-16
8705.475 5.5278e-16
8707.0 5.367e-16
8708.525 5.2808e-16
8710.05 5.3357e-16
8711.575 5.536e-16
8713.1 5.5489e-16
8714.625 5.5517e-16
8716.15 5.6235e-16
8717.675 5.5541e-16
8719.2 5.4565e-16
8720.725 5.4648e-16
8722.25 5.5778e-16
8723.775 5.672e-16
8725.3 5.587e-16
8726.825 5.391e-16
8728.35 5.3338e-16
8729.875 5.4181e-16
8731.4 5.5308e-16
8732.925 5.5364e-16
8734.45 5.5154e-16
8735.975 5.5737e-16
8737.5 5.5316e-16
8739.025 5.3343e-16
8740.55 5.2065e-16
8742.075 5.3149e-16
8743.6 5.3774e-16
8745.125 5.3915e-16
8746.65 5.4183e-16
8748.175 5.449e-16
8749.7 5.5266e-16
8751.225 5.3641e-16
8752.75 5.382e-16
8754.275 5.5633e-16
8755.8 5.3968e-16
8757.325 5.1945e-16
8758.85 5.299e-16
8760.375 5.3432e-16
8761.9 5.3423e-16
8763.425 5.4216e-16
8764.95 5.4632e-16
8766.475 5.5101e-16
8768.0 5.358e-16
8769.525 5.1976e-16
8771.05 5.2065e-16
8772.575 5.0388e-16
8774.1 4.9547e-16
8775.625 5.5674e-16
8777.15 5.7536e-16
8778.675 5.5421e-16
8780.2 5.4216e-16
8781.725 5.3412e-16
8783.25 5.3021e-16
8784.775 5.3852e-16
8786.3 5.4522e-16
8787.825 5.3154e-16
8789.35 5.1668e-16
8790.875 5.1659e-16
8792.4 5.3575e-16
8793.925 5.2889e-16
8795.45 5.3014e-16
8796.975 5.4139e-16
8798.5 5.3585e-16
8800.025 5.3969e-16
8801.55 5.4385e-16
8803.075 5.3486e-16
8804.6 5.3209e-16
8806.125 5.3167e-16
8807.65 5.3061e-16
8809.175 5.2075e-16
8810.7 5.1511e-16
8812.225 5.1712e-16
8813.75 5.2543e-16
8815.275 5.2849e-16
8816.8 5.2483e-16
8818.325 5.2939e-16
8819.85 5.3003e-16
8821.375 5.1229e-16
8822.9 5.1804e-16
8824.425 5.4575e-16
8825.95 5.9343e-16
8827.475 5.9046e-16
8829.0 5.4695e-16
8830.525 5.2515e-16
8832.05 5.281e-16
8833.575 5.3207e-16
8835.1 5.3508e-16
8836.625 5.3243e-16
8838.15 5.2087e-16
8839.675 5.2213e-16
8841.2 5.1964e-16
8842.725 5.1357e-16
8844.25 5.2494e-16
8845.775 5.4129e-16
8847.3 5.5916e-16
8848.825 5.5363e-16
8850.35 5.2458e-16
8851.875 5.2335e-16
8853.4 5.319e-16
8854.925 5.3068e-16
8856.45 5.373e-16
8857.975 5.3709e-16
8859.5 5.3821e-16
8861.025 5.3614e-16
8862.55 5.2683e-16
8864.075 5.3653e-16
8865.6 5.5641e-16
8867.125 5.6082e-16
8868.65 5.4351e-16
8870.175 5.3695e-16
8871.7 5.4129e-16
8873.225 5.5462e-16
8874.75 5.6812e-16
8876.275 5.5001e-16
8877.8 5.4524e-16
8879.325 5.514e-16
8880.85 5.4931e-16
8882.375 5.4768e-16
8883.9 5.5865e-16
8885.425 5.8592e-16
8886.95 5.7086e-16
8888.475 5.5285e-16
8890.0 5.5072e-16
8891.525 5.5493e-16
8893.05 5.5706e-16
8894.575 5.4407e-16
8896.1 5.2434e-16
8897.625 5.3658e-16
8899.15 5.548e-16
8900.675 5.5372e-16
8902.2 5.5815e-16
8903.725 5.6495e-16
8905.25 5.5496e-16
8906.775 5.5554e-16
8908.3 5.5277e-16
8909.825 5.528e-16
8911.35 5.3308e-16
8912.875 5.2955e-16
8914.4 5.3907e-16
8915.925 5.4359e-16
8917.45 5.7999e-16
8918.975 6.2315e-16
8920.5 5.9311e-16
8922.025 5.5458e-16
8923.55 5.328e-16
8925.075 5.4346e-16
8926.6 5.6148e-16
8928.125 5.5234e-16
8929.65 5.5708e-16
8931.175 5.4296e-16
8932.7 5.3137e-16
8934.225 5.3673e-16
8935.75 5.4319e-16
8937.275 5.6398e-16
8938.8 5.7337e-16
8940.325 5.6111e-16
8941.85 5.5174e-16
8943.375 5.4832e-16
8944.9 5.4564e-16
8946.425 5.4591e-16
8947.95 5.4497e-16
8949.475 5.3917e-16
8951.0 5.2981e-16
8952.525 5.3552e-16
8954.05 5.4522e-16
8955.575 5.4534e-16
8957.1 5.595e-16
8958.625 5.6914e-16
8960.15 5.4948e-16
8961.675 5.3732e-16
8963.2 5.4748e-16
8964.725 5.5173e-16
8966.25 5.5485e-16
8967.775 5.4941e-16
8969.3 5.4623e-16
8970.825 5.628e-16
8972.35 5.6395e-16
8973.875 5.5451e-16
8975.4 5.4687e-16
8976.925 5.544e-16
8978.45 5.6234e-16
8979.975 5.5999e-16
8981.5 5.4045e-16
8983.025 5.1683e-16
8984.55 5.2125e-16
8986.075 5.4161e-16
8987.6 5.4442e-16
8989.125 5.3079e-16
8990.65 5.5574e-16
8992.175 5.7398e-16
8993.7 5.5765e-16
8995.225 5.1959e-16
8996.75 5.0486e-16
8998.275 5.3288e-16
8999.8 5.7552e-16
9001.325 5.8067e-16
9002.85 5.4752e-16
9004.375 5.2874e-16
9005.9 5.2651e-16
9007.425 5.5026e-16
9008.95 5.5916e-16
9010.475 5.5262e-16
9012.0 5.636e-16
9013.525 5.7956e-16
9015.05 5.7253e-16
9016.575 5.6463e-16
9018.1 5.5489e-16
9019.625 5.3244e-16
9021.15 5.4195e-16
9022.675 5.5657e-16
9024.2 5.4726e-16
9025.725 5.5404e-16
9027.25 5.626e-16
9028.775 5.5774e-16
9030.3 5.6126e-16
9031.825 5.6906e-16
9033.35 5.7012e-16
9034.875 5.5662e-16
9036.4 5.5785e-16
9037.925 5.4864e-16
9039.45 5.2562e-16
9040.975 5.4181e-16
9042.5 5.5981e-16
9044.025 5.5882e-16
9045.55 5.5981e-16
9047.075 5.6513e-16
9048.6 5.4393e-16
9050.125 5.2914e-16
9051.65 5.5212e-16
9053.175 5.621e-16
9054.7 5.4353e-16
9056.225 5.3339e-16
9057.75 5.281e-16
9059.275 5.2896e-16
9060.8 5.4106e-16
9062.325 5.4239e-16
9063.85 5.3414e-16
9065.375 5.4219e-16
9066.9 5.4991e-16
9068.425 5.4671e-16
9069.95 5.489e-16
9071.475 5.4136e-16
9073.0 5.3574e-16
9074.525 5.3103e-16
9076.05 5.2382e-16
9077.575 5.396e-16
9079.1 5.5157e-16
9080.625 5.3576e-16
9082.15 5.219e-16
9083.675 5.2342e-16
9085.2 5.3669e-16
9086.725 5.2872e-16
9088.25 5.183e-16
9089.775 5.319e-16
9091.3 5.401e-16
9092.825 5.3275e-16
9094.35 5.1322e-16
9095.875 5.1379e-16
9097.4 5.2447e-16
9098.925 5.3294e-16
9100.45 5.4643e-16
9101.975 5.3375e-16
9103.5 5.2707e-16
9105.025 5.3847e-16
9106.55 5.5066e-16
9108.075 5.3789e-16
9109.6 5.2869e-16
9111.125 5.2095e-16
9112.65 5.2362e-16
9114.175 5.3852e-16
9115.7 5.3756e-16
9117.225 5.4063e-16
9118.75 5.3888e-16
9120.275 5.4531e-16
9121.8 5.3988e-16
9123.325 5.4151e-16
9124.85 5.3618e-16
9126.375 5.28e-16
9127.9 5.2185e-16
9129.425 5.1695e-16
9130.95 5.1347e-16
9132.475 5.1417e-16
9134.0 5.2955e-16
9135.525 5.45e-16
9137.05 5.5226e-16
9138.575 5.4436e-16
9140.1 5.4276e-16
9141.625 5.4502e-16
9143.15 5.4915e-16
9144.675 5.441e-16
9146.2 5.3494e-16
9147.725 5.2019e-16
9149.25 5.0831e-16
9150.775 5.2662e-16
9152.3 5.2949e-16
9153.825 5.2981e-16
9155.35 5.4381e-16
9156.875 5.5037e-16
9158.4 5.4818e-16
9159.925 5.5396e-16
9161.45 5.6983e-16
9162.975 5.8238e-16
9164.5 5.5666e-16
9166.025 5.2664e-16
9167.55 5.1778e-16
9169.075 5.2657e-16
9170.6 5.4435e-16
9172.125 5.5433e-16
9173.65 5.6423e-16
9175.175 5.5881e-16
9176.7 5.6039e-16
9178.225 5.6271e-16
9179.75 5.5725e-16
9181.275 5.6339e-16
9182.8 5.6428e-16
9184.325 5.7483e-16
9185.85 5.8152e-16
9187.375 5.6328e-16
9188.9 5.4508e-16
9190.425 5.286e-16
9191.95 5.3156e-16
9193.475 5.6408e-16
9195.0 5.6743e-16
9196.525 5.4665e-16
9198.05 5.4391e-16
9199.575 5.6018e-16
9201.1 5.7079e-16
9202.625 5.8436e-16
9204.15 5.7098e-16
9205.675 5.7131e-16
9207.2 5.8528e-16
9208.725 5.7442e-16
9210.25 5.5072e-16
9211.775 5.4537e-16
9213.3 5.408e-16
9214.825 5.3821e-16
9216.35 5.4371e-16
9217.875 5.7164e-16
9219.4 5.8381e-16
9220.925 5.5982e-16
9222.45 5.5304e-16
9223.975 5.7322e-16
9225.5 5.8527e-16
9227.025 5.7855e-16
9228.55 5.9134e-16
9230.075 5.8389e-16
9231.6 5.7073e-16
9233.125 5.7869e-16
9234.65 5.7808e-16
9236.175 5.676e-16
9237.7 5.5355e-16
9239.225 5.6915e-16
9240.75 5.6003e-16
9242.275 5.6068e-16
9243.8 5.718e-16
9245.325 5.8155e-16
9246.85 5.7929e-16
9248.375 5.5728e-16
9249.9 5.5074e-16
9251.425 5.7024e-16
9252.95 5.8403e-16
9254.475 5.6645e-16
9256.0 5.5947e-16
9257.525 5.7179e-16
9259.05 5.6275e-16
9260.575 5.4339e-16
9262.1 5.5912e-16
9263.625 5.4948e-16
9265.15 5.5944e-16
9266.675 5.8983e-16
9268.2 5.6547e-16
9269.725 5.4089e-16
9271.25 5.5187e-16
9272.775 5.6152e-16
9274.3 5.6554e-16
9275.825 5.7033e-16
9277.35 5.7504e-16
9278.875 5.8031e-16
9280.4 5.7189e-16
9281.925 5.4886e-16
9283.45 5.4284e-16
9284.975 5.6142e-16
9286.5 5.7213e-16
9288.025 5.6189e-16
9289.55 5.3692e-16
9291.075 5.2803e-16
9292.6 5.2896e-16
9294.125 5.3465e-16
9295.65 5.5181e-16
9297.175 5.5785e-16
9298.7 5.7332e-16
9300.225 5.7395e-16
9301.75 5.4969e-16
9303.275 5.4519e-16
9304.8 5.6416e-16
9306.325 5.6079e-16
9307.85 5.3888e-16
9309.375 5.3604e-16
9310.9 5.4155e-16
9312.425 5.7933e-16
9313.95 5.9554e-16
9315.475 5.4258e-16
9317.0 5.21e-16
9318.525 5.1504e-16
9320.05 5.3782e-16
9321.575 5.8777e-16
9323.1 5.9284e-16
9324.625 5.8857e-16
9326.15 5.6974e-16
9327.675 5.4052e-16
9329.2 5.4246e-16
9330.725 5.1881e-16
9332.25 4.7583e-16
9333.775 4.9424e-16
9335.3 5.2691e-16
9336.825 5.3982e-16
9338.35 5.5283e-16
9339.875 5.4532e-16
9341.4 5.7188e-16
9342.925 6.3915e-16
9344.45 5.8236e-16
9345.975 5.5267e-16
9347.5 5.567e-16
9349.025 5.5609e-16
9350.55 5.4228e-16
9352.075 5.5598e-16
9353.6 5.5281e-16
9355.125 5.6903e-16
9356.65 6.2544e-16
9358.175 6.3245e-16
9359.7 5.8839e-16
9361.225 5.4819e-16
9362.75 5.3978e-16
9364.275 5.5154e-16
9365.8 5.2642e-16
9367.325 4.7752e-16
9368.85 4.5747e-16
9370.375 4.3824e-16
9371.9 3.9852e-16
9373.425 4.5407e-16
9374.95 5.9271e-16
9376.475 6.1679e-16
9378.0 5.107e-16
9379.525 4.8548e-16
9381.05 5.115e-16
9382.575 5.1573e-16
9384.1 5.2877e-16
9385.625 5.4355e-16
9387.15 5.167e-16
9388.675 4.9923e-16
9390.2 4.9383e-16
9391.725 5.0071e-16
9393.25 5.141e-16
9394.775 4.9872e-16
9396.3 4.8148e-16
9397.825 4.9409e-16
9399.35 5.0454e-16
9400.875 4.8019e-16
9402.4 4.6614e-16
9403.925 4.8348e-16
9405.45 4.8141e-16
9406.975 4.8325e-16
9408.5 5.0828e-16
9410.025 5.1044e-16
9411.55 4.9658e-16
9413.075 4.7852e-16
9414.6 4.8438e-16
9416.125 4.8282e-16
9417.65 4.5449e-16
9419.175 4.6709e-16
9420.7 4.7455e-16
9422.225 4.468e-16
9423.75 4.5166e-16
9425.275 4.5966e-16
9426.8 4.6143e-16
9428.325 4.6239e-16
9429.85 4.7905e-16
9431.375 4.8772e-16
9432.9 4.6696e-16
9434.425 4.4776e-16
9435.95 4.2836e-16
9437.475 4.2931e-16
9439.0 4.9348e-16
9440.525 4.8277e-16
9442.05 4.5988e-16
9443.575 4.5695e-16
9445.1 4.4903e-16
9446.625 4.4946e-16
9448.15 4.5702e-16
9449.675 4.4691e-16
9451.2 4.1857e-16
9452.725 4.1822e-16
9454.25 4.3814e-16
9455.775 4.5646e-16
9457.3 4.8676e-16
9458.825 4.7747e-16
9460.35 4.4785e-16
9461.875 4.5189e-16
9463.4 4.4876e-16
9464.925 4.4539e-16
9466.45 4.5379e-16
9467.975 4.4626e-16
9469.5 4.2957e-16
9471.025 4.0912e-16
9472.55 4.0121e-16
9474.075 4.5102e-16
9475.6 4.6448e-16
9477.125 4.6473e-16
9478.65 4.304e-16
9480.175 4.3916e-16
9481.7 4.5266e-16
9483.225 4.3143e-16
9484.75 4.2729e-16
9486.275 4.3039e-16
9487.8 4.4068e-16
9489.325 4.2763e-16
9490.85 3.9743e-16
9492.375 4.0136e-16
9493.9 4.1905e-16
9495.425 4.0458e-16
9496.95 3.8148e-16
9498.475 4.1338e-16
9500.0 4.6218e-16
9501.525 4.54e-16
9503.05 4.2214e-16
9504.575 4.2247e-16
9506.1 4.2868e-16
9507.625 4.1982e-16
9509.15 4.1598e-16
9510.675 4.2465e-16
9512.2 4.2102e-16
9513.725 4.1602e-16
9515.25 4.3606e-16
9516.775 4.4634e-16
9518.3 4.5072e-16
9519.825 4.623e-16
9521.35 4.566e-16
9522.875 4.2654e-16
9524.4 3.9935e-16
9525.925 4.0686e-16
9527.45 4.2831e-16
9528.975 4.2748e-16
9530.5 4.2733e-16
9532.025 4.2656e-16
9533.55 4.1129e-16
9535.075 4.2883e-16
9536.6 4.4229e-16
9538.125 4.3607e-16
9539.65 4.3159e-16
9541.175 4.4518e-16
9542.7 4.4638e-16
9544.225 4.2533e-16
9545.75 4.1003e-16
9547.275 4.1792e-16
9548.8 4.1501e-16
9550.325 4.0925e-16
9551.85 4.3808e-16
9553.375 4.3523e-16
9554.9 3.8398e-16
9556.425 3.9967e-16
9557.95 4.3485e-16
9559.475 4.4391e-16
9561.0 4.2387e-16
9562.525 3.9676e-16
9564.05 3.8437e-16
9565.575 4.2717e-16
9567.1 4.5524e-16
9568.625 4.5801e-16
9570.15 4.3828e-16
9571.675 4.2715e-16
9573.2 4.2731e-16
9574.725 4.187e-16
9576.25 4.2475e-16
9577.775 4.293e-16
9579.3 4.0654e-16
9580.825 4.4757e-16
9582.35 4.6384e-16
9583.875 4.3379e-16
9585.4 4.2297e-16
9586.925 4.1509e-16
9588.45 4.2123e-16
9589.975 4.2441e-16
9591.5 4.2672e-16
9593.025 4.1952e-16
9594.55 4.1176e-16
9596.075 4.2382e-16
9597.6 4.3129e-16
9599.125 4.5466e-16
9600.65 4.601e-16
9602.175 4.5416e-16
9603.7 4.7209e-16
9605.225 4.4726e-16
9606.75 4.2468e-16
9608.275 4.2877e-16
9609.8 4.2766e-16
9611.325 4.2895e-16
9612.85 4.4564e-16
9614.375 4.4681e-16
9615.9 4.4323e-16
9617.425 4.4488e-16
9618.95 4.5744e-16
9620.475 4.6363e-16
9622.0 4.4958e-16
9623.525 4.4019e-16
9625.05 4.53e-16
9626.575 4.6231e-16
9628.1 4.5023e-16
9629.625 4.4969e-16
9631.15 4.5977e-16
9632.675 4.4622e-16
9634.2 4.3447e-16
9635.725 4.4962e-16
9637.25 4.5513e-16
9638.775 4.6048e-16
9640.3 4.7229e-16
9641.825 4.5087e-16
9643.35 4.1687e-16
9644.875 4.3591e-16
9646.4 4.675e-16
9647.925 4.7028e-16
9649.45 4.6234e-16
9650.975 4.6026e-16
9652.5 4.5921e-16
9654.025 4.4599e-16
9655.55 4.3984e-16
9657.075 4.1987e-16
9658.6 4.3561e-16
9660.125 4.6894e-16
9661.65 4.5918e-16
9663.175 4.3807e-16
9664.7 4.4302e-16
9666.225 4.4924e-16
9667.75 4.9038e-16
9669.275 5.0373e-16
9670.8 4.8686e-16
9672.325 4.807e-16
9673.85 4.8397e-16
9675.375 4.6622e-16
9676.9 4.7286e-16
9678.425 4.9188e-16
9679.95 4.912e-16
9681.475 4.8673e-16
9683.0 4.8663e-16
9684.525 4.7447e-16
9686.05 4.6942e-16
9687.575 4.6917e-16
9689.1 4.6887e-16
9690.625 4.7044e-16
9692.15 4.8833e-16
9693.675 4.7307e-16
9695.2 4.5994e-16
9696.725 4.6703e-16
9698.25 4.92e-16
9699.775 5.0921e-16
9701.3 4.8102e-16
9702.825 4.7992e-16
9704.35 4.8219e-16
9705.875 4.6922e-16
9707.4 4.6207e-16
9708.925 4.8101e-16
9710.45 4.9982e-16
9711.975 4.9988e-16
9713.5 4.8067e-16
9715.025 4.7557e-16
9716.55 4.7635e-16
9718.075 4.7342e-16
9719.6 4.6499e-16
9721.125 4.5477e-16
9722.65 4.6578e-16
9724.175 4.7819e-16
9725.7 5.0555e-16
9727.225 5.0577e-16
9728.75 4.9347e-16
9730.275 4.854e-16
9731.8 4.9039e-16
9733.325 4.8716e-16
9734.85 4.9044e-16
9736.375 5.1249e-16
9737.9 5.0898e-16
9739.425 4.7607e-16
9740.95 4.5919e-16
9742.475 4.806e-16
9744.0 4.9807e-16
9745.525 4.8131e-16
9747.05 4.8143e-16
9748.575 4.9558e-16
9750.1 4.9275e-16
9751.625 4.9947e-16
9753.15 5.0155e-16
9754.675 5.0881e-16
9756.2 5.1022e-16
9757.725 4.941e-16
9759.25 4.7065e-16
9760.775 4.4665e-16
9762.3 4.6688e-16
9763.825 4.8637e-16
9765.35 4.9834e-16
9766.875 5.0563e-16
9768.4 5.0528e-16
9769.925 4.8515e-16
9771.45 4.6685e-16
9772.975 4.805e-16
9774.5 4.7711e-16
9776.025 4.6072e-16
9777.55 4.6463e-16
9779.075 4.7942e-16
9780.6 4.8872e-16
9782.125 4.7389e-16
9783.65 4.7095e-16
9785.175 4.8589e-16
9786.7 5.1103e-16
9788.225 5.1167e-16
9789.75 4.9472e-16
9791.275 4.9253e-16
9792.8 4.8566e-16
9794.325 5.0226e-16
9795.85 5.0595e-16
9797.375 5.0016e-16
9798.9 5.1055e-16
9800.425 4.9228e-16
9801.95 4.8655e-16
9803.475 4.9663e-16
9805.0 4.9205e-16
9806.525 5.0095e-16
9808.05 4.9198e-16
9809.575 4.8639e-16
9811.1 4.9872e-16
9812.625 4.8638e-16
9814.15 4.9889e-16
9815.675 4.9551e-16
9817.2 4.8094e-16
9818.725 4.7498e-16
9820.25 4.717e-16
9821.775 4.4337e-16
9823.3 4.3996e-16
9824.825 4.6826e-16
9826.35 4.9995e-16
9827.875 5.051e-16
9829.4 5.2361e-16
9830.925 6.3744e-16
9832.45 7.9409e-16
9833.975 8.2186e-16
9835.5 6.8736e-16
9837.025 5.6122e-16
9838.55 5.0209e-16
9840.075 4.6811e-16
9841.6 4.7901e-16
9843.125 4.7631e-16
9844.65 4.8072e-16
9846.175 5.1548e-16
9847.7 5.2745e-16
9849.225 5.1123e-16
9850.75 4.991e-16
9852.275 4.8296e-16
9853.8 4.7389e-16
9855.325 4.6582e-16
9856.85 4.7294e-16
9858.375 4.8073e-16
9859.9 4.7758e-16
9861.425 4.6724e-16
9862.95 4.5011e-16
9864.475 4.6799e-16
9866.0 4.616e-16
9867.525 4.2707e-16
9869.05 4.4362e-16
9870.575 4.8945e-16
9872.1 4.9558e-16
9873.625 4.6662e-16
9875.15 4.6065e-16
9876.675 4.7246e-16
9878.2 4.8478e-16
9879.725 4.7551e-16
9881.25 4.6372e-16
9882.775 4.8522e-16
9884.3 5.0911e-16
9885.825 4.8751e-16
9887.35 4.7219e-16
9888.875 4.7665e-16
9890.4 4.7058e-16
9891.925 4.6174e-16
9893.45 4.53e-16
9894.975 4.8418e-16
9896.5 4.796e-16
9898.025 4.5762e-16
9899.55 4.6846e-16
9901.075 4.7684e-16
9902.6 4.7039e-16
9904.125 4.6192e-16
9905.65 4.4877e-16
9907.175 4.4616e-16
9908.7 4.0045e-16
9910.225 3.8815e-16
9911.75 4.4322e-16
9913.275 4.8047e-16
9914.8 4.9816e-16
9916.325 4.4033e-16
9917.85 4.0713e-16
9919.375 4.2727e-16
9920.9 4.4606e-16
9922.425 4.1986e-16
9923.95 3.9914e-16
9925.475 4.1769e-16
9927.0 4.1939e-16
9928.525 4.4108e-16
9930.05 4.472e-16
9931.575 4.5365e-16
9933.1 4.5448e-16
9934.625 4.3449e-16
9936.15 4.304e-16
9937.675 4.3205e-16
9939.2 4.3427e-16
9940.725 4.2904e-16
9942.25 4.2435e-16
9943.775 4.2806e-16
9945.3 4.4983e-16
9946.825 4.8485e-16
9948.35 4.6992e-16
9949.875 4.2358e-16
9951.4 4.0397e-16
9952.925 4.1207e-16
9954.45 4.1869e-16
9955.975 4.298e-16
9957.5 4.3364e-16
9959.025 4.3666e-16
9960.55 4.5187e-16
9962.075 4.6849e-16
9963.6 4.5791e-16
9965.125 4.4027e-16
9966.65 4.1654e-16
9968.175 4.159e-16
9969.7 4.7386e-16
9971.225 4.9983e-16
9972.75 4.6705e-16
9974.275 4.3164e-16
9975.8 4.09e-16
9977.325 3.939e-16
9978.85 4.1354e-16
9980.375 4.219e-16
9981.9 4.0133e-16
9983.425 3.9656e-16
9984.95 4.0353e-16
9986.475 4.0338e-16
9988.0 3.9568e-16
9989.525 3.9265e-16
9991.05 4.1451e-16
9992.575 4.3305e-16
9994.1 4.2031e-16
9995.625 4.0083e-16
9997.15 3.731e-16
9998.675 3.689e-16
10000.2 3.9567e-16
10001.725 4.2815e-16
10003.25 4.6799e-16
10004.775 4.5242e-16
10006.3 4.1023e-16
10007.825 3.6758e-16
10009.35 3.2904e-16
10010.875 3.7906e-16
10012.4 4.2178e-16
10013.925 4.1814e-16
10015.45 4.1332e-16
10016.975 3.8864e-16
10018.5 3.5934e-16
10020.025 3.7491e-16
10021.55 3.8593e-16
10023.075 3.9905e-16
10024.6 4.1324e-16
10026.125 4.1756e-16
10027.65 4.0268e-16
10029.175 3.7671e-16
10030.7 3.8938e-16
10032.225 3.9819e-16
10033.75 4.1005e-16
10035.275 4.1979e-16
10036.8 4.0841e-16
10038.325 4.0969e-16
10039.85 4.297e-16
10041.375 4.2865e-16
10042.9 4.0613e-16
10044.425 3.7431e-16
10045.95 4.0773e-16
10047.475 4.1304e-16
10049.0 4.0578e-16
10050.525 3.9058e-16
10052.05 3.8815e-16
10053.575 4.0551e-16
10055.1 4.2438e-16
10056.625 4.0021e-16
10058.15 4.0918e-16
10059.675 3.9267e-16
10061.2 4.0157e-16
10062.725 4.3981e-16
10064.25 3.8781e-16
10065.775 3.3317e-16
10067.3 3.4155e-16
10068.825 3.8319e-16
10070.35 3.7975e-16
10071.875 4.0204e-16
10073.4 3.9076e-16
10074.925 3.8393e-16
10076.45 3.7323e-16
10077.975 3.1651e-16
10079.5 2.888e-16
10081.025 3.4273e-16
10082.55 4.1261e-16
10084.075 4.3057e-16
10085.6 4.1297e-16
10087.125 3.7373e-16
10088.65 3.721e-16
10090.175 3.6954e-16
10091.7 3.6577e-16
10093.225 3.7197e-16
10094.75 3.5616e-16
10096.275 3.2618e-16
10097.8 3.4136e-16
10099.325 3.5463e-16
10100.85 3.5597e-16
10102.375 3.7232e-16
10103.9 3.7502e-16
10105.425 3.6298e-16
10106.95 3.6792e-16
10108.475 3.9115e-16
10110.0 4.0446e-16
10111.525 4.0658e-16
10113.05 3.8042e-16
10114.575 3.5393e-16
10116.1 3.821e-16
10117.625 4.3571e-16
10119.15 4.122e-16
10120.675 3.3562e-16
10122.2 3.532e-16
10123.725 3.7757e-16
10125.25 3.7893e-16
10126.775 4.1243e-16
10128.3 3.9928e-16
10129.825 3.6715e-16
10131.35 3.4035e-16
10132.875 3.3185e-16
10134.4 3.4242e-16
10135.925 3.5452e-16
10137.45 3.4335e-16
10138.975 3.6505e-16
10140.5 3.7327e-16
10142.025 3.3252e-16
10143.55 3.4344e-16
10145.075 3.5339e-16
10146.6 3.2724e-16
10148.125 3.0558e-16
10149.65 2.99e-16
10151.175 2.8822e-16
10152.7 3.5653e-16
10154.225 4.1767e-16
10155.75 3.6553e-16
10157.275 3.189e-16
10158.8 3.4981e-16
10160.325 3.7999e-16
10161.85 3.7479e-16
10163.375 3.2938e-16
10164.9 3.5291e-16
10166.425 3.8404e-16
10167.95 3.2966e-16
10169.475 2.9153e-16
10171.0 3.3114e-16
10172.525 4.2428e-16
10174.05 4.0179e-16
10175.575 3.8089e-16
10177.1 3.2239e-16
10178.625 2.9635e-16
10180.15 3.567e-16
10181.675 3.6697e-16
10183.2 3.4169e-16
10184.725 3.0123e-16
10186.25 3.4284e-16
10187.775 3.8174e-16
10189.3 4.0548e-16
10190.825 3.7047e-16
10192.35 3.0729e-16
10193.875 2.8863e-16
10195.4 3.1569e-16
10196.925 3.2785e-16
10198.45 3.3615e-16
10199.975 3.1687e-16
10201.5 3.035e-16
10203.025 3.3416e-16
10204.55 3.2e-16
10206.075 3.0344e-16
10207.6 2.9968e-16
10209.125 3.2306e-16
10210.65 3.7927e-16
10212.175 3.3311e-16
10213.7 2.4465e-16
10215.225 2.5911e-16
10216.75 3.7958e-16
10218.275 4.2559e-16
10219.8 3.4937e-16
10221.325 2.653e-16
10222.85 2.606e-16
10224.375 3.2138e-16
10225.9 3.4615e-16
10227.425 3.1865e-16
10228.95 3.2023e-16
10230.475 3.0047e-16
10232.0 2.5429e-16
10233.525 2.7979e-16
10235.05 3.1958e-16
10236.575 3.11e-16
10238.1 3.1707e-16
10239.625 3.2319e-16
10241.15 3.0368e-16
10242.675 3.1897e-16
10244.2 3.6146e-16
10245.725 3.5403e-16
10247.25 3.3395e-16
10248.775 3.2702e-16
10250.3 3.3134e-16
10251.825 3.6925e-16
10253.35 3.6843e-16
10254.875 3.0349e-16
10256.4 2.722e-16
10257.925 3.0202e-16
10259.45 3.2714e-16
10260.975 3.0204e-16
10262.5 2.8048e-16
10264.025 3.1825e-16
10265.55 3.3911e-16
10267.075 3.2513e-16
10268.6 2.6137e-16
10270.125 2.2008e-16
10271.65 2.8988e-16
10273.175 3.9021e-16
10274.7 3.8115e-16
10276.225 3.4019e-16
10277.75 3.1978e-16
10279.275 3.0109e-16
10280.8 3.3704e-16
10282.325 3.0216e-16
10283.85 1.6209e-16
10285.375 1.9295e-16
10286.9 4.0067e-16
10288.425 4.0363e-16
10289.95 2.4081e-16
10291.475 2.9148e-16
10293.0 4.0872e-16
10294.525 3.2373e-16
10296.05 2.2878e-16
10297.575 2.4935e-16
10299.1 2.9119e-16
10300.625 3.478e-16
10302.15 3.7664e-16
10303.675 3.6868e-16
10305.2 3.4737e-16
10306.725 3.4632e-16
10308.25 3.3772e-16
10309.775 3.1613e-16
10311.3 1.9791e-16
10312.825 2.1604e-16
10314.35 3.3446e-16
10315.875 2.589e-16
10317.4 1.739e-16
10318.925 2.8639e-16
10320.45 3.8879e-16
10321.975 4.6272e-16
10323.5 4.7719e-16
10325.025 3.4592e-16
10326.55 3.4833e-16
10328.075 4.6405e-16
10329.6 4.36e-16
10331.125 3.4065e-16
10332.65 3.1295e-16
10334.175 2.8578e-16
10335.7 2.8993e-16
10337.225 3.6047e-16
10338.75 3.0225e-16
10340.275 2.8977e-16
10341.8 3.6272e-16
10343.325 3.0944e-16
10344.85 2.101e-16
10346.375 2.0951e-16
10347.9 2.6228e-16
10349.425 2.7951e-16
10350.95 3.1397e-16
10352.475 3.0651e-16
10354.0 2.3388e-16
10355.525 1.9426e-16
10357.05 2.3072e-16
10358.575 2.7954e-16
10360.1 3.1504e-16
10361.625 3.0361e-16
10363.15 2.4106e-16
10364.675 2.4346e-16
10366.2 2.959e-16
10367.725 2.7855e-16
10369.25 2.42e-16
10370.775 1.8323e-16
10372.3 2.2804e-16
10373.825 3.3305e-16
10375.35 3.3363e-16
10376.875 3.0816e-16
10378.4 2.6741e-16
10379.925 3.4329e-16
10381.45 4.6124e-16
10382.975 3.164e-16
10384.5 1.7971e-16
10386.025 3.0254e-16
10387.55 4.0027e-16
10389.075 3.1315e-16
10390.6 3.115e-16
10392.125 3.9829e-16
10393.65 3.3022e-16
10395.175 2.668e-16
10396.7 3.3393e-16
10398.225 3.9502e-16
10399.75 3.2035e-16
10401.275 1.6824e-16
10402.8 1.707e-16
10404.325 2.7898e-16
10405.85 2.5338e-16
10407.375 2.2381e-16
10408.9 2.0973e-16
10410.425 2.4949e-16
10411.95 2.6789e-16
10413.475 3.5968e-16
10415.0 3.7728e-16
10416.525 2.3265e-16
10418.05 9.1231e-17
10419.575 1.4383e-16
10421.1 2.9177e-16
10422.625 3.9527e-16
10424.15 3.6684e-16
10425.675 1.564e-16
10427.2 1.3262e-16
10428.725 2.5321e-16
10430.25 3.0356e-16
10431.775 1.7067e-16
10433.3 1.7907e-16
10434.825 2.4424e-16
10436.35 2.4899e-16
10437.875 3.2463e-16
10439.4 3.5299e-16
10440.925 3.3146e-16
10442.45 3.5621e-16
10443.975 2.8043e-16
10445.5 2.402e-16
10447.025 2.7243e-16
10448.55 2.092e-16
10450.075 2.5376e-16
10451.6 2.7449e-16
10453.125 2.6414e-16
10454.65 4.4386e-16
10456.175 3.2572e-16
10457.7 1.3493e-16
10459.225 2.3838e-16
10460.75 5.1402e-16
10462.275 4.2106e-16
10463.8 2.9749e-16
10465.325 3.3041e-16
10466.85 3.6547e-16
10468.375 3.818e-16
10469.9 2.8268e-16
10471.425 1.2644e-16
10472.95 9.7074e-17
10474.475 1.6586e-16
10476.0 2.2735e-16
10477.525 1.7638e-16
10479.05 9.3034e-17
10480.575 9.6184e-17
10482.1 1.8577e-16
10483.625 2.8388e-16
10485.15 2.6113e-16
10486.675 1.8428e-16
10488.2 1.9133e-16
10489.725 1.5812e-16
10491.25 1.4839e-16
10492.775 1.2698e-16
10494.3 8.1371e-17
10495.825 1.1204e-16
10497.35 2.0566e-16
10498.875 1.6712e-16
10500.4 1.1924e-16
