     4020.00      2.40707      35.7523 
     4029.20      2.54032      32.2481 
     4038.40      2.26518      28.0607 
     4047.60      2.49543      33.0185 
     4056.80      2.51166      28.7962 
     4066.00      2.47575      47.3825 
     4075.20      2.76212      38.3399 
     4084.40      2.46624      47.9971 
     4093.60      2.67381      54.8647 
     4102.80      2.49612      69.5197 
     4112.00      2.31387      30.8673 
     4121.20      2.27859      31.0920 
     4130.40      2.32808      65.4111 
     4139.60      2.40639      67.9803 
     4148.80      2.32745      71.7978 
     4158.00      2.33928      77.1891 
     4167.20      2.26520      96.6025 
     4176.40      2.11577      32.0508 
     4185.60      2.24026      46.2523 
     4194.80      2.25246      83.4857 
     4204.00      2.19517      33.7078 
     4213.20      2.19872      82.9868 
     4222.40      2.17979      46.6263 
     4231.60      2.24481      41.6517 
     4240.80      2.28987      88.1018 
     4250.00      2.20425      48.5507 
     4259.20      2.19656      51.9423 
     4268.40      2.21057      38.4704 
     4277.60      2.29706      81.9563 
     4286.80      2.15400      88.6512 
     4296.00      2.20142      89.3320 
     4305.20      2.12893      93.4160 
     4314.40      2.16204      82.6174 
     4323.60      2.11398      95.9414 
     4332.80      2.12336      90.6162 
     4342.00      2.00049      107.608 
     4351.20      1.95463      97.2760 
     4360.40      2.11303      118.137 
     4369.60      1.99295      115.502 
     4378.80      2.06198      63.5345 
     4388.00      2.05786      99.2749 
     4397.20      1.88172      54.7145 
     4406.40      1.99254      114.405 
     4415.60      2.00362      129.901 
     4424.80      1.87696      136.443 
     4434.00      1.89123      146.422 
     4443.20      1.84782      77.3048 
     4452.40      1.84451      72.7562 
     4461.60      1.97463      124.451 
     4470.80      1.84663      126.368 
     4480.00      1.91363      130.333 
     4489.20      1.93261      133.490 
     4498.40      1.89752      68.9083 
     4507.60      1.81939      152.701 
     4516.80      1.79202      159.609 
     4526.00      1.81552      148.730 
     4535.20      1.78227      151.768 
     4544.40      1.76655      155.348 
     4553.60      1.71305      92.2275 
     4562.80      1.79998      152.628 
     4572.00      1.73292      74.9636 
     4581.20      1.71462      149.459 
     4590.40      1.72434      146.455 
     4599.60      1.67712      73.6772 
     4608.80      1.65159      76.2690 
     4618.00      1.68646      183.430 
     4627.20      1.64856      87.1390 
     4636.40      1.68545      155.921 
     4645.60      1.55327      89.6691 
     4654.80      1.61923      73.3722 
     4664.00      1.66007      79.2633 
     4673.20      1.59636      100.521 
     4682.40      1.54512      175.314 
     4691.60      1.57066      213.919 
     4700.80      1.55999      90.6273 
     4710.00      1.50798      172.231 
     4719.20      1.48577      90.9066 
     4728.40      1.43558      89.0416 
     4737.60      1.42768      95.5586 
     4746.80      1.46439      94.5721 
     4756.00      1.42526      98.4053 
     4765.20      1.41801      177.200 
     4774.40      1.42960      170.116 
     4783.60      1.41384      91.7314 
     4792.80      1.38531      90.1534 
     4802.00      1.46334      176.410 
     4811.20      1.38009      118.664 
     4820.40      1.39313      190.751 
     4829.60      1.37082      130.283 
     4838.80      1.34213      111.551 
     4848.00      1.33830      119.683 
     4857.20      1.30981      187.480 
     4866.40      1.32117      186.226 
     4875.60      1.29932      106.525 
     4884.80      1.27694      115.517 
     4894.00      1.24915      114.456 
     4903.20      1.23159      122.510 
     4912.40      1.27717      117.829 
     4921.60      1.29336      112.843 
     4930.80      1.26319      112.672 
     4940.00      1.24385      127.479 
     4949.20      1.23769      192.884 
     4958.40      1.23518      189.916 
     4967.60      1.27249      204.446 
     4976.80      1.18510      127.861 
     4986.00      1.21598      113.716 
     4995.20      1.19153      120.517 
     5004.40      1.20277      114.630 
     5013.60      1.31548      174.556 
     5022.80      1.38067      114.100 
     5032.00      1.21488      188.072 
     5041.20      1.21487      108.847 
     5050.40      1.21960      121.701 
     5059.60      1.20246      151.054 
     5068.80      1.20501      125.510 
     5078.00      1.20420      176.548 
     5087.20      1.21105      116.729 
     5096.40      1.17398      122.993 
     5105.60      1.21393      192.711 
     5114.80      1.46342      126.549 
     5124.00      1.43414      133.010 
     5133.20      1.18597      119.195 
     5142.40      1.20901      122.328 
     5151.60      1.18608      137.842 
     5160.80      1.70508      184.126 
     5170.00      2.11892      125.908 
     5179.20      1.40806      151.817 
     5188.40      1.16547      143.285 
     5197.60      1.17935      222.975 
     5206.80      1.19647      230.698 
     5216.00      1.14224      160.283 
     5225.20      1.15892      169.616 
     5234.40      1.17551      189.742 
     5243.60      1.12102      151.760 
     5252.80      1.10102      172.339 
     5262.00      1.12599      173.006 
     5271.20      1.10251      145.829 
     5280.40      1.10464      164.567 
     5289.60      1.06131      162.948 
     5298.80      1.10808      175.436 
     5308.00      1.10759      192.559 
     5317.20      1.10736      167.541 
     5326.40      1.06416      186.520 
     5335.60      1.06846      192.666 
     5344.80      1.06737      185.321 
     5354.00      1.05608      194.253 
     5363.20      1.07133      189.554 
     5372.40      1.05626      195.469 
     5381.60      1.05458      174.102 
     5390.80      1.03529      186.950 
     5400.00      1.03677      180.941 
     5409.20      1.02776      170.597 
     5418.40      1.00421      189.678 
     5427.60     0.990694      190.524 
     5436.80     0.992064      190.785 
     5446.00      1.00334      181.766 
     5455.20     0.999345      200.135 
     5464.40     0.981409      205.442 
     5473.60     0.987771      192.495 
     5482.80     0.984418      190.114 
     5492.00      1.00591      194.403 
     5501.20     0.969748      191.582 
     5510.40     0.964160      199.777 
     5519.60     0.956299      196.672 
     5528.80     0.941390      197.856 
     5538.00     0.952694      213.421 
     5547.20     0.946775      228.506 
     5556.40     0.944401      229.918 
     5565.60     0.944646      391.973 
     5574.80     0.918950      1544.41 
     5584.00     0.941748      1538.96 
     5593.20     0.889590      413.414 
     5602.40     0.891542      233.909 
     5611.60     0.888670      226.484 
     5620.80     0.876614      223.931 
     5630.00     0.894091      220.769 
     5639.20     0.895161      220.863 
     5648.40     0.875345      209.550 
     5657.60     0.850331      211.190 
     5666.80     0.845198      214.161 
     5676.00     0.841969      220.388 
     5685.20     0.831764      237.152 
     5694.40     0.837636      231.359 
     5703.60     0.830212      222.825 
     5712.80     0.819917      221.693 
     5722.00     0.819993      223.917 
     5731.20     0.811587      219.481 
     5740.40     0.775786      228.490 
     5749.60     0.806198      211.751 
     5758.80     0.798782      214.671 
     5768.00     0.779698      215.141 
     5777.20     0.794318      224.867 
     5786.40     0.812660      218.422 
     5795.60     0.795227      226.878 
     5804.80     0.776891      229.265 
     5814.00     0.775664      227.790 
     5823.20     0.775183      234.493 
     5832.40     0.788034      255.485 
     5841.60     0.782941      242.267 
     5850.80     0.780096      247.573 
     5860.00     0.755752      289.260 
     5869.20     0.769193      329.554 
     5878.40     0.766148      373.110 
     5887.60     0.766621      1014.57 
     5896.80     0.757226      1265.41 
     5906.00     0.753624      733.790 
     5915.20     0.747285      373.490 
     5924.40     0.733372      370.164 
     5933.60     0.723613      367.115 
     5942.80     0.730076      360.736 
     5952.00     0.721239      352.734 
     5961.20     0.726623      335.574 
     5970.40     0.698336      323.815 
     5979.60     0.655506      315.550 
     5988.80     0.692471      311.657 
     5998.00     0.718580      299.274 
     6007.20     0.684655      284.253 
     6016.40     0.685556      272.378 
     6025.60     0.703651      245.312 
     6034.80     0.710966      260.806 
     6044.00     0.687072      248.127 
     6053.20     0.689538      224.950 
     6062.40     0.676607      232.976 
     6071.60     0.685762      233.747 
     6080.80     0.668413      220.940 
     6090.00     0.645635      196.943 
     6099.20     0.649579      232.478 
     6108.40     0.649352      245.743 
     6117.60     0.650573      232.454 
     6126.80     0.644455      226.443 
     6136.00     0.617452      255.314 
     6145.20     0.682559      263.111 
     6154.40     0.612946      248.952 
     6163.60     0.646151      223.739 
     6172.80     0.644838      255.372 
     6182.00     0.636451      292.775 
     6191.20     0.628376      224.759 
     6200.40     0.606907      231.653 
     6209.60     0.602260      237.351 
     6218.80     0.630709      288.336 
     6228.00     0.616154      344.139 
     6237.20     0.630184      405.988 
     6246.40     0.633739      382.513 
     6255.60     0.592376      322.317 
     6264.80     0.589496      397.534 
     6274.00     0.589570      318.804 
     6283.20     0.598004      334.719 
     6292.40     0.584200      1034.80 
     6301.60     0.589546      1446.66 
     6310.80     0.612949      1027.65 
     6320.00     0.585673      290.674 
     6329.20     0.582849      294.098 
     6338.40     0.591017      363.492 
     6347.60     0.595017      242.194 
     6356.80     0.602519      604.605 
     6366.00     0.558112      591.078 
     6375.20     0.584251      437.280 
     6384.40     0.579359      299.356 
     6393.60     0.547908      209.091 
     6402.80     0.574499      251.560 
     6412.00     0.569913      196.171 
     6421.20     0.560690      183.959 
     6430.40     0.585260      175.498 
     6439.60     0.543750      228.570 
     6448.80     0.563919      227.810 
     6458.00     0.557239      227.895 
     6467.20     0.567468      409.523 
     6476.40     0.547172      263.307 
     6485.60     0.520516      265.810 
     6494.80     0.515916      364.857 
     6504.00     0.549565      432.340 
     6513.20     0.535357      211.511 
     6522.40     0.519274      280.392 
     6531.60     0.523320      346.086 
     6540.80     0.527925      370.244 
     6550.00     0.510162      279.812 
     6559.20     0.500595      479.558 
     6568.40     0.510121      309.207 
     6577.60     0.539437      252.815 
     6586.80     0.521591      247.111 
     6596.00     0.507224      237.629 
     6605.20     0.493197      207.968 
     6614.40     0.507124      180.108 
     6623.60     0.490724      206.791 
     6632.80     0.492911      251.896 
     6642.00     0.484437      159.895 
     6651.20     0.495223      206.883 
     6660.40     0.485795      214.238 
     6669.60     0.487973      225.621 
     6678.80     0.700315      190.920 
     6688.00     0.479022      210.261 
     6697.20     0.481139      214.194 
     6706.40     0.437575      166.730 
     6715.60     0.481091      158.654 
     6724.80     0.495156      155.859 
     6734.00     0.472689      154.829 
     6743.20     0.488132      149.830 
     6752.40     0.483383      155.856 
     6761.60     0.545516      152.390 
     6770.80      1.06796      180.358 
     6780.00     0.865240      206.472 
     6789.20     0.495805      206.303 
     6798.40     0.488459      190.607 
     6807.60     0.481456      181.270 
     6816.80     0.474421      194.352 
     6826.00     0.443414      526.728 
     6835.20     0.454788      641.449 
     6844.40     0.483661      261.017 
     6853.60     0.480827      195.312 
     6862.80     0.404352      544.463 
     6872.00     0.381123      419.331 
     6881.20     0.401517      258.145 
     6890.40     0.398747      193.703 
     6899.60     0.401421      190.964 
     6908.80     0.427219      269.605 
     6918.00     0.429901      425.313 
     6927.20     0.466270      387.626 
     6936.40     0.497916      363.981 
     6945.60     0.473266      275.306 
     6954.80     0.449773      423.679 
     6964.00     0.437842      180.327 
     6973.20     0.432067      382.769 
     6982.40     0.467574      281.578 
     6991.60     0.449562      148.844 
     7000.80     0.414597      154.104 
     7010.00     0.414158      165.313 
     7019.20     0.429636      198.322 
     7028.40     0.442706      142.358 
     7037.60     0.420901      231.817 
     7046.80     0.424999      159.553 
     7056.00     0.415141      173.754 
     7065.20     0.446379      138.556 
     7074.40     0.441653      135.651 
     7083.60     0.438066      216.323 
     7092.80     0.421739      156.012 
     7102.00     0.435870      212.113 
     7111.20     0.445881      186.440 
     7120.40     0.434156      179.803 
     7129.60     0.436791      199.074 
     7138.80     0.454494      184.407 
     7148.00     0.450809      189.650 
     7157.20     0.440496      206.079 
     7166.40     0.411858      130.886 
     7175.60     0.425948      166.879 
     7184.80     0.414269      169.722 
     7194.00     0.382655      101.068 
     7203.20     0.358183      105.858 
     7212.40     0.402901      120.877 
     7221.60     0.391144      131.387 
     7230.80     0.383561      236.090 
     7240.00     0.424323      1043.65 
     7249.20     0.339809      500.755 
     7258.40     0.424412      306.122 
     7267.60     0.407660      313.028 
     7276.80     0.417708      730.896 
     7286.00     0.418263      630.846 
     7295.20     0.410606      472.966 
     7304.40     0.317452      265.806 
     7313.60     0.358812      373.789 
     7322.80     0.434167      578.731 
     7332.00     0.418810      678.232 
     7341.20     0.395509      802.615 
     7350.40     0.367654      349.229 
     7359.60     0.392730      560.972 
     7368.80     0.391422      496.315 
     7378.00     0.354704      395.035 
     7387.20     0.354740      177.404 
     7396.40     0.394424      539.119 
     7405.60     0.397252      336.771 
     7414.80     0.354073      135.973 
     7424.00     0.378592      124.232 
     7433.20     0.331793      167.671 
     7442.40     0.411110      222.510 
     7451.60     0.336959      109.787 
     7460.80     0.408601      193.643 
     7470.00     0.374365      210.992 
     7479.20     0.342526      354.772 
     7488.40     0.336564      273.367 
     7497.60     0.360929      164.623 
     7506.80     0.384411      132.037 
     7516.00     0.353852      296.849 
     7525.20     0.390385      403.698 
     7534.40     0.313641      192.035 
     7543.60     0.325395      160.898 
     7552.80     0.357422      165.927 
     7562.00     0.354688      177.220 
     7571.20     0.306417      287.214 
     7580.40     0.390295      270.850 
     7589.60     0.335388      183.394 
     7598.80     0.178231      134.673 
     7608.00     0.127513      119.349 
     7617.20     0.193871      133.874 
     7626.40     0.206866      168.350 
     7635.60     0.245024      121.114 
     7644.80     0.269090      105.407 
     7654.00     0.238692      127.284 
     7663.20     0.304579      130.224 
     7672.40     0.347061      110.994 
     7681.60     0.304093      112.520 
     7690.80     0.332436      131.076 
     7700.00     0.286510      201.740 
     7709.20     0.344895      528.961 
     7718.40     0.314793      587.273 
     7727.60     0.298106      291.284 
     7736.80     0.324447      189.517 
     7746.00     0.362811      415.930 
     7755.20     0.426637      468.417 
     7764.40     0.303226      259.175 
     7773.60     0.301988      199.210 
     7782.80     0.283815      281.564 
     7792.00     0.368685      284.324 
     7801.20     0.339647      273.338 
     7810.40     0.323716      303.395 
     7819.60     0.369982      306.627 
     7828.80     0.259809      230.831 
     7838.00     0.359864      171.859 
     7847.20     0.286793      369.363 
     7856.40     0.215247      405.034 
     7865.60     0.300542      308.198 
     7874.80     0.312312      261.126 
     7884.00     0.338982      235.746 
     7893.20     0.261197      164.621 
     7902.40     0.307232      208.651 
     7911.60     0.339623      332.501 
     7920.80     0.324087      338.081 
     7930.00     0.335666      158.304 
     7939.20     0.265281      123.063 
     7948.40     0.342220      92.4389 
     7957.60     0.304358      193.689 
     7966.80     0.227786      232.070 
     7976.00     0.325622      149.406 
     7985.20     0.373056      206.542 
     7994.40     0.287845      184.842 
