2458371.379400,16.635351,0.002391,NaN
2458372.355400,16.209259,0.001335,NaN
2458373.395100,16.030000,0.014647,NaN
2458380.359900,16.632807,0.003050,NaN
2458381.339600,16.744686,0.003053,NaN
2458382.343800,16.882159,0.003007,NaN
2458383.339100,17.044602,0.006701,NaN
2458384.339200,17.265896,0.006090,NaN
2458385.337700,17.488228,0.010083,NaN
2458386.336200,17.623963,0.053877,NaN
2458388.336700,18.079241,0.008295,NaN
2458389.339400,18.200055,0.014369,NaN
2458390.367000,18.342227,0.063478,NaN
2458391.344500,18.551784,0.009168,NaN
2458393.345200,18.876585,0.016103,NaN
2458394.346300,18.957782,0.014767,NaN
2458395.346200,19.200460,0.032571,NaN
2458396.349600,19.308842,0.025913,NaN
2458397.388400,19.526693,0.035272,NaN
2458407.353100,20.081203,0.062923,NaN
2458407.353700,20.238818,0.074828,NaN
2458408.317900,20.255058,0.101858,NaN
2458408.318600,20.138966,0.066032,NaN
2458409.325500,20.150862,0.085562,NaN
2458409.326200,20.335400,0.119179,NaN
