2458371.380200,16.059192,0.004411,NaN
2458372.356100,15.703731,0.003531,NaN
2458373.394400,15.793211,0.006017,NaN
2458380.360700,17.124085,0.017388,NaN
2458380.361200,17.119128,0.021821,NaN
2458381.340300,17.486332,0.029052,NaN
2458381.340900,17.589262,0.040855,NaN
2458382.344600,NaN,0.043492,17.900000
2458382.345100,17.971586,0.037448,NaN
2458383.339900,18.270393,0.060995,NaN
2458383.340400,18.270302,0.055950,NaN
2458384.340000,18.711118,0.081737,NaN
2458384.340500,18.858779,0.097307,NaN
2458385.338400,NaN,0.218627,19.300000
2458385.339000,18.887386,0.112624,NaN
2458386.336900,19.159561,0.174313,NaN
2458386.337500,NaN,0.206369,19.400000
2458388.337500,20.072158,0.216114,NaN
2458388.338000,19.911065,0.283587,NaN
2458389.340200,NaN,0.239589,19.200000
2458389.340700,NaN,0.160995,18.800000
2458390.367800,NaN,0.262017,17.300000
2458390.368300,NaN,0.222627,17.400000
2458391.345300,NaN,0.256668,19.900000
2458391.345800,20.076981,0.243205,NaN
